,pair_duration,c2-c1,h2-h1,i2-i1,n2-n1,c1,h1,i1,n1,c2,h2,i2,n2
0,0.0394088669950739,1.0,1.0,1.0,0.5,0.0,0.0,0.0,0.0,1.0,1.0,1.0,0.0
1,0.06896551724137928,0.0,0.5,0.5,0.0,1.0,0.0,0.5,1.0,0.0,0.0,0.5,0.0
2,0.11330049261083741,0.5,0.5,0.25,1.0,0.0,0.0,0.5,0.0,0.0,0.0,0.0,1.0
3,0.16256157635467977,1.0,0.5,0.5,0.5,0.0,0.0,0.0,1.0,1.0,0.0,0.0,1.0
4,0.21674876847290642,1.0,0.5,0.5,0.5,0.0,0.0,0.0,1.0,1.0,0.0,0.0,1.0
5,0.33004926108374383,0.5,1.0,0.75,0.5,1.0,0.0,0.0,1.0,1.0,1.0,0.5,1.0
6,0.2118226600985222,0.5,1.0,0.75,0.5,1.0,0.0,0.0,1.0,1.0,1.0,0.5,1.0
7,0.24137931034482757,0.5,1.0,0.75,0.5,1.0,0.0,0.0,1.0,1.0,1.0,0.5,1.0
8,0.15763546798029554,0.5,1.0,0.75,0.5,1.0,0.0,0.0,1.0,1.0,1.0,0.5,1.0
9,0.11330049261083741,0.5,1.0,0.25,1.0,1.0,0.0,0.5,0.0,1.0,1.0,0.0,1.0
10,0.08866995073891626,0.0,0.5,0.5,0.5,1.0,1.0,0.5,0.0,0.0,1.0,0.5,0.0
11,0.04926108374384236,1.0,0.5,0.25,0.5,0.0,1.0,0.5,0.0,1.0,1.0,0.0,0.0
12,0.014778325123152691,0.5,0.0,0.75,0.5,1.0,1.0,0.0,0.0,1.0,0.0,0.5,0.0
13,0.0788177339901478,0.0,0.5,0.75,0.5,1.0,0.0,0.5,0.0,0.0,0.0,1.0,0.0
14,0.05418719211822659,0.0,0.5,0.75,0.5,1.0,0.0,0.5,0.0,0.0,0.0,1.0,0.0
15,0.08866995073891626,0.5,0.5,0.0,1.0,0.0,0.0,1.0,0.0,0.0,0.0,0.0,1.0
16,0.09359605911330049,0.5,0.5,0.0,1.0,0.0,0.0,1.0,0.0,0.0,0.0,0.0,1.0
17,0.2118226600985222,0.5,0.5,0.75,0.5,0.0,0.0,0.0,1.0,0.0,0.0,0.5,1.0
18,0.1724137931034483,0.5,0.5,0.75,0.5,0.0,0.0,0.0,1.0,0.0,0.0,0.5,1.0
19,0.24137931034482757,0.5,1.0,0.75,0.5,0.0,0.0,0.5,1.0,0.0,1.0,1.0,1.0
20,0.1527093596059113,1.0,0.5,0.5,0.0,0.0,0.0,0.0,1.0,1.0,0.0,0.0,0.0
21,0.21674876847290642,0.5,0.0,0.75,0.5,1.0,1.0,0.0,1.0,1.0,0.0,0.5,1.0
22,0.3054187192118227,0.5,0.0,0.75,0.5,1.0,1.0,0.0,1.0,1.0,0.0,0.5,1.0
23,0.23645320197044334,0.0,0.5,0.5,0.5,1.0,0.0,0.5,1.0,0.0,0.0,0.5,1.0
24,0.17733990147783252,0.5,1.0,0.5,0.5,0.0,0.0,0.5,1.0,0.0,1.0,0.5,1.0
25,0.25615763546798026,0.5,1.0,0.5,0.5,1.0,0.0,1.0,1.0,1.0,1.0,1.0,1.0
26,0.0788177339901478,0.0,0.5,0.5,0.5,1.0,0.0,0.5,0.0,0.0,0.0,0.5,0.0
27,0.029556650246305383,0.0,0.5,0.5,0.5,1.0,0.0,0.5,0.0,0.0,0.0,0.5,0.0
28,0.09359605911330049,1.0,0.5,0.75,0.5,0.0,0.0,0.5,0.0,1.0,0.0,1.0,0.0
29,0.05911330049261082,1.0,0.5,0.75,0.5,0.0,0.0,0.5,0.0,1.0,0.0,1.0,0.0
30,0.0,1.0,0.5,0.75,0.5,0.0,0.0,0.5,0.0,1.0,0.0,1.0,0.0
31,0.0788177339901478,1.0,0.5,1.0,0.5,0.0,1.0,0.0,0.0,1.0,1.0,1.0,0.0
32,0.03448275862068967,1.0,0.5,1.0,0.5,0.0,1.0,0.0,0.0,1.0,1.0,1.0,0.0
33,0.09359605911330049,0.0,0.5,0.25,0.5,1.0,1.0,1.0,0.0,0.0,1.0,0.5,0.0
34,0.05911330049261082,0.0,0.5,0.25,0.5,1.0,1.0,1.0,0.0,0.0,1.0,0.5,0.0
35,0.12807881773399016,1.0,0.0,0.75,1.0,0.0,1.0,0.5,0.0,1.0,0.0,1.0,1.0
36,0.11822660098522164,1.0,0.0,0.75,1.0,0.0,1.0,0.5,0.0,1.0,0.0,1.0,1.0
37,0.20197044334975373,0.5,0.5,0.25,0.5,1.0,0.0,1.0,1.0,1.0,0.0,0.5,1.0
38,0.20197044334975373,0.0,1.0,0.5,0.5,1.0,0.0,0.5,1.0,0.0,1.0,0.5,1.0
39,0.22167487684729065,0.5,0.5,1.0,0.5,1.0,1.0,0.0,1.0,1.0,1.0,1.0,1.0
40,0.1970443349753695,0.5,0.5,1.0,0.5,1.0,1.0,0.0,1.0,1.0,1.0,1.0,1.0
41,0.2315270935960591,0.5,0.5,1.0,0.5,1.0,1.0,0.0,1.0,1.0,1.0,1.0,1.0
42,0.1970443349753695,0.5,0.5,0.25,0.0,1.0,1.0,1.0,1.0,1.0,1.0,0.5,0.0
43,0.024630541871921152,0.5,0.5,0.75,0.5,1.0,1.0,0.5,0.0,1.0,1.0,1.0,0.0
44,0.11330049261083741,1.0,0.5,0.25,1.0,0.0,1.0,0.5,0.0,1.0,1.0,0.0,1.0
45,0.18719211822660098,0.0,0.5,1.0,0.0,1.0,1.0,0.0,1.0,0.0,1.0,1.0,0.0
46,0.12315270935960587,0.0,0.5,1.0,0.0,1.0,1.0,0.0,1.0,0.0,1.0,1.0,0.0
47,0.12315270935960587,0.5,0.0,1.0,0.5,1.0,1.0,0.0,0.0,1.0,0.0,1.0,0.0
48,0.03448275862068967,0.5,0.0,1.0,0.5,1.0,1.0,0.0,0.0,1.0,0.0,1.0,0.0
49,0.0394088669950739,0.0,0.5,0.5,0.5,1.0,0.0,1.0,0.0,0.0,0.0,1.0,0.0
50,0.20689655172413796,1.0,1.0,0.5,1.0,0.0,0.0,1.0,0.0,1.0,1.0,1.0,1.0
51,0.16256157635467977,1.0,1.0,0.5,1.0,0.0,0.0,1.0,0.0,1.0,1.0,1.0,1.0
52,0.06403940886699505,0.5,0.5,0.0,0.5,0.0,1.0,1.0,0.0,0.0,1.0,0.0,0.0
53,0.0394088669950739,0.0,0.5,1.0,0.5,1.0,0.0,0.0,0.0,0.0,0.0,1.0,0.0
54,0.09852216748768472,0.5,1.0,1.0,0.0,1.0,0.0,0.0,1.0,1.0,1.0,1.0,0.0
55,0.16256157635467977,0.5,1.0,1.0,0.0,1.0,0.0,0.0,1.0,1.0,1.0,1.0,0.0
56,0.24137931034482757,0.0,0.5,0.5,0.5,1.0,1.0,0.5,1.0,0.0,1.0,0.5,1.0
57,0.029556650246305383,1.0,0.0,0.5,0.5,0.0,1.0,1.0,0.0,1.0,0.0,1.0,0.0
58,0.13793103448275862,0.0,1.0,0.0,1.0,1.0,0.0,1.0,0.0,0.0,1.0,0.0,1.0
59,0.30049261083743845,1.0,0.5,0.0,0.5,0.0,0.0,1.0,1.0,1.0,0.0,0.0,1.0
60,0.15763546798029554,0.5,0.5,0.5,0.0,1.0,1.0,0.5,1.0,1.0,1.0,0.5,0.0
61,0.09359605911330049,0.0,0.5,0.25,1.0,1.0,0.0,0.5,0.0,0.0,0.0,0.0,1.0
62,0.1724137931034483,0.0,0.5,0.25,1.0,1.0,0.0,0.5,0.0,0.0,0.0,0.0,1.0
63,0.167487684729064,0.0,0.0,0.25,0.5,1.0,1.0,1.0,1.0,0.0,0.0,0.5,1.0
64,0.16256157635467977,0.0,0.5,0.0,1.0,1.0,1.0,1.0,0.0,0.0,1.0,0.0,1.0
65,0.19211822660098515,0.0,0.0,0.25,0.0,1.0,1.0,1.0,1.0,0.0,0.0,0.5,0.0
66,0.11330049261083741,1.0,1.0,0.75,0.5,0.0,0.0,0.5,0.0,1.0,1.0,1.0,0.0
67,0.23645320197044334,1.0,0.0,0.0,0.5,0.0,1.0,1.0,1.0,1.0,0.0,0.0,1.0
68,0.19211822660098515,1.0,0.0,0.0,0.5,0.0,1.0,1.0,1.0,1.0,0.0,0.0,1.0
69,0.1527093596059113,0.0,0.5,0.5,1.0,1.0,0.0,0.0,0.0,0.0,0.0,0.0,1.0
70,0.29064039408867,1.0,1.0,0.5,0.5,0.0,0.0,0.0,1.0,1.0,1.0,0.0,1.0
71,0.11330049261083741,0.5,0.0,0.75,0.0,1.0,1.0,0.0,1.0,1.0,0.0,0.5,0.0
72,0.2118226600985222,1.0,0.0,0.75,0.5,0.0,1.0,0.5,1.0,1.0,0.0,1.0,1.0
73,0.18226600985221675,1.0,0.0,0.75,0.5,0.0,1.0,0.5,1.0,1.0,0.0,1.0,1.0
74,0.06403940886699505,0.5,0.5,1.0,0.5,0.0,1.0,0.0,0.0,0.0,1.0,1.0,0.0
75,0.08374384236453203,0.0,0.5,0.5,0.0,1.0,0.0,0.0,1.0,0.0,0.0,0.0,0.0
76,0.14778325123152708,0.0,0.5,0.5,0.0,1.0,0.0,0.0,1.0,0.0,0.0,0.0,0.0
77,0.09359605911330049,0.5,0.5,1.0,0.0,0.0,0.0,0.0,1.0,0.0,0.0,1.0,0.0
78,0.08866995073891626,0.5,0.5,1.0,0.0,0.0,0.0,0.0,1.0,0.0,0.0,1.0,0.0
79,0.08866995073891626,1.0,0.5,0.5,0.5,0.0,1.0,0.5,0.0,1.0,1.0,0.5,0.0
80,0.1970443349753695,1.0,0.0,1.0,0.5,0.0,1.0,0.0,1.0,1.0,0.0,1.0,1.0
81,0.29064039408867,1.0,0.0,1.0,0.5,0.0,1.0,0.0,1.0,1.0,0.0,1.0,1.0
82,0.17733990147783252,1.0,0.0,1.0,0.5,0.0,1.0,0.0,1.0,1.0,0.0,1.0,1.0
83,0.2315270935960591,1.0,0.0,1.0,0.5,0.0,1.0,0.0,1.0,1.0,0.0,1.0,1.0
84,0.15763546798029554,0.0,0.0,0.5,0.5,1.0,1.0,0.5,1.0,0.0,0.0,0.5,1.0
85,0.23645320197044334,1.0,0.5,0.5,0.5,0.0,0.0,0.5,1.0,1.0,0.0,0.5,1.0
86,0.13793103448275862,0.5,0.5,0.0,0.0,1.0,1.0,1.0,1.0,1.0,1.0,0.0,0.0
87,0.019704433497536922,0.0,0.0,0.5,0.5,1.0,1.0,0.0,0.0,0.0,0.0,0.0,0.0
88,0.0394088669950739,0.0,0.0,0.5,0.5,1.0,1.0,0.0,0.0,0.0,0.0,0.0,0.0
89,0.21674876847290642,0.5,0.0,1.0,0.0,1.0,1.0,0.0,1.0,1.0,0.0,1.0,0.0
90,0.12807881773399016,0.5,0.0,1.0,0.0,1.0,1.0,0.0,1.0,1.0,0.0,1.0,0.0
91,0.13793103448275862,1.0,0.0,1.0,0.0,0.0,1.0,0.0,1.0,1.0,0.0,1.0,0.0
92,0.0,0.0,0.5,0.25,0.5,1.0,0.0,1.0,0.0,0.0,0.0,0.5,0.0
93,0.09359605911330049,0.0,0.5,0.25,0.5,1.0,0.0,1.0,0.0,0.0,0.0,0.5,0.0
94,0.05911330049261082,0.0,0.5,0.25,0.5,1.0,0.0,1.0,0.0,0.0,0.0,0.5,0.0
95,0.08374384236453203,0.5,0.5,0.0,0.5,0.0,0.0,1.0,0.0,0.0,0.0,0.0,0.0
96,0.12807881773399016,0.5,0.5,1.0,1.0,0.0,1.0,0.0,0.0,0.0,1.0,1.0,1.0
97,0.22660098522167488,1.0,0.5,0.25,0.5,0.0,1.0,1.0,1.0,1.0,1.0,0.5,1.0
98,0.24137931034482757,1.0,0.5,0.25,0.5,0.0,1.0,1.0,1.0,1.0,1.0,0.5,1.0
99,0.0788177339901478,0.0,0.5,0.25,1.0,1.0,0.0,1.0,0.0,0.0,0.0,0.5,1.0
100,0.2610837438423645,1.0,0.5,0.0,0.5,0.0,1.0,1.0,1.0,1.0,1.0,0.0,1.0
101,0.3054187192118227,1.0,0.5,0.0,0.5,0.0,1.0,1.0,1.0,1.0,1.0,0.0,1.0
102,0.20197044334975373,0.5,0.0,0.5,0.5,1.0,1.0,0.0,1.0,1.0,0.0,0.0,1.0
103,0.2118226600985222,0.5,0.0,0.5,0.5,1.0,1.0,0.0,1.0,1.0,0.0,0.0,1.0
104,0.11822660098522164,0.0,1.0,0.75,0.0,1.0,0.0,0.0,1.0,0.0,1.0,0.5,0.0
105,0.1330049261083744,0.0,1.0,0.75,0.0,1.0,0.0,0.0,1.0,0.0,1.0,0.5,0.0
106,0.05911330049261082,1.0,0.5,0.75,0.5,0.0,1.0,0.5,0.0,1.0,1.0,1.0,0.0
107,0.09359605911330049,1.0,0.5,0.75,0.5,0.0,1.0,0.5,0.0,1.0,1.0,1.0,0.0
108,0.07389162561576351,0.5,0.0,0.25,0.5,1.0,1.0,1.0,0.0,1.0,0.0,0.5,0.0
109,0.08866995073891626,0.5,1.0,0.5,1.0,0.0,0.0,0.5,0.0,0.0,1.0,0.5,1.0
110,0.15763546798029554,0.5,0.5,0.5,1.0,1.0,1.0,0.5,0.0,1.0,1.0,0.5,1.0
111,0.167487684729064,0.0,0.5,0.25,1.0,1.0,1.0,1.0,0.0,0.0,1.0,0.5,1.0
112,0.17733990147783252,0.5,0.5,0.25,0.0,0.0,1.0,0.5,1.0,0.0,1.0,0.0,0.0
113,0.05418719211822659,1.0,0.5,0.25,0.5,0.0,0.0,1.0,0.0,1.0,0.0,0.5,0.0
114,0.0788177339901478,1.0,0.5,0.25,0.5,0.0,0.0,1.0,0.0,1.0,0.0,0.5,0.0
115,0.0,0.5,0.5,0.25,0.5,0.0,0.0,0.5,0.0,0.0,0.0,0.0,0.0
116,0.024630541871921152,0.5,0.5,0.25,0.5,0.0,0.0,0.5,0.0,0.0,0.0,0.0,0.0
117,0.07389162561576351,1.0,0.5,1.0,0.5,0.0,0.0,0.0,0.0,1.0,0.0,1.0,0.0
118,0.167487684729064,0.0,1.0,0.5,1.0,1.0,0.0,1.0,0.0,0.0,1.0,1.0,1.0
119,0.05911330049261082,0.0,1.0,0.5,1.0,1.0,0.0,1.0,0.0,0.0,1.0,1.0,1.0
120,0.12807881773399016,0.0,1.0,0.5,1.0,1.0,0.0,1.0,0.0,0.0,1.0,1.0,1.0
121,0.17733990147783252,0.5,0.0,0.5,0.5,0.0,1.0,0.5,1.0,0.0,0.0,0.5,1.0
122,0.1724137931034483,0.5,0.5,0.25,0.5,0.0,0.0,0.5,1.0,0.0,0.0,0.0,1.0
123,0.2118226600985222,0.5,0.5,0.25,0.5,0.0,0.0,0.5,1.0,0.0,0.0,0.0,1.0
124,0.12315270935960587,0.5,1.0,0.75,1.0,1.0,0.0,0.0,0.0,1.0,1.0,0.5,1.0
125,0.2660098522167487,0.5,0.5,0.25,0.0,1.0,1.0,0.5,1.0,1.0,1.0,0.0,0.0
126,0.13793103448275862,0.5,0.5,1.0,1.0,1.0,1.0,0.0,0.0,1.0,1.0,1.0,1.0
127,0.2463054187192118,0.0,0.5,0.0,0.5,1.0,1.0,1.0,1.0,0.0,1.0,0.0,1.0
128,0.2660098522167487,0.0,0.5,0.0,0.5,1.0,1.0,1.0,1.0,0.0,1.0,0.0,1.0
129,0.1527093596059113,1.0,0.0,0.75,0.0,0.0,1.0,0.0,1.0,1.0,0.0,0.5,0.0
130,0.06896551724137928,0.0,0.5,0.5,1.0,1.0,0.0,0.5,0.0,0.0,0.0,0.5,1.0
131,0.1527093596059113,0.0,0.5,0.5,1.0,1.0,0.0,0.5,0.0,0.0,0.0,0.5,1.0
132,0.0788177339901478,1.0,0.5,0.75,0.0,0.0,0.0,0.5,1.0,1.0,0.0,1.0,0.0
133,0.10837438423645318,0.0,1.0,0.25,1.0,1.0,0.0,1.0,0.0,0.0,1.0,0.5,1.0
134,0.014778325123152691,0.5,0.0,0.5,0.5,0.0,1.0,0.0,0.0,0.0,0.0,0.0,0.0
135,0.1527093596059113,0.0,1.0,0.5,0.5,1.0,0.0,1.0,1.0,0.0,1.0,1.0,1.0
136,0.19211822660098515,0.5,0.0,0.5,0.0,0.0,1.0,0.0,1.0,0.0,0.0,0.0,0.0
137,0.03448275862068967,0.5,1.0,0.25,0.5,1.0,0.0,1.0,0.0,1.0,1.0,0.5,0.0
138,0.2610837438423645,0.5,0.0,0.0,0.5,0.0,1.0,1.0,1.0,0.0,0.0,0.0,1.0
139,0.2463054187192118,0.5,0.0,0.0,0.5,0.0,1.0,1.0,1.0,0.0,0.0,0.0,1.0
140,0.08866995073891626,0.5,0.5,0.25,1.0,1.0,0.0,0.5,0.0,1.0,0.0,0.0,1.0
141,0.12315270935960587,0.5,0.5,0.25,1.0,1.0,0.0,0.5,0.0,1.0,0.0,0.0,1.0
142,0.10344827586206895,0.5,1.0,0.5,0.0,1.0,0.0,0.0,1.0,1.0,1.0,0.0,0.0
143,0.04433497536945813,1.0,0.0,1.0,0.5,0.0,1.0,0.0,0.0,1.0,0.0,1.0,0.0
144,0.05911330049261082,1.0,0.0,1.0,0.5,0.0,1.0,0.0,0.0,1.0,0.0,1.0,0.0
145,0.10344827586206895,1.0,0.0,1.0,0.5,0.0,1.0,0.0,0.0,1.0,0.0,1.0,0.0
146,0.16256157635467977,1.0,0.5,1.0,0.0,0.0,1.0,0.0,1.0,1.0,1.0,1.0,0.0
147,0.0394088669950739,0.0,0.0,0.0,0.5,1.0,1.0,1.0,0.0,0.0,0.0,0.0,0.0
148,0.024630541871921152,1.0,0.5,0.5,0.5,0.0,0.0,0.0,0.0,1.0,0.0,0.0,0.0
149,0.18226600985221675,0.0,0.5,1.0,1.0,1.0,0.0,0.0,0.0,0.0,0.0,1.0,1.0
150,0.08374384236453203,1.0,0.5,0.25,1.0,0.0,0.0,0.5,0.0,1.0,0.0,0.0,1.0
151,0.07389162561576351,1.0,0.5,0.25,1.0,0.0,0.0,0.5,0.0,1.0,0.0,0.0,1.0
152,0.13793103448275862,1.0,0.5,0.25,1.0,0.0,0.0,0.5,0.0,1.0,0.0,0.0,1.0
153,0.09359605911330049,1.0,0.5,0.25,1.0,0.0,0.0,0.5,0.0,1.0,0.0,0.0,1.0
154,0.0394088669950739,0.0,0.0,0.25,0.5,1.0,1.0,0.5,0.0,0.0,0.0,0.0,0.0
155,0.05911330049261082,0.5,0.5,0.75,0.5,1.0,0.0,0.5,0.0,1.0,0.0,1.0,0.0
156,0.03448275862068967,0.5,0.5,0.75,0.5,1.0,0.0,0.5,0.0,1.0,0.0,1.0,0.0
157,0.029556650246305383,0.0,1.0,0.5,0.5,1.0,0.0,1.0,0.0,0.0,1.0,1.0,0.0
158,0.11822660098522164,1.0,1.0,0.25,1.0,0.0,0.0,1.0,0.0,1.0,1.0,0.5,1.0
159,0.1527093596059113,0.0,0.0,0.75,0.5,1.0,1.0,0.5,1.0,0.0,0.0,1.0,1.0
160,0.1330049261083744,0.5,1.0,0.0,0.0,0.0,0.0,1.0,1.0,0.0,1.0,0.0,0.0
161,0.0049261083743842304,0.5,1.0,1.0,0.5,0.0,0.0,0.0,0.0,0.0,1.0,1.0,0.0
162,0.06896551724137928,1.0,0.5,0.25,0.5,0.0,1.0,1.0,0.0,1.0,1.0,0.5,0.0
163,0.167487684729064,1.0,1.0,0.75,0.5,0.0,0.0,0.5,1.0,1.0,1.0,1.0,1.0
164,0.17733990147783252,0.5,0.0,0.25,0.5,1.0,1.0,1.0,1.0,1.0,0.0,0.5,1.0
165,0.2118226600985222,0.5,0.0,0.25,0.5,1.0,1.0,1.0,1.0,1.0,0.0,0.5,1.0
166,0.20197044334975373,0.5,0.5,0.75,0.5,1.0,0.0,0.5,1.0,1.0,0.0,1.0,1.0
167,0.21674876847290642,0.5,1.0,0.0,0.5,1.0,0.0,1.0,1.0,1.0,1.0,0.0,1.0
168,0.08866995073891626,0.0,0.0,0.0,1.0,1.0,1.0,1.0,0.0,0.0,0.0,0.0,1.0
169,0.14778325123152708,0.0,1.0,1.0,1.0,1.0,0.0,0.0,0.0,0.0,1.0,1.0,1.0
170,0.1330049261083744,0.5,0.5,0.25,0.0,0.0,1.0,1.0,1.0,0.0,1.0,0.5,0.0
171,0.14285714285714285,0.5,0.5,0.25,0.0,0.0,1.0,1.0,1.0,0.0,1.0,0.5,0.0
172,0.1970443349753695,0.5,0.0,0.75,0.5,0.0,1.0,0.0,1.0,0.0,0.0,0.5,1.0
173,0.18719211822660098,0.5,0.0,0.5,1.0,1.0,1.0,0.5,0.0,1.0,0.0,0.5,1.0
174,0.11330049261083741,0.0,0.5,0.75,0.0,1.0,0.0,0.5,1.0,0.0,0.0,1.0,0.0
175,0.14285714285714285,0.5,0.5,0.5,1.0,1.0,0.0,0.0,0.0,1.0,0.0,0.0,1.0
176,0.11330049261083741,0.0,0.5,0.75,0.0,1.0,1.0,0.0,1.0,0.0,1.0,0.5,0.0
177,0.10344827586206895,0.0,0.5,0.25,0.5,1.0,1.0,0.5,0.0,0.0,1.0,0.0,0.0
178,0.23645320197044334,0.5,0.5,1.0,0.5,1.0,0.0,0.0,1.0,1.0,0.0,1.0,1.0
179,0.14778325123152708,1.0,0.0,0.0,0.0,0.0,1.0,1.0,1.0,1.0,0.0,0.0,0.0
180,0.11822660098522164,1.0,1.0,0.75,1.0,0.0,0.0,0.0,0.0,1.0,1.0,0.5,1.0
181,0.11822660098522164,0.0,0.0,0.75,0.0,1.0,1.0,0.5,1.0,0.0,0.0,1.0,0.0
182,0.167487684729064,0.5,1.0,0.25,1.0,0.0,0.0,1.0,0.0,0.0,1.0,0.5,1.0
183,0.11330049261083741,0.0,1.0,0.5,0.0,1.0,0.0,0.0,1.0,0.0,1.0,0.0,0.0
184,0.23645320197044334,0.5,0.5,1.0,0.5,0.0,0.0,0.0,1.0,0.0,0.0,1.0,1.0
185,0.12315270935960587,1.0,0.5,0.5,1.0,0.0,1.0,1.0,0.0,1.0,1.0,1.0,1.0
186,0.1527093596059113,1.0,0.5,0.5,1.0,0.0,1.0,1.0,0.0,1.0,1.0,1.0,1.0
187,0.17733990147783252,0.5,0.5,0.75,1.0,0.0,1.0,0.0,0.0,0.0,1.0,0.5,1.0
188,0.18719211822660098,1.0,0.5,0.5,0.0,0.0,1.0,0.5,1.0,1.0,1.0,0.5,0.0
189,0.167487684729064,1.0,0.5,0.5,0.0,0.0,1.0,0.5,1.0,1.0,1.0,0.5,0.0
190,0.03448275862068967,0.5,0.0,0.75,0.5,1.0,1.0,0.5,0.0,1.0,0.0,1.0,0.0
191,0.12315270935960587,0.5,1.0,0.0,0.5,1.0,0.0,1.0,0.0,1.0,1.0,0.0,0.0
192,0.03448275862068967,0.5,1.0,0.0,0.5,1.0,0.0,1.0,0.0,1.0,1.0,0.0,0.0
193,0.11330049261083741,1.0,0.5,0.25,1.0,0.0,0.0,1.0,0.0,1.0,0.0,0.5,1.0
194,0.04433497536945813,1.0,0.0,0.0,0.5,0.0,1.0,1.0,0.0,1.0,0.0,0.0,0.0
195,0.167487684729064,0.0,0.5,0.5,1.0,1.0,1.0,0.5,0.0,0.0,1.0,0.5,1.0
196,0.18719211822660098,0.0,0.5,0.5,1.0,1.0,1.0,0.5,0.0,0.0,1.0,0.5,1.0
197,0.24137931034482757,1.0,0.5,0.5,0.5,0.0,1.0,0.5,1.0,1.0,1.0,0.5,1.0
198,0.17733990147783252,0.0,0.5,0.25,0.0,1.0,1.0,0.5,1.0,0.0,1.0,0.0,0.0
199,0.14285714285714285,0.0,0.5,0.25,0.0,1.0,1.0,0.5,1.0,0.0,1.0,0.0,0.0
200,0.2118226600985222,0.0,0.5,0.0,0.5,1.0,0.0,1.0,1.0,0.0,0.0,0.0,1.0
201,0.09359605911330049,0.0,0.5,0.75,0.0,1.0,0.0,0.0,1.0,0.0,0.0,0.5,0.0
202,0.07389162561576351,0.0,0.5,0.75,0.0,1.0,0.0,0.0,1.0,0.0,0.0,0.5,0.0
203,0.08374384236453203,0.0,0.5,0.75,0.0,1.0,0.0,0.0,1.0,0.0,0.0,0.5,0.0
204,0.13793103448275862,0.0,0.5,0.75,0.0,1.0,0.0,0.0,1.0,0.0,0.0,0.5,0.0
205,0.029556650246305383,1.0,0.5,0.5,0.5,0.0,0.0,0.5,0.0,1.0,0.0,0.5,0.0
206,0.0788177339901478,1.0,0.5,0.5,0.5,0.0,0.0,0.5,0.0,1.0,0.0,0.5,0.0
207,0.06896551724137928,0.0,0.5,0.75,0.5,1.0,1.0,0.5,0.0,0.0,1.0,1.0,0.0
208,0.2118226600985222,1.0,0.5,1.0,0.5,0.0,0.0,0.0,1.0,1.0,0.0,1.0,1.0
209,0.12807881773399016,0.0,1.0,0.25,0.0,1.0,0.0,1.0,1.0,0.0,1.0,0.5,0.0
210,0.11822660098522164,0.0,1.0,0.25,0.0,1.0,0.0,1.0,1.0,0.0,1.0,0.5,0.0
211,0.19211822660098515,1.0,0.5,0.75,0.5,0.0,1.0,0.5,1.0,1.0,1.0,1.0,1.0
212,0.11330049261083741,0.5,1.0,0.75,0.0,0.0,0.0,0.0,1.0,0.0,1.0,0.5,0.0
213,0.11822660098522164,0.5,1.0,0.75,0.0,0.0,0.0,0.0,1.0,0.0,1.0,0.5,0.0
214,0.167487684729064,1.0,0.5,0.75,0.0,0.0,1.0,0.5,1.0,1.0,1.0,1.0,0.0
215,0.1330049261083744,1.0,0.0,0.25,1.0,0.0,1.0,0.5,0.0,1.0,0.0,0.0,1.0
216,0.11822660098522164,1.0,0.0,0.25,1.0,0.0,1.0,0.5,0.0,1.0,0.0,0.0,1.0
217,0.1527093596059113,0.5,0.5,1.0,0.0,1.0,0.0,0.0,1.0,1.0,0.0,1.0,0.0
218,0.21674876847290642,0.5,1.0,0.0,1.0,1.0,0.0,1.0,0.0,1.0,1.0,0.0,1.0
219,0.12807881773399016,0.5,1.0,0.0,1.0,1.0,0.0,1.0,0.0,1.0,1.0,0.0,1.0
220,0.12315270935960587,0.0,0.5,0.5,0.0,1.0,1.0,1.0,1.0,0.0,1.0,1.0,0.0
221,0.1527093596059113,0.0,0.5,0.5,0.0,1.0,1.0,1.0,1.0,0.0,1.0,1.0,0.0
222,0.20689655172413796,1.0,0.0,0.25,1.0,0.0,1.0,1.0,0.0,1.0,0.0,0.5,1.0
223,0.06403940886699505,1.0,1.0,0.5,0.0,0.0,0.0,1.0,1.0,1.0,1.0,1.0,0.0
224,0.15763546798029554,1.0,1.0,0.5,0.0,0.0,0.0,1.0,1.0,1.0,1.0,1.0,0.0
225,0.167487684729064,1.0,0.5,0.75,0.5,0.0,1.0,0.0,1.0,1.0,1.0,0.5,1.0
226,0.25615763546798026,0.5,0.0,0.5,0.5,1.0,1.0,1.0,1.0,1.0,0.0,1.0,1.0
227,0.1330049261083744,0.0,0.5,0.0,0.0,1.0,0.0,1.0,1.0,0.0,0.0,0.0,0.0
228,0.08374384236453203,0.5,0.5,1.0,0.5,0.0,0.0,0.0,0.0,0.0,0.0,1.0,0.0
229,0.13793103448275862,0.5,0.5,0.5,0.0,0.0,0.0,0.5,1.0,0.0,0.0,0.5,0.0
230,0.19211822660098515,0.5,1.0,0.5,1.0,0.0,0.0,0.0,0.0,0.0,1.0,0.0,1.0
231,0.1724137931034483,0.0,0.5,0.75,1.0,1.0,1.0,0.5,0.0,0.0,1.0,1.0,1.0
232,0.15763546798029554,0.5,0.0,0.5,0.0,0.0,1.0,1.0,1.0,0.0,0.0,1.0,0.0
233,0.167487684729064,0.5,0.0,0.5,0.0,0.0,1.0,1.0,1.0,0.0,0.0,1.0,0.0
234,0.10837438423645318,0.5,0.0,0.5,0.0,0.0,1.0,1.0,1.0,0.0,0.0,1.0,0.0
235,0.06896551724137928,1.0,1.0,0.0,0.5,0.0,0.0,1.0,0.0,1.0,1.0,0.0,0.0
236,0.10344827586206895,1.0,1.0,0.0,0.5,0.0,0.0,1.0,0.0,1.0,1.0,0.0,0.0
237,0.16256157635467977,0.5,0.5,0.25,0.0,0.0,0.0,1.0,1.0,0.0,0.0,0.5,0.0
238,0.05418719211822659,0.0,0.5,0.75,0.0,1.0,1.0,0.5,1.0,0.0,1.0,1.0,0.0
239,0.11330049261083741,0.0,0.5,0.75,0.0,1.0,1.0,0.5,1.0,0.0,1.0,1.0,0.0
240,0.08866995073891626,1.0,1.0,1.0,0.0,0.0,0.0,0.0,1.0,1.0,1.0,1.0,0.0
241,0.15763546798029554,0.0,0.0,0.5,1.0,1.0,1.0,1.0,0.0,0.0,0.0,1.0,1.0
242,0.06403940886699505,0.0,0.0,0.5,1.0,1.0,1.0,1.0,0.0,0.0,0.0,1.0,1.0
243,0.23645320197044334,1.0,0.5,0.25,0.5,0.0,0.0,1.0,1.0,1.0,0.0,0.5,1.0
244,0.2610837438423645,1.0,0.5,0.25,0.5,0.0,0.0,1.0,1.0,1.0,0.0,0.5,1.0
245,0.21674876847290642,1.0,0.5,0.25,0.5,0.0,0.0,1.0,1.0,1.0,0.0,0.5,1.0
246,0.22167487684729065,0.5,0.5,0.25,0.5,1.0,0.0,0.5,1.0,1.0,0.0,0.0,1.0
247,0.10344827586206895,0.0,0.5,0.75,1.0,1.0,0.0,0.0,0.0,0.0,0.0,0.5,1.0
248,0.15763546798029554,1.0,1.0,0.5,0.5,0.0,0.0,0.5,1.0,1.0,1.0,0.5,1.0
249,0.167487684729064,0.5,0.0,0.75,0.0,0.0,1.0,0.5,1.0,0.0,0.0,1.0,0.0
250,0.12315270935960587,1.0,1.0,0.25,0.5,0.0,0.0,1.0,0.0,1.0,1.0,0.5,0.0
251,0.09359605911330049,1.0,1.0,0.25,0.5,0.0,0.0,1.0,0.0,1.0,1.0,0.5,0.0
252,0.09852216748768472,1.0,1.0,0.25,0.5,0.0,0.0,1.0,0.0,1.0,1.0,0.5,0.0
253,0.029556650246305383,1.0,1.0,0.25,0.5,0.0,0.0,1.0,0.0,1.0,1.0,0.5,0.0
254,0.0788177339901478,0.5,0.0,0.25,0.5,1.0,1.0,0.5,0.0,1.0,0.0,0.0,0.0
255,0.23645320197044334,0.5,0.5,0.0,0.5,0.0,0.0,1.0,1.0,0.0,0.0,0.0,1.0
256,0.11330049261083741,0.5,0.0,0.25,0.0,1.0,1.0,1.0,1.0,1.0,0.0,0.5,0.0
257,0.11330049261083741,0.5,1.0,0.75,1.0,1.0,0.0,0.5,0.0,1.0,1.0,1.0,1.0
258,0.2660098522167487,0.5,0.5,0.75,1.0,1.0,1.0,0.0,0.0,1.0,1.0,0.5,1.0
259,0.06896551724137928,1.0,0.5,0.5,1.0,0.0,0.0,0.5,0.0,1.0,0.0,0.5,1.0
260,0.1527093596059113,1.0,0.0,0.5,0.5,0.0,1.0,1.0,1.0,1.0,0.0,1.0,1.0
261,0.06403940886699505,0.5,0.5,0.25,0.5,0.0,1.0,1.0,0.0,0.0,1.0,0.5,0.0
262,0.08866995073891626,1.0,0.0,0.25,0.5,0.0,1.0,0.5,0.0,1.0,0.0,0.0,0.0
263,0.029556650246305383,0.0,0.0,0.5,0.5,1.0,1.0,1.0,0.0,0.0,0.0,1.0,0.0
264,0.1330049261083744,0.5,1.0,0.0,1.0,0.0,0.0,1.0,0.0,0.0,1.0,0.0,1.0
265,0.08866995073891626,0.0,0.5,0.25,0.0,1.0,0.0,1.0,1.0,0.0,0.0,0.5,0.0
266,0.029556650246305383,1.0,1.0,0.5,0.5,0.0,0.0,1.0,0.0,1.0,1.0,1.0,0.0
267,0.024630541871921152,1.0,0.0,0.75,0.5,0.0,1.0,0.0,0.0,1.0,0.0,0.5,0.0
268,0.10344827586206895,0.0,1.0,0.75,1.0,1.0,0.0,0.5,0.0,0.0,1.0,1.0,1.0
269,0.24137931034482757,0.5,0.0,0.25,0.5,0.0,1.0,1.0,1.0,0.0,0.0,0.5,1.0
270,0.1330049261083744,1.0,1.0,0.5,0.0,0.0,0.0,0.0,1.0,1.0,1.0,0.0,0.0
271,0.13793103448275862,1.0,1.0,0.5,0.0,0.0,0.0,0.0,1.0,1.0,1.0,0.0,0.0
272,0.14285714285714285,1.0,1.0,0.5,0.0,0.0,0.0,0.0,1.0,1.0,1.0,0.0,0.0
273,0.05911330049261082,0.5,1.0,0.5,1.0,1.0,0.0,0.0,0.0,1.0,1.0,0.0,1.0
274,0.024630541871921152,0.0,0.5,0.5,0.5,1.0,0.0,0.0,0.0,0.0,0.0,0.0,0.0
275,0.019704433497536922,1.0,1.0,0.5,0.5,0.0,0.0,0.0,0.0,1.0,1.0,0.0,0.0
276,0.0394088669950739,1.0,1.0,0.5,0.5,0.0,0.0,0.0,0.0,1.0,1.0,0.0,0.0
277,0.05911330049261082,0.5,0.0,0.5,0.5,1.0,1.0,0.5,0.0,1.0,0.0,0.5,0.0
278,0.04433497536945813,0.5,0.0,0.5,0.5,1.0,1.0,0.5,0.0,1.0,0.0,0.5,0.0
279,0.0788177339901478,0.5,0.5,0.25,1.0,0.0,1.0,0.5,0.0,0.0,1.0,0.0,1.0
280,0.019704433497536922,1.0,0.0,0.5,0.5,0.0,1.0,0.5,0.0,1.0,0.0,0.5,0.0
281,0.167487684729064,0.0,0.5,0.25,0.5,1.0,1.0,0.5,1.0,0.0,1.0,0.0,1.0
282,0.18719211822660098,1.0,0.5,0.0,1.0,0.0,1.0,1.0,0.0,1.0,1.0,0.0,1.0
283,0.12315270935960587,1.0,0.5,0.0,1.0,0.0,1.0,1.0,0.0,1.0,1.0,0.0,1.0
284,0.15763546798029554,0.0,0.0,0.75,0.5,1.0,1.0,0.0,1.0,0.0,0.0,0.5,1.0
285,1.0,1.0,0.5,0.25,0.5,0.0,0.0,0.5,1.0,1.0,0.0,0.0,1.0
286,0.1724137931034483,0.5,1.0,1.0,0.5,1.0,0.0,0.0,1.0,1.0,1.0,1.0,1.0
287,0.21674876847290642,0.5,1.0,1.0,0.5,1.0,0.0,0.0,1.0,1.0,1.0,1.0,1.0
288,0.20197044334975373,0.5,1.0,1.0,0.5,1.0,0.0,0.0,1.0,1.0,1.0,1.0,1.0
289,0.2758620689655172,0.5,1.0,1.0,0.5,1.0,0.0,0.0,1.0,1.0,1.0,1.0,1.0
290,0.06896551724137928,0.0,0.0,0.0,0.0,1.0,1.0,1.0,1.0,0.0,0.0,0.0,0.0
291,0.1330049261083744,0.0,0.0,0.0,0.0,1.0,1.0,1.0,1.0,0.0,0.0,0.0,0.0
292,0.14285714285714285,0.0,0.0,0.0,0.0,1.0,1.0,1.0,1.0,0.0,0.0,0.0,0.0
293,0.1330049261083744,1.0,0.5,1.0,1.0,0.0,0.0,0.0,0.0,1.0,0.0,1.0,1.0
294,0.15763546798029554,0.5,0.0,0.25,0.5,1.0,1.0,0.5,1.0,1.0,0.0,0.0,1.0
295,0.24137931034482757,0.5,0.0,0.25,0.5,1.0,1.0,0.5,1.0,1.0,0.0,0.0,1.0
296,0.33004926108374383,0.5,0.0,0.25,0.5,1.0,1.0,0.5,1.0,1.0,0.0,0.0,1.0
297,0.2118226600985222,0.5,0.0,0.25,0.5,1.0,1.0,0.5,1.0,1.0,0.0,0.0,1.0
298,0.11330049261083741,1.0,0.0,1.0,1.0,0.0,1.0,0.0,0.0,1.0,0.0,1.0,1.0
299,0.17733990147783252,1.0,0.5,0.75,1.0,0.0,1.0,0.0,0.0,1.0,1.0,0.5,1.0
300,0.14285714285714285,1.0,0.5,0.75,1.0,0.0,1.0,0.0,0.0,1.0,1.0,0.5,1.0
301,0.05911330049261082,0.5,1.0,0.5,0.5,1.0,0.0,0.5,0.0,1.0,1.0,0.5,0.0
302,0.04433497536945813,0.5,1.0,0.5,0.5,1.0,0.0,0.5,0.0,1.0,1.0,0.5,0.0
303,0.22167487684729065,0.5,0.5,0.75,0.5,1.0,0.0,0.0,1.0,1.0,0.0,0.5,1.0
304,0.11330049261083741,0.0,0.0,0.25,0.5,1.0,1.0,1.0,0.0,0.0,0.0,0.5,0.0
305,0.10344827586206895,0.5,0.5,0.5,1.0,1.0,0.0,1.0,0.0,1.0,0.0,1.0,1.0
306,0.11330049261083741,0.5,1.0,0.25,0.0,0.0,0.0,0.5,1.0,0.0,1.0,0.0,0.0
307,0.05911330049261082,0.5,1.0,0.25,0.0,0.0,0.0,0.5,1.0,0.0,1.0,0.0,0.0
308,0.15763546798029554,1.0,0.5,0.5,1.0,0.0,1.0,0.0,0.0,1.0,1.0,0.0,1.0
309,0.14778325123152708,1.0,0.5,0.5,1.0,0.0,1.0,0.0,0.0,1.0,1.0,0.0,1.0
310,0.12315270935960587,1.0,0.5,0.5,1.0,0.0,1.0,0.0,0.0,1.0,1.0,0.0,1.0
311,0.167487684729064,1.0,0.5,0.5,1.0,0.0,1.0,0.0,0.0,1.0,1.0,0.0,1.0
312,0.24137931034482757,0.0,0.5,0.75,0.5,1.0,1.0,0.5,1.0,0.0,1.0,1.0,1.0
313,0.22660098522167488,0.0,0.5,0.75,0.5,1.0,1.0,0.5,1.0,0.0,1.0,1.0,1.0
314,0.11330049261083741,1.0,1.0,0.25,0.0,0.0,0.0,1.0,1.0,1.0,1.0,0.5,0.0
315,0.1970443349753695,0.5,0.0,0.0,0.0,1.0,1.0,1.0,1.0,1.0,0.0,0.0,0.0
316,0.10837438423645318,0.5,0.0,0.0,0.0,1.0,1.0,1.0,1.0,1.0,0.0,0.0,0.0
317,0.09852216748768472,0.5,0.0,0.0,1.0,1.0,1.0,1.0,0.0,1.0,0.0,0.0,1.0
318,0.16256157635467977,0.5,0.0,0.0,1.0,1.0,1.0,1.0,0.0,1.0,0.0,0.0,1.0
319,0.09852216748768472,0.0,0.5,0.25,0.0,1.0,1.0,1.0,1.0,0.0,1.0,0.5,0.0
320,0.11822660098522164,0.5,0.0,0.25,1.0,0.0,1.0,0.5,0.0,0.0,0.0,0.0,1.0
321,0.11330049261083741,0.5,0.0,0.25,1.0,0.0,1.0,0.5,0.0,0.0,0.0,0.0,1.0
322,0.2463054187192118,0.5,1.0,1.0,0.5,0.0,0.0,0.0,1.0,0.0,1.0,1.0,1.0
323,0.2610837438423645,0.5,1.0,1.0,0.5,0.0,0.0,0.0,1.0,0.0,1.0,1.0,1.0
324,0.13793103448275862,0.5,0.5,0.5,1.0,0.0,0.0,0.5,0.0,0.0,0.0,0.5,1.0
325,0.15763546798029554,1.0,1.0,0.25,0.5,0.0,0.0,0.5,1.0,1.0,1.0,0.0,1.0
326,0.05911330049261082,0.0,1.0,0.0,0.5,1.0,0.0,1.0,0.0,0.0,1.0,0.0,0.0
327,0.10344827586206895,0.0,1.0,0.0,0.5,1.0,0.0,1.0,0.0,0.0,1.0,0.0,0.0
328,0.04433497536945813,0.0,1.0,0.0,0.5,1.0,0.0,1.0,0.0,0.0,1.0,0.0,0.0
329,0.1527093596059113,1.0,1.0,0.25,0.5,0.0,0.0,1.0,1.0,1.0,1.0,0.5,1.0
330,0.167487684729064,0.0,0.5,0.5,0.0,1.0,1.0,0.0,1.0,0.0,1.0,0.0,0.0
331,0.14778325123152708,0.0,0.5,0.5,0.0,1.0,1.0,0.0,1.0,0.0,1.0,0.0,0.0
332,0.15763546798029554,0.0,0.5,0.5,0.0,1.0,1.0,0.0,1.0,0.0,1.0,0.0,0.0
333,0.12315270935960587,0.0,0.5,0.5,0.0,1.0,1.0,0.0,1.0,0.0,1.0,0.0,0.0
334,0.03448275862068967,1.0,0.5,0.5,0.5,0.0,1.0,0.0,0.0,1.0,1.0,0.0,0.0
335,0.0049261083743842304,0.5,0.0,0.0,0.5,0.0,1.0,1.0,0.0,0.0,0.0,0.0,0.0
336,0.19211822660098515,0.0,0.5,0.5,0.5,1.0,1.0,1.0,1.0,0.0,1.0,1.0,1.0
337,0.1724137931034483,1.0,0.5,0.25,0.0,0.0,1.0,1.0,1.0,1.0,1.0,0.5,0.0
338,0.11330049261083741,1.0,0.5,0.25,1.0,0.0,1.0,1.0,0.0,1.0,1.0,0.5,1.0
339,0.05418719211822659,1.0,0.5,0.25,1.0,0.0,1.0,1.0,0.0,1.0,1.0,0.5,1.0
340,0.09852216748768472,1.0,0.5,0.75,1.0,0.0,1.0,0.5,0.0,1.0,1.0,1.0,1.0
341,0.30049261083743845,0.0,0.5,1.0,0.5,1.0,0.0,0.0,1.0,0.0,0.0,1.0,1.0
342,0.4187192118226601,1.0,1.0,0.0,0.5,0.0,0.0,1.0,1.0,1.0,1.0,0.0,1.0
343,0.3054187192118227,0.0,0.5,1.0,0.5,1.0,1.0,0.0,1.0,0.0,1.0,1.0,1.0
344,0.2610837438423645,0.0,0.5,1.0,0.5,1.0,1.0,0.0,1.0,0.0,1.0,1.0,1.0
345,0.1330049261083744,0.5,0.0,1.0,1.0,0.0,1.0,0.0,0.0,0.0,0.0,1.0,1.0
346,0.0788177339901478,0.5,1.0,0.5,0.0,0.0,0.0,1.0,1.0,0.0,1.0,1.0,0.0
347,0.2315270935960591,1.0,0.0,0.5,0.5,0.0,1.0,0.0,1.0,1.0,0.0,0.0,1.0
348,0.08866995073891626,1.0,0.5,0.75,1.0,0.0,0.0,0.5,0.0,1.0,0.0,1.0,1.0
349,0.2315270935960591,0.0,1.0,0.0,0.5,1.0,0.0,1.0,1.0,0.0,1.0,0.0,1.0
350,0.17733990147783252,0.0,1.0,0.0,0.5,1.0,0.0,1.0,1.0,0.0,1.0,0.0,1.0
351,0.1970443349753695,0.0,1.0,0.0,0.5,1.0,0.0,1.0,1.0,0.0,1.0,0.0,1.0
352,0.29064039408867,0.0,1.0,0.0,0.5,1.0,0.0,1.0,1.0,0.0,1.0,0.0,1.0
353,0.2660098522167487,1.0,0.5,1.0,0.5,0.0,1.0,0.0,1.0,1.0,1.0,1.0,1.0
354,0.2463054187192118,1.0,0.5,1.0,0.5,0.0,1.0,0.0,1.0,1.0,1.0,1.0,1.0
355,0.2758620689655172,0.5,0.0,0.0,0.5,1.0,1.0,1.0,1.0,1.0,0.0,0.0,1.0
356,0.21674876847290642,0.5,0.0,0.0,0.5,1.0,1.0,1.0,1.0,1.0,0.0,0.0,1.0
357,0.1724137931034483,0.5,0.0,0.0,0.5,1.0,1.0,1.0,1.0,1.0,0.0,0.0,1.0
358,0.20197044334975373,0.5,0.0,0.0,0.5,1.0,1.0,1.0,1.0,1.0,0.0,0.0,1.0
359,0.16256157635467977,0.0,0.5,0.5,0.5,1.0,0.0,0.0,1.0,0.0,0.0,0.0,1.0
360,0.21674876847290642,0.0,0.5,0.5,0.5,1.0,0.0,0.0,1.0,0.0,0.0,0.0,1.0
361,0.0394088669950739,1.0,1.0,0.75,0.5,0.0,0.0,0.0,0.0,1.0,1.0,0.5,0.0
362,0.1527093596059113,1.0,0.5,0.5,0.0,0.0,0.0,0.5,1.0,1.0,0.0,0.5,0.0
363,0.06896551724137928,1.0,0.5,0.5,0.0,0.0,0.0,0.5,1.0,1.0,0.0,0.5,0.0
364,0.019704433497536922,0.0,1.0,0.5,0.5,1.0,0.0,0.5,0.0,0.0,1.0,0.5,0.0
365,0.09359605911330049,0.5,0.5,0.0,0.0,0.0,0.0,1.0,1.0,0.0,0.0,0.0,0.0
366,0.12315270935960587,0.5,0.5,0.0,0.0,0.0,0.0,1.0,1.0,0.0,0.0,0.0,0.0
367,0.29064039408867,0.0,0.0,0.5,0.5,1.0,1.0,0.0,1.0,0.0,0.0,0.0,1.0
368,0.1724137931034483,1.0,0.5,0.75,0.0,0.0,0.0,0.0,1.0,1.0,0.0,0.5,0.0
369,0.09359605911330049,1.0,0.5,0.75,0.0,0.0,0.0,0.0,1.0,1.0,0.0,0.5,0.0
370,0.03448275862068967,0.0,0.5,0.5,0.5,1.0,1.0,0.0,0.0,0.0,1.0,0.0,0.0
371,0.19211822660098515,1.0,1.0,0.75,1.0,0.0,0.0,0.5,0.0,1.0,1.0,1.0,1.0
372,0.10837438423645318,0.5,1.0,1.0,1.0,1.0,0.0,0.0,0.0,1.0,1.0,1.0,1.0
373,0.1970443349753695,0.5,1.0,1.0,1.0,1.0,0.0,0.0,0.0,1.0,1.0,1.0,1.0
374,0.1527093596059113,0.5,0.5,0.5,0.0,1.0,1.0,1.0,1.0,1.0,1.0,1.0,0.0
375,0.14285714285714285,0.5,0.5,0.75,1.0,0.0,1.0,0.5,0.0,0.0,1.0,1.0,1.0
376,0.1330049261083744,0.5,0.5,0.75,1.0,0.0,1.0,0.5,0.0,0.0,1.0,1.0,1.0
377,0.19211822660098515,1.0,0.5,0.5,0.5,0.0,1.0,1.0,1.0,1.0,1.0,1.0,1.0
378,0.11330049261083741,1.0,0.0,0.5,1.0,0.0,1.0,0.0,0.0,1.0,0.0,0.0,1.0
379,0.10344827586206895,0.5,0.0,0.5,1.0,1.0,1.0,0.0,0.0,1.0,0.0,0.0,1.0
380,0.029556650246305383,0.0,0.0,0.75,0.5,1.0,1.0,0.5,0.0,0.0,0.0,1.0,0.0
381,0.09852216748768472,0.0,0.0,0.75,0.5,1.0,1.0,0.5,0.0,0.0,0.0,1.0,0.0
382,0.09359605911330049,0.0,0.0,0.75,0.5,1.0,1.0,0.5,0.0,0.0,0.0,1.0,0.0
383,0.12315270935960587,0.0,0.0,0.75,0.5,1.0,1.0,0.5,0.0,0.0,0.0,1.0,0.0
384,0.014778325123152691,0.5,1.0,0.25,0.5,1.0,0.0,0.5,0.0,1.0,1.0,0.0,0.0
385,0.1527093596059113,0.0,1.0,0.25,1.0,1.0,0.0,0.5,0.0,0.0,1.0,0.0,1.0
386,0.0788177339901478,0.5,0.5,0.75,0.0,0.0,1.0,0.0,1.0,0.0,1.0,0.5,0.0
387,0.1970443349753695,0.5,0.5,0.75,1.0,1.0,1.0,0.5,0.0,1.0,1.0,1.0,1.0
388,0.19211822660098515,0.0,0.5,0.25,0.5,1.0,1.0,1.0,1.0,0.0,1.0,0.5,1.0
389,0.10837438423645318,1.0,0.0,0.75,0.0,0.0,1.0,0.5,1.0,1.0,0.0,1.0,0.0
390,0.07389162561576351,0.0,0.5,0.0,0.5,1.0,0.0,1.0,0.0,0.0,0.0,0.0,0.0
391,0.12315270935960587,0.5,0.5,1.0,1.0,0.0,0.0,0.0,0.0,0.0,0.0,1.0,1.0
392,0.09359605911330049,0.5,0.5,1.0,1.0,0.0,0.0,0.0,0.0,0.0,0.0,1.0,1.0
393,0.10837438423645318,0.5,1.0,0.5,1.0,0.0,0.0,1.0,0.0,0.0,1.0,1.0,1.0
394,0.167487684729064,0.5,1.0,0.5,1.0,0.0,0.0,1.0,0.0,0.0,1.0,1.0,1.0
395,0.15763546798029554,0.5,1.0,0.5,1.0,0.0,0.0,1.0,0.0,0.0,1.0,1.0,1.0
396,0.11330049261083741,0.5,0.0,0.5,0.5,0.0,1.0,0.0,1.0,0.0,0.0,0.0,1.0
397,0.16256157635467977,0.5,0.0,0.5,0.5,0.0,1.0,0.0,1.0,0.0,0.0,0.0,1.0
398,0.11330049261083741,0.5,0.5,0.75,0.0,0.0,0.0,0.0,1.0,0.0,0.0,0.5,0.0
399,0.06403940886699505,0.5,0.5,0.75,0.5,0.0,1.0,0.5,0.0,0.0,1.0,1.0,0.0
400,0.2118226600985222,0.5,1.0,0.75,0.5,1.0,0.0,0.5,1.0,1.0,1.0,1.0,1.0
401,0.17733990147783252,0.5,1.0,0.75,0.5,1.0,0.0,0.5,1.0,1.0,1.0,1.0,1.0
402,0.14285714285714285,0.5,0.5,0.5,0.0,1.0,0.0,0.0,1.0,1.0,0.0,0.0,0.0
403,0.3054187192118227,0.5,1.0,0.25,0.5,1.0,0.0,0.5,1.0,1.0,1.0,0.0,1.0
404,0.21674876847290642,0.5,1.0,0.25,0.5,1.0,0.0,0.5,1.0,1.0,1.0,0.0,1.0
405,0.014778325123152691,0.5,1.0,0.5,0.5,0.0,0.0,0.0,0.0,0.0,1.0,0.0,0.0
406,0.0,0.5,0.5,0.75,0.5,0.0,0.0,0.0,0.0,0.0,0.0,0.5,0.0
407,0.024630541871921152,0.5,0.5,0.75,0.5,0.0,0.0,0.0,0.0,0.0,0.0,0.5,0.0
408,0.12807881773399016,0.5,0.5,0.0,0.0,0.0,1.0,1.0,1.0,0.0,1.0,0.0,0.0
409,0.10344827586206895,0.0,0.0,1.0,0.5,1.0,1.0,0.0,0.0,0.0,0.0,1.0,0.0
410,0.06896551724137928,0.0,0.0,1.0,0.5,1.0,1.0,0.0,0.0,0.0,0.0,1.0,0.0
411,0.2807881773399014,0.5,1.0,0.5,1.0,1.0,0.0,1.0,0.0,1.0,1.0,1.0,1.0
412,0.13793103448275862,0.5,1.0,0.5,1.0,1.0,0.0,1.0,0.0,1.0,1.0,1.0,1.0
413,0.08866995073891626,0.5,1.0,0.5,1.0,1.0,0.0,1.0,0.0,1.0,1.0,1.0,1.0
414,0.16256157635467977,0.5,1.0,0.5,0.5,0.0,0.0,0.0,1.0,0.0,1.0,0.0,1.0
415,0.11330049261083741,0.5,1.0,0.5,0.5,0.0,0.0,0.0,1.0,0.0,1.0,0.0,1.0
416,0.20197044334975373,1.0,0.0,0.5,0.5,0.0,1.0,0.5,1.0,1.0,0.0,0.5,1.0
417,0.12315270935960587,0.5,0.0,0.25,0.0,1.0,1.0,0.5,1.0,1.0,0.0,0.0,0.0
418,0.04433497536945813,0.0,1.0,1.0,0.5,1.0,0.0,0.0,0.0,0.0,1.0,1.0,0.0
419,0.08866995073891626,0.5,0.5,0.75,0.0,1.0,0.0,0.0,1.0,1.0,0.0,0.5,0.0
420,0.12315270935960587,0.5,0.5,0.75,0.0,1.0,0.0,0.0,1.0,1.0,0.0,0.5,0.0
421,0.20689655172413796,1.0,0.5,0.5,1.0,0.0,0.0,1.0,0.0,1.0,0.0,1.0,1.0
422,0.21674876847290642,0.5,0.0,1.0,0.5,1.0,1.0,0.0,1.0,1.0,0.0,1.0,1.0
423,0.12807881773399016,0.5,1.0,0.25,0.0,1.0,0.0,1.0,1.0,1.0,1.0,0.5,0.0
424,0.04926108374384236,0.0,0.5,0.75,0.5,1.0,1.0,0.0,0.0,0.0,1.0,0.5,0.0
425,0.08374384236453203,1.0,0.5,0.5,1.0,0.0,0.0,0.0,0.0,1.0,0.0,0.0,1.0
426,0.14778325123152708,1.0,0.5,0.5,1.0,0.0,0.0,0.0,0.0,1.0,0.0,0.0,1.0
427,0.22660098522167488,0.5,0.0,0.75,0.5,0.0,1.0,0.5,1.0,0.0,0.0,1.0,1.0
428,0.16256157635467977,0.5,0.0,0.75,0.5,0.0,1.0,0.5,1.0,0.0,0.0,1.0,1.0
429,0.12807881773399016,1.0,0.0,0.75,1.0,0.0,1.0,0.0,0.0,1.0,0.0,0.5,1.0
430,0.1527093596059113,0.5,0.5,0.5,1.0,1.0,1.0,1.0,0.0,1.0,1.0,1.0,1.0
431,0.11822660098522164,0.0,0.0,0.25,0.0,1.0,1.0,0.5,1.0,0.0,0.0,0.0,0.0
432,0.0394088669950739,1.0,0.5,0.5,0.5,0.0,0.0,1.0,0.0,1.0,0.0,1.0,0.0
433,0.019704433497536922,1.0,0.5,0.5,0.5,0.0,1.0,1.0,0.0,1.0,1.0,1.0,0.0
434,0.12807881773399016,1.0,0.0,0.5,0.0,0.0,1.0,1.0,1.0,1.0,0.0,1.0,0.0
435,0.05911330049261082,1.0,0.0,0.5,0.0,0.0,1.0,1.0,1.0,1.0,0.0,1.0,0.0
436,0.167487684729064,1.0,0.0,0.5,0.0,0.0,1.0,1.0,1.0,1.0,0.0,1.0,0.0
437,0.14285714285714285,0.0,0.0,0.5,1.0,1.0,1.0,0.0,0.0,0.0,0.0,0.0,1.0
438,0.13793103448275862,0.0,0.0,0.5,1.0,1.0,1.0,0.0,0.0,0.0,0.0,0.0,1.0
439,0.1330049261083744,0.0,0.0,0.5,1.0,1.0,1.0,0.0,0.0,0.0,0.0,0.0,1.0
440,0.20197044334975373,0.5,1.0,0.5,0.5,1.0,0.0,0.0,1.0,1.0,1.0,0.0,1.0
441,0.2118226600985222,0.5,1.0,0.5,0.5,1.0,0.0,0.0,1.0,1.0,1.0,0.0,1.0
442,0.05418719211822659,1.0,0.0,0.75,0.5,0.0,1.0,0.5,0.0,1.0,0.0,1.0,0.0
443,0.05911330049261082,0.5,0.5,0.25,0.5,1.0,0.0,1.0,0.0,1.0,0.0,0.5,0.0
444,0.03448275862068967,0.5,0.5,0.25,0.5,1.0,0.0,1.0,0.0,1.0,0.0,0.5,0.0
445,0.0788177339901478,0.5,1.0,0.75,0.5,1.0,0.0,0.0,0.0,1.0,1.0,0.5,0.0
446,0.0394088669950739,1.0,0.5,0.0,0.5,0.0,0.0,1.0,0.0,1.0,0.0,0.0,0.0
447,0.2610837438423645,0.0,0.5,0.75,0.5,1.0,0.0,0.5,1.0,0.0,0.0,1.0,1.0
448,0.21674876847290642,0.0,0.5,0.75,0.5,1.0,0.0,0.5,1.0,0.0,0.0,1.0,1.0
449,0.23645320197044334,0.0,0.5,0.75,0.5,1.0,0.0,0.5,1.0,0.0,0.0,1.0,1.0
450,0.18226600985221675,1.0,0.5,0.0,0.0,0.0,0.0,1.0,1.0,1.0,0.0,0.0,0.0
451,0.0788177339901478,0.0,0.5,0.0,0.5,1.0,1.0,1.0,0.0,0.0,1.0,0.0,0.0
452,0.03448275862068967,0.0,0.5,0.0,0.5,1.0,1.0,1.0,0.0,0.0,1.0,0.0,0.0
453,0.019704433497536922,0.0,0.5,0.5,0.5,1.0,1.0,1.0,0.0,0.0,1.0,1.0,0.0
454,0.10344827586206895,1.0,0.5,0.25,0.0,0.0,0.0,0.5,1.0,1.0,0.0,0.0,0.0
455,0.4187192118226601,0.0,0.0,1.0,0.5,1.0,1.0,0.0,1.0,0.0,0.0,1.0,1.0
456,0.16256157635467977,0.5,0.5,0.75,1.0,0.0,0.0,0.5,0.0,0.0,0.0,1.0,1.0
457,0.11330049261083741,0.0,1.0,0.0,0.0,1.0,0.0,1.0,1.0,0.0,1.0,0.0,0.0
458,0.08866995073891626,0.5,0.0,0.5,0.0,1.0,1.0,1.0,1.0,1.0,0.0,1.0,0.0
459,0.13793103448275862,0.5,0.0,0.5,0.0,1.0,1.0,1.0,1.0,1.0,0.0,1.0,0.0
460,0.2807881773399014,0.5,0.0,0.5,0.0,1.0,1.0,1.0,1.0,1.0,0.0,1.0,0.0
461,0.08374384236453203,0.5,1.0,0.75,1.0,0.0,0.0,0.0,0.0,0.0,1.0,0.5,1.0
462,0.04433497536945813,0.5,0.0,0.5,0.5,0.0,1.0,1.0,0.0,0.0,0.0,1.0,0.0
463,0.03448275862068967,0.5,0.0,0.5,0.5,0.0,1.0,1.0,0.0,0.0,0.0,1.0,0.0
464,0.11330049261083741,0.0,0.0,0.75,1.0,1.0,1.0,0.5,0.0,0.0,0.0,1.0,1.0
465,0.10344827586206895,1.0,0.0,0.25,0.0,0.0,1.0,1.0,1.0,1.0,0.0,0.5,0.0
466,0.024630541871921152,0.0,1.0,0.25,0.5,1.0,0.0,0.5,0.0,0.0,1.0,0.0,0.0
467,0.18226600985221675,0.0,1.0,0.25,0.5,1.0,0.0,1.0,1.0,0.0,1.0,0.5,1.0
468,0.2118226600985222,0.0,1.0,0.25,0.5,1.0,0.0,1.0,1.0,0.0,1.0,0.5,1.0
469,0.12807881773399016,0.0,1.0,0.25,0.0,1.0,0.0,0.5,1.0,0.0,1.0,0.0,0.0
470,0.10344827586206895,0.5,0.5,0.5,0.0,1.0,0.0,1.0,1.0,1.0,0.0,1.0,0.0
471,0.11330049261083741,0.0,0.5,0.5,1.0,1.0,0.0,1.0,0.0,0.0,0.0,1.0,1.0
472,0.16256157635467977,0.5,1.0,0.25,0.5,0.0,0.0,1.0,1.0,0.0,1.0,0.5,1.0
473,0.22660098522167488,0.5,1.0,0.25,0.5,0.0,0.0,1.0,1.0,0.0,1.0,0.5,1.0
474,0.08866995073891626,0.5,0.0,0.5,0.0,0.0,1.0,0.5,1.0,0.0,0.0,0.5,0.0
475,0.08866995073891626,0.0,1.0,0.75,0.5,1.0,0.0,0.0,0.0,0.0,1.0,0.5,0.0
476,0.10344827586206895,1.0,0.5,0.75,0.5,0.0,1.0,0.0,0.0,1.0,1.0,0.5,0.0
477,0.2315270935960591,0.5,0.5,0.0,0.5,1.0,1.0,1.0,1.0,1.0,1.0,0.0,1.0
478,0.22167487684729065,0.5,0.5,0.0,0.5,1.0,1.0,1.0,1.0,1.0,1.0,0.0,1.0
479,0.1970443349753695,0.5,0.5,0.0,0.5,1.0,1.0,1.0,1.0,1.0,1.0,0.0,1.0
480,0.23645320197044334,0.5,0.5,0.0,0.5,1.0,0.0,1.0,1.0,1.0,0.0,0.0,1.0
481,0.2315270935960591,0.0,1.0,0.5,0.5,1.0,0.0,0.0,1.0,0.0,1.0,0.0,1.0
482,0.1330049261083744,0.5,0.0,1.0,0.0,0.0,1.0,0.0,1.0,0.0,0.0,1.0,0.0
483,0.20689655172413796,0.0,1.0,0.75,0.0,1.0,0.0,0.5,1.0,0.0,1.0,1.0,0.0
484,0.05418719211822659,0.0,1.0,0.25,0.5,1.0,0.0,1.0,0.0,0.0,1.0,0.5,0.0
485,0.12807881773399016,0.5,0.0,0.75,1.0,1.0,1.0,0.5,0.0,1.0,0.0,1.0,1.0
486,0.04433497536945813,0.5,1.0,0.5,0.5,0.0,0.0,1.0,0.0,0.0,1.0,1.0,0.0
487,0.03448275862068967,0.5,1.0,0.5,0.5,0.0,0.0,1.0,0.0,0.0,1.0,1.0,0.0
488,0.1527093596059113,1.0,0.0,0.25,0.0,0.0,1.0,0.5,1.0,1.0,0.0,0.0,0.0
489,1.0,0.0,0.5,0.75,0.5,1.0,0.0,0.0,1.0,0.0,0.0,0.5,1.0
490,0.08374384236453203,0.5,0.0,0.25,0.0,0.0,1.0,0.5,1.0,0.0,0.0,0.0,0.0
491,0.18719211822660098,0.5,1.0,0.5,0.0,1.0,0.0,0.5,1.0,1.0,1.0,0.5,0.0
492,0.1970443349753695,0.5,1.0,0.25,0.5,0.0,0.0,0.5,1.0,0.0,1.0,0.0,1.0
493,0.1527093596059113,0.0,1.0,0.75,1.0,1.0,0.0,0.0,0.0,0.0,1.0,0.5,1.0
494,0.1330049261083744,1.0,1.0,1.0,1.0,0.0,0.0,0.0,0.0,1.0,1.0,1.0,1.0
495,0.06896551724137928,1.0,1.0,1.0,1.0,0.0,0.0,0.0,0.0,1.0,1.0,1.0,1.0
496,0.14285714285714285,1.0,1.0,1.0,1.0,0.0,0.0,0.0,0.0,1.0,1.0,1.0,1.0
497,0.07389162561576351,0.5,1.0,0.75,0.5,1.0,0.0,0.5,0.0,1.0,1.0,1.0,0.0
498,0.16256157635467977,0.0,0.0,0.5,0.0,1.0,1.0,1.0,1.0,0.0,0.0,1.0,0.0
499,0.20689655172413796,0.0,0.0,0.5,0.0,1.0,1.0,1.0,1.0,0.0,0.0,1.0,0.0
500,0.20689655172413796,0.0,0.5,0.5,0.0,1.0,0.0,1.0,1.0,0.0,0.0,1.0,0.0
501,0.05911330049261082,0.5,0.0,0.75,1.0,0.0,1.0,0.0,0.0,0.0,0.0,0.5,1.0
502,0.11330049261083741,0.5,0.0,0.75,1.0,0.0,1.0,0.0,0.0,0.0,0.0,0.5,1.0
503,0.1527093596059113,0.5,0.5,0.0,1.0,1.0,0.0,1.0,0.0,1.0,0.0,0.0,1.0
504,0.23645320197044334,0.0,1.0,1.0,0.5,1.0,0.0,0.0,1.0,0.0,1.0,1.0,1.0
505,0.19211822660098515,0.0,1.0,1.0,0.5,1.0,0.0,0.0,1.0,0.0,1.0,1.0,1.0
506,0.05911330049261082,0.5,0.0,0.5,0.0,1.0,1.0,0.0,1.0,1.0,0.0,0.0,0.0
507,0.0788177339901478,0.5,0.0,0.5,1.0,0.0,1.0,1.0,0.0,0.0,0.0,1.0,1.0
508,0.024630541871921152,0.5,0.5,0.25,0.5,1.0,1.0,1.0,0.0,1.0,1.0,0.5,0.0
509,0.11330049261083741,1.0,0.5,0.5,0.0,0.0,0.0,1.0,1.0,1.0,0.0,1.0,0.0
