,pair_duration,c2-c1,h2-h1,i2-i1,n2-n1,c1,h1,i1,n1,c2,h2,i2,n2
0,0.12077294685990336,0.5,0.0,1.0,1.0,1.0,1.0,0.0,0.0,1.0,0.0,1.0,1.0
1,0.14009661835748793,0.5,0.5,0.25,1.0,0.0,1.0,1.0,0.0,0.0,1.0,0.5,1.0
2,0.048309178743961345,1.0,0.5,0.25,0.5,0.0,1.0,0.5,0.0,1.0,1.0,0.0,0.0
3,0.08212560386473428,0.5,0.0,0.75,0.5,1.0,1.0,0.0,0.0,1.0,0.0,0.5,0.0
4,0.20772946859903385,0.5,0.5,0.75,0.5,0.0,0.0,0.0,1.0,0.0,0.0,0.5,1.0
5,0.23671497584541057,0.5,1.0,0.75,0.5,0.0,0.0,0.5,1.0,0.0,1.0,1.0,1.0
6,0.28019323671497587,1.0,0.0,0.25,0.5,0.0,1.0,1.0,1.0,1.0,0.0,0.5,1.0
7,0.27053140096618356,0.5,1.0,0.25,1.0,1.0,0.0,1.0,0.0,1.0,1.0,0.5,1.0
8,0.10628019323671495,0.5,1.0,0.25,1.0,1.0,0.0,0.5,0.0,1.0,1.0,0.0,1.0
9,0.2753623188405797,0.5,0.0,1.0,0.5,0.0,1.0,0.0,1.0,0.0,0.0,1.0,1.0
10,0.28019323671497587,1.0,0.5,0.0,0.5,0.0,0.0,1.0,1.0,1.0,0.0,0.0,1.0
11,0.14492753623188404,0.5,0.5,0.5,0.0,1.0,1.0,0.5,1.0,1.0,1.0,0.5,0.0
12,0.09178743961352653,0.0,0.5,0.25,1.0,1.0,0.0,0.5,0.0,0.0,0.0,0.0,1.0
13,0.10144927536231885,0.5,1.0,0.5,0.0,0.0,0.0,0.0,1.0,0.0,1.0,0.0,0.0
14,0.19323671497584538,0.0,0.0,0.25,0.5,1.0,1.0,1.0,1.0,0.0,0.0,0.5,1.0
15,0.08695652173913043,1.0,0.5,0.5,1.0,0.0,1.0,0.5,0.0,1.0,1.0,0.5,1.0
16,0.03864734299516909,1.0,1.0,1.0,0.5,0.0,0.0,0.0,0.0,1.0,1.0,1.0,0.0
17,0.09661835748792269,0.0,0.5,0.0,1.0,1.0,1.0,1.0,0.0,0.0,1.0,0.0,1.0
18,0.18357487922705312,1.0,0.0,0.75,0.5,0.0,1.0,0.0,1.0,1.0,0.0,0.5,1.0
19,0.1111111111111111,0.5,0.0,0.5,0.0,1.0,1.0,0.5,1.0,1.0,0.0,0.5,0.0
20,0.10628019323671495,0.5,1.0,0.25,1.0,1.0,0.0,0.5,0.0,1.0,1.0,0.0,1.0
21,0.10628019323671495,0.5,0.5,0.5,0.0,1.0,1.0,0.0,1.0,1.0,1.0,0.0,0.0
22,0.08695652173913043,0.5,0.0,0.5,1.0,1.0,1.0,1.0,0.0,1.0,0.0,1.0,1.0
23,0.2028985507246377,0.0,0.5,0.0,0.5,1.0,0.0,1.0,1.0,0.0,0.0,0.0,1.0
24,0.21739130434782605,0.0,1.0,0.5,0.0,1.0,0.0,0.5,1.0,0.0,1.0,0.5,0.0
25,0.19806763285024154,1.0,0.5,0.25,1.0,0.0,1.0,0.5,0.0,1.0,1.0,0.0,1.0
26,0.18357487922705312,0.0,0.5,1.0,0.0,1.0,1.0,0.0,1.0,0.0,1.0,1.0,0.0
27,0.09661835748792269,0.0,0.5,0.25,1.0,1.0,0.0,1.0,0.0,0.0,0.0,0.5,1.0
28,0.1111111111111111,0.5,1.0,0.75,0.0,0.0,0.0,0.5,1.0,0.0,1.0,1.0,0.0
29,0.0579710144927536,1.0,0.5,0.75,0.5,0.0,1.0,0.5,0.0,1.0,1.0,1.0,0.0
30,0.07246376811594202,0.5,0.0,0.25,0.5,1.0,1.0,1.0,0.0,1.0,0.0,0.5,0.0
31,0.1111111111111111,0.5,1.0,0.75,1.0,1.0,0.0,0.5,0.0,1.0,1.0,1.0,1.0
32,0.13526570048309178,0.0,0.0,0.25,0.0,1.0,1.0,1.0,1.0,0.0,0.0,0.5,0.0
33,0.17874396135265697,0.5,1.0,0.5,1.0,0.0,0.0,0.5,0.0,0.0,1.0,0.5,1.0
34,0.1497584541062802,0.5,0.5,0.5,1.0,1.0,1.0,0.5,0.0,1.0,1.0,0.5,1.0
35,0.18840579710144928,0.5,0.5,0.75,0.0,1.0,1.0,0.5,1.0,1.0,1.0,1.0,0.0
36,0.20772946859903385,0.0,0.5,0.25,1.0,1.0,1.0,1.0,0.0,0.0,1.0,0.5,1.0
37,0.2125603864734299,0.5,0.5,0.25,0.0,0.0,1.0,0.5,1.0,0.0,1.0,0.0,0.0
38,0.1159420289855072,1.0,1.0,0.25,0.5,0.0,0.0,0.5,0.0,1.0,1.0,0.0,0.0
39,0.1159420289855072,0.5,0.0,0.5,1.0,1.0,1.0,0.0,0.0,1.0,0.0,0.0,1.0
40,0.07246376811594202,0.0,0.5,1.0,0.0,1.0,0.0,0.0,1.0,0.0,0.0,1.0,0.0
41,0.18357487922705312,0.5,0.5,0.25,0.5,0.0,0.0,1.0,1.0,0.0,0.0,0.5,1.0
42,0.15942028985507245,0.5,1.0,0.5,0.0,0.0,0.0,0.5,1.0,0.0,1.0,0.5,0.0
43,0.1642512077294686,0.0,1.0,0.5,1.0,1.0,0.0,1.0,0.0,0.0,1.0,1.0,1.0
44,0.20772946859903385,0.5,0.0,0.5,0.5,0.0,1.0,0.5,1.0,0.0,0.0,0.5,1.0
45,0.22705314009661837,1.0,1.0,0.75,0.5,0.0,0.0,0.0,1.0,1.0,1.0,0.5,1.0
46,0.15942028985507245,0.5,0.5,1.0,1.0,1.0,1.0,0.0,0.0,1.0,1.0,1.0,1.0
47,0.06763285024154586,0.0,0.5,0.5,1.0,1.0,0.0,0.5,0.0,0.0,0.0,0.5,1.0
48,0.14009661835748793,0.0,1.0,0.25,1.0,1.0,0.0,1.0,0.0,0.0,1.0,0.5,1.0
49,0.12077294685990336,0.5,0.5,0.25,0.0,0.0,1.0,0.5,1.0,0.0,1.0,0.0,0.0
50,0.14009661835748793,0.5,0.5,0.25,1.0,0.0,1.0,1.0,0.0,0.0,1.0,0.5,1.0
51,0.21739130434782605,1.0,0.5,0.75,0.0,0.0,1.0,0.0,1.0,1.0,1.0,0.5,0.0
52,0.08212560386473428,0.5,0.0,0.75,0.5,1.0,1.0,0.0,0.0,1.0,0.0,0.5,0.0
53,0.13526570048309178,0.5,0.5,0.0,1.0,0.0,0.0,1.0,0.0,0.0,0.0,0.0,1.0
54,0.26086956521739124,0.5,0.5,0.75,1.0,1.0,1.0,0.0,0.0,1.0,1.0,0.5,1.0
55,0.25120772946859904,0.5,0.0,0.75,0.5,1.0,1.0,0.5,1.0,1.0,0.0,1.0,1.0
56,0.28019323671497587,0.5,0.5,0.0,0.5,0.0,1.0,1.0,1.0,0.0,1.0,0.0,1.0
57,0.18840579710144928,0.5,0.0,0.5,0.0,0.0,1.0,0.0,1.0,0.0,0.0,0.0,0.0
58,0.13526570048309178,1.0,0.5,0.75,1.0,0.0,0.0,0.0,0.0,1.0,0.0,0.5,1.0
59,0.14009661835748793,0.5,0.5,0.75,0.0,1.0,0.0,0.5,1.0,1.0,0.0,1.0,0.0
60,0.024154589371980673,1.0,0.5,0.5,0.5,0.0,0.0,0.0,0.0,1.0,0.0,0.0,0.0
61,0.028985507246376774,1.0,0.5,0.75,0.5,0.0,0.0,0.0,0.0,1.0,0.0,0.5,0.0
62,0.1497584541062802,0.5,1.0,0.0,0.0,0.0,0.0,1.0,1.0,0.0,1.0,0.0,0.0
63,0.06763285024154586,1.0,0.5,0.25,0.5,0.0,1.0,1.0,0.0,1.0,1.0,0.5,0.0
64,0.12077294685990336,0.0,0.0,0.75,1.0,1.0,1.0,0.0,0.0,0.0,0.0,0.5,1.0
65,0.15942028985507245,1.0,1.0,0.75,0.5,0.0,0.0,0.5,1.0,1.0,1.0,1.0,1.0
66,0.17391304347826086,0.5,0.0,0.25,0.5,1.0,1.0,1.0,1.0,1.0,0.0,0.5,1.0
67,0.2125603864734299,0.5,1.0,0.0,0.5,1.0,0.0,1.0,1.0,1.0,1.0,0.0,1.0
68,0.14009661835748793,0.5,0.0,0.5,0.0,1.0,1.0,0.0,1.0,1.0,0.0,0.0,0.0
69,0.07729468599033817,0.5,1.0,1.0,0.5,1.0,0.0,0.0,0.0,1.0,1.0,1.0,0.0
70,0.15942028985507245,0.0,0.0,0.0,1.0,1.0,1.0,1.0,0.0,0.0,0.0,0.0,1.0
71,0.14492753623188404,0.0,1.0,1.0,1.0,1.0,0.0,0.0,0.0,0.0,1.0,1.0,1.0
72,0.13043478260869562,0.5,0.5,0.25,0.0,0.0,1.0,1.0,1.0,0.0,1.0,0.5,0.0
73,0.028985507246376774,0.5,0.0,0.5,0.5,0.0,1.0,0.5,0.0,0.0,0.0,0.5,0.0
74,0.10628019323671495,0.5,1.0,0.25,1.0,0.0,0.0,0.5,0.0,0.0,1.0,0.0,1.0
75,0.19323671497584538,0.5,0.0,0.75,0.5,0.0,1.0,0.0,1.0,0.0,0.0,0.5,1.0
76,0.14009661835748793,1.0,1.0,0.5,0.0,0.0,0.0,0.5,1.0,1.0,1.0,0.5,0.0
77,0.14492753623188404,0.5,0.0,0.5,1.0,1.0,1.0,0.5,0.0,1.0,0.0,0.5,1.0
78,0.1111111111111111,0.0,0.5,0.75,0.0,1.0,0.0,0.5,1.0,0.0,0.0,1.0,0.0
79,0.08212560386473428,0.5,0.0,0.75,0.5,1.0,1.0,0.0,0.0,1.0,0.0,0.5,0.0
80,0.07729468599033817,0.0,0.5,0.75,0.5,1.0,0.0,0.5,0.0,0.0,0.0,1.0,0.0
81,0.20772946859903385,0.5,0.5,0.75,0.5,0.0,0.0,0.0,1.0,0.0,0.0,0.5,1.0
82,0.0579710144927536,0.5,1.0,0.75,0.0,0.0,0.0,0.0,1.0,0.0,1.0,0.5,0.0
83,0.048309178743961345,0.5,0.5,0.5,0.0,0.0,1.0,1.0,1.0,0.0,1.0,1.0,0.0
84,0.09178743961352653,0.0,0.5,0.75,0.0,1.0,1.0,0.0,1.0,0.0,1.0,0.5,0.0
85,0.23671497584541057,0.0,0.0,0.5,0.5,1.0,1.0,1.0,1.0,0.0,0.0,1.0,1.0
86,0.17874396135265697,1.0,1.0,0.0,0.0,0.0,0.0,1.0,1.0,1.0,1.0,0.0,0.0
87,0.08212560386473428,0.5,0.5,0.75,0.5,1.0,1.0,0.0,0.0,1.0,1.0,0.5,0.0
88,0.053140096618357446,0.0,0.5,0.25,0.5,1.0,1.0,0.5,0.0,0.0,1.0,0.0,0.0
89,0.18357487922705312,0.5,0.5,1.0,0.5,1.0,0.0,0.0,1.0,1.0,0.0,1.0,1.0
90,0.23188405797101452,0.5,1.0,0.25,0.5,1.0,0.0,1.0,1.0,1.0,1.0,0.5,1.0
91,0.1159420289855072,1.0,0.0,0.0,0.0,0.0,1.0,1.0,1.0,1.0,0.0,0.0,0.0
92,0.09661835748792269,0.5,0.5,0.5,0.0,0.0,1.0,0.0,1.0,0.0,1.0,0.0,0.0
93,0.13526570048309178,0.0,0.5,0.5,1.0,1.0,1.0,0.0,0.0,0.0,1.0,0.0,1.0
94,0.1159420289855072,1.0,0.0,0.5,0.0,0.0,1.0,0.0,1.0,1.0,0.0,0.0,0.0
95,0.12560386473429952,0.5,0.0,0.0,0.0,0.0,1.0,1.0,1.0,0.0,0.0,0.0,0.0
96,0.09178743961352653,1.0,1.0,0.75,1.0,0.0,0.0,0.0,0.0,1.0,1.0,0.5,1.0
97,0.10628019323671495,0.0,0.0,0.75,0.0,1.0,1.0,0.5,1.0,0.0,0.0,1.0,0.0
98,0.1159420289855072,0.5,1.0,0.25,1.0,0.0,0.0,1.0,0.0,0.0,1.0,0.5,1.0
99,0.14009661835748793,0.5,0.5,0.25,1.0,0.0,1.0,1.0,0.0,0.0,1.0,0.5,1.0
100,0.2753623188405797,0.5,0.5,0.25,0.5,0.0,1.0,0.5,1.0,0.0,1.0,0.0,1.0
101,0.08212560386473428,0.5,0.0,0.75,0.5,1.0,1.0,0.0,0.0,1.0,0.0,0.5,0.0
102,0.13526570048309178,0.5,0.5,0.0,1.0,0.0,0.0,1.0,0.0,0.0,0.0,0.0,1.0
103,0.23671497584541057,0.5,1.0,0.75,0.5,0.0,0.0,0.5,1.0,0.0,1.0,1.0,1.0
104,0.28019323671497587,1.0,0.0,0.25,0.5,0.0,1.0,1.0,1.0,1.0,0.0,0.5,1.0
105,0.09178743961352653,1.0,1.0,0.75,0.5,0.0,0.0,0.5,0.0,1.0,1.0,1.0,0.0
106,0.17391304347826086,0.0,0.5,0.5,1.0,1.0,1.0,1.0,0.0,0.0,1.0,1.0,1.0
107,0.23188405797101452,1.0,0.0,0.0,0.5,0.0,1.0,1.0,1.0,1.0,0.0,0.0,1.0
108,0.14492753623188404,0.0,1.0,0.5,0.0,1.0,0.0,0.0,1.0,0.0,1.0,0.0,0.0
109,0.15942028985507245,0.5,0.5,0.5,1.0,0.0,1.0,0.0,0.0,0.0,1.0,0.0,1.0
110,0.18840579710144928,1.0,0.0,0.5,0.0,0.0,1.0,0.0,1.0,1.0,0.0,0.0,0.0
111,0.18357487922705312,0.0,0.5,0.5,1.0,1.0,0.0,0.0,0.0,0.0,0.0,0.0,1.0
112,0.2850241545893719,1.0,1.0,0.5,0.5,0.0,0.0,0.0,1.0,1.0,1.0,0.0,1.0
113,0.1690821256038647,1.0,1.0,0.25,0.0,0.0,0.0,0.5,1.0,1.0,1.0,0.0,0.0
114,0.13526570048309178,0.0,0.5,0.5,1.0,1.0,1.0,0.0,0.0,0.0,1.0,0.0,1.0
115,0.1159420289855072,1.0,0.0,0.5,0.0,0.0,1.0,0.0,1.0,1.0,0.0,0.0,0.0
116,0.09178743961352653,1.0,1.0,0.75,1.0,0.0,0.0,0.0,0.0,1.0,1.0,0.5,1.0
117,0.10628019323671495,0.0,0.0,0.75,0.0,1.0,1.0,0.5,1.0,0.0,0.0,1.0,0.0
118,0.07729468599033817,1.0,0.5,0.25,1.0,0.0,0.0,1.0,0.0,1.0,0.0,0.5,1.0
119,0.08212560386473428,0.0,1.0,0.75,0.0,1.0,0.0,0.5,1.0,0.0,1.0,1.0,0.0
120,0.04347826086956519,1.0,0.0,0.0,0.5,0.0,1.0,1.0,0.0,1.0,0.0,0.0,0.0
121,0.07246376811594202,0.5,1.0,0.75,0.5,1.0,0.0,0.0,0.0,1.0,1.0,0.5,0.0
122,0.1642512077294686,0.0,0.5,0.5,1.0,1.0,1.0,0.5,0.0,0.0,1.0,0.5,1.0
123,0.23671497584541057,1.0,0.5,0.5,0.5,0.0,1.0,0.5,1.0,1.0,1.0,0.5,1.0
124,0.17391304347826086,0.0,0.5,0.25,0.0,1.0,1.0,0.5,1.0,0.0,1.0,0.0,0.0
125,0.23671497584541057,0.5,1.0,0.75,0.5,0.0,0.0,0.5,1.0,0.0,1.0,1.0,1.0
126,0.28019323671497587,1.0,0.0,0.25,0.5,0.0,1.0,1.0,1.0,1.0,0.0,0.5,1.0
127,0.2946859903381642,1.0,0.5,0.75,0.5,0.0,0.0,0.0,1.0,1.0,0.0,0.5,1.0
128,0.19806763285024154,1.0,0.5,0.25,1.0,0.0,1.0,0.5,0.0,1.0,1.0,0.0,1.0
129,0.18357487922705312,0.0,0.5,1.0,0.0,1.0,1.0,0.0,1.0,0.0,1.0,1.0,0.0
130,0.12077294685990336,0.5,0.0,1.0,0.5,1.0,1.0,0.0,0.0,1.0,0.0,1.0,0.0
131,0.13043478260869562,0.0,1.0,0.25,0.0,1.0,0.0,1.0,1.0,0.0,1.0,0.5,0.0
132,0.08212560386473428,0.5,1.0,0.75,1.0,0.0,0.0,0.0,0.0,0.0,1.0,0.5,1.0
133,0.19323671497584538,1.0,0.5,0.75,0.5,0.0,1.0,0.5,1.0,1.0,1.0,1.0,1.0
134,0.1497584541062802,0.5,0.0,0.5,1.0,0.0,1.0,0.0,0.0,0.0,0.0,0.0,1.0
135,0.14009661835748793,0.5,1.0,0.75,0.0,0.0,0.0,0.0,1.0,0.0,1.0,0.5,0.0
136,0.2125603864734299,0.5,0.5,0.75,0.5,1.0,1.0,0.0,1.0,1.0,1.0,0.5,1.0
137,0.14492753623188404,0.5,1.0,0.25,0.0,1.0,0.0,0.5,1.0,1.0,1.0,0.0,0.0
138,0.03864734299516909,0.5,1.0,0.5,0.5,0.0,0.0,0.5,0.0,0.0,1.0,0.5,0.0
139,0.19323671497584538,0.5,0.5,0.75,0.5,1.0,1.0,0.5,1.0,1.0,1.0,1.0,1.0
140,0.25120772946859904,0.5,0.0,0.5,0.5,1.0,1.0,1.0,1.0,1.0,0.0,1.0,1.0
141,0.17391304347826086,0.0,0.5,0.0,0.0,1.0,0.0,1.0,1.0,0.0,0.0,0.0,0.0
142,0.08212560386473428,0.5,0.5,1.0,0.5,0.0,0.0,0.0,0.0,0.0,0.0,1.0,0.0
143,0.10628019323671495,0.5,0.5,0.25,1.0,0.0,0.0,1.0,0.0,0.0,0.0,0.5,1.0
144,0.06280193236714976,0.5,0.5,0.5,0.0,0.0,0.0,0.5,1.0,0.0,0.0,0.5,0.0
145,0.07729468599033817,0.0,0.5,0.75,0.5,1.0,0.0,0.5,0.0,0.0,0.0,1.0,0.0
146,0.2125603864734299,1.0,0.5,0.5,0.5,0.0,1.0,0.0,1.0,1.0,1.0,0.0,1.0
147,0.0579710144927536,0.5,0.5,1.0,0.5,0.0,1.0,0.0,0.0,0.0,1.0,1.0,0.0
148,0.10144927536231885,1.0,0.0,0.0,1.0,0.0,1.0,1.0,0.0,1.0,0.0,0.0,1.0
149,0.13526570048309178,0.5,0.0,0.75,0.0,0.0,1.0,0.0,1.0,0.0,0.0,0.5,0.0
150,0.15942028985507245,1.0,1.0,1.0,0.0,0.0,0.0,0.0,1.0,1.0,1.0,1.0,0.0
151,0.1545893719806763,0.0,0.0,0.5,1.0,1.0,1.0,1.0,0.0,0.0,0.0,1.0,1.0
152,0.23188405797101452,1.0,0.5,0.25,0.5,0.0,0.0,1.0,1.0,1.0,0.0,0.5,1.0
153,0.1642512077294686,0.5,0.0,0.75,0.0,0.0,1.0,0.5,1.0,0.0,0.0,1.0,0.0
154,0.12077294685990336,1.0,1.0,0.25,0.5,0.0,0.0,1.0,0.0,1.0,1.0,0.5,0.0
155,0.14009661835748793,0.5,0.5,0.25,1.0,0.0,1.0,1.0,0.0,0.0,1.0,0.5,1.0
156,0.08695652173913043,0.0,0.5,0.5,0.5,1.0,1.0,0.5,0.0,0.0,1.0,0.5,0.0
157,0.048309178743961345,1.0,0.5,0.25,0.5,0.0,1.0,0.5,0.0,1.0,1.0,0.0,0.0
158,0.20772946859903385,0.5,0.5,0.75,0.5,0.0,0.0,0.0,1.0,0.0,0.0,0.5,1.0
159,0.23671497584541057,0.5,1.0,0.75,0.5,0.0,0.0,0.5,1.0,0.0,1.0,1.0,1.0
160,0.28019323671497587,1.0,0.0,0.25,0.5,0.0,1.0,1.0,1.0,1.0,0.0,0.5,1.0
161,0.26086956521739124,0.5,0.5,0.75,1.0,1.0,1.0,0.0,0.0,1.0,1.0,0.5,1.0
162,0.25120772946859904,0.5,0.0,0.75,0.5,1.0,1.0,0.5,1.0,1.0,0.0,1.0,1.0
163,0.18840579710144928,0.5,0.0,0.5,0.0,0.0,1.0,0.0,1.0,0.0,0.0,0.0,0.0
164,0.07729468599033817,0.5,0.0,0.25,0.5,1.0,1.0,0.5,0.0,1.0,0.0,0.0,0.0
165,0.19323671497584538,0.5,0.5,0.75,0.5,1.0,1.0,0.5,1.0,1.0,1.0,1.0,1.0
166,0.25120772946859904,0.5,0.0,0.5,0.5,1.0,1.0,1.0,1.0,1.0,0.0,1.0,1.0
167,0.17391304347826086,0.0,0.5,0.0,0.0,1.0,0.0,1.0,1.0,0.0,0.0,0.0,0.0
168,0.08212560386473428,0.5,0.5,1.0,0.5,0.0,0.0,0.0,0.0,0.0,0.0,1.0,0.0
169,0.06763285024154586,0.5,1.0,0.25,0.5,0.0,0.0,0.5,0.0,0.0,1.0,0.0,0.0
170,0.18357487922705312,0.5,0.0,0.75,0.0,1.0,1.0,0.0,1.0,1.0,0.0,0.5,0.0
171,0.0579710144927536,0.5,1.0,0.5,1.0,1.0,0.0,0.0,0.0,1.0,1.0,0.0,1.0
172,0.09661835748792269,0.5,1.0,0.5,1.0,0.0,0.0,0.0,0.0,0.0,1.0,0.0,1.0
173,0.2125603864734299,1.0,0.5,0.5,0.5,0.0,1.0,0.0,1.0,1.0,1.0,0.0,1.0
174,0.19323671497584538,0.5,0.5,0.75,0.0,1.0,1.0,0.0,1.0,1.0,1.0,0.5,0.0
175,0.06763285024154586,1.0,1.0,0.0,0.5,0.0,0.0,1.0,0.0,1.0,1.0,0.0,0.0
176,0.12560386473429952,0.5,0.5,0.5,0.0,0.0,0.0,1.0,1.0,0.0,0.0,1.0,0.0
177,0.23188405797101452,0.5,0.5,0.25,0.5,0.0,1.0,1.0,1.0,0.0,1.0,0.5,1.0
178,0.10144927536231885,0.5,0.5,0.75,1.0,1.0,0.0,0.5,0.0,1.0,0.0,1.0,1.0
179,0.08695652173913043,0.0,0.5,0.25,0.0,1.0,0.0,1.0,1.0,0.0,0.0,0.5,0.0
180,0.09661835748792269,0.5,0.5,0.5,0.0,0.0,1.0,0.0,1.0,0.0,1.0,0.0,0.0
181,0.17874396135265697,0.5,0.5,1.0,0.5,0.0,0.0,0.0,1.0,0.0,0.0,1.0,1.0
182,0.2222222222222222,0.5,0.5,0.0,0.5,0.0,0.0,1.0,1.0,0.0,0.0,0.0,1.0
183,0.13526570048309178,1.0,0.5,0.5,0.0,0.0,0.0,0.0,1.0,1.0,0.0,0.0,0.0
184,0.0579710144927536,0.5,1.0,0.5,1.0,1.0,0.0,0.0,0.0,1.0,1.0,0.0,1.0
185,0.17391304347826086,0.0,0.5,0.5,0.5,1.0,0.0,0.5,1.0,0.0,0.0,0.5,1.0
186,0.17874396135265697,0.5,1.0,0.5,0.5,0.0,0.0,0.5,1.0,0.0,1.0,0.5,1.0
187,0.09661835748792269,1.0,0.5,0.25,0.0,0.0,1.0,0.5,1.0,1.0,1.0,0.0,0.0
188,0.1159420289855072,1.0,0.0,0.5,1.0,0.0,1.0,1.0,0.0,1.0,0.0,1.0,1.0
189,0.2028985507246377,0.5,1.0,0.5,0.5,1.0,0.0,1.0,1.0,1.0,1.0,1.0,1.0
190,0.1159420289855072,1.0,0.0,0.0,0.0,0.0,1.0,1.0,1.0,1.0,0.0,0.0,0.0
191,0.1111111111111111,0.0,0.0,0.5,1.0,1.0,1.0,0.0,0.0,0.0,0.0,0.0,1.0
192,0.028985507246376774,0.5,0.0,0.5,0.5,1.0,1.0,0.5,0.0,1.0,0.0,0.5,0.0
193,0.10144927536231885,0.5,0.5,0.75,1.0,1.0,0.0,0.5,0.0,1.0,0.0,1.0,1.0
194,0.08695652173913043,0.0,0.5,0.25,0.0,1.0,0.0,1.0,1.0,0.0,0.0,0.5,0.0
195,0.024154589371980673,0.5,1.0,0.5,0.5,0.0,0.0,0.5,0.0,0.0,1.0,0.5,0.0
196,0.1111111111111111,0.5,0.5,0.25,1.0,0.0,1.0,0.5,0.0,0.0,1.0,0.0,1.0
197,0.09661835748792269,0.5,0.5,0.5,0.0,0.0,1.0,0.0,1.0,0.0,1.0,0.0,0.0
198,0.14009661835748793,0.5,1.0,0.75,0.0,0.0,0.0,0.0,1.0,0.0,1.0,0.5,0.0
199,0.1111111111111111,0.5,0.5,0.25,1.0,1.0,0.0,0.5,0.0,1.0,0.0,0.0,1.0
200,0.2125603864734299,0.0,1.0,0.75,0.5,1.0,0.0,0.0,1.0,0.0,1.0,0.5,1.0
201,0.1497584541062802,0.5,0.5,0.0,1.0,1.0,1.0,1.0,0.0,1.0,1.0,0.0,1.0
202,0.17874396135265697,0.0,0.0,0.5,0.5,1.0,1.0,0.5,1.0,0.0,0.0,0.5,1.0
203,0.17874396135265697,0.5,0.5,1.0,0.5,0.0,0.0,0.0,1.0,0.0,0.0,1.0,1.0
204,0.13526570048309178,1.0,0.5,0.5,0.5,0.0,0.0,1.0,1.0,1.0,0.0,1.0,1.0
205,0.10144927536231885,0.5,0.5,0.75,1.0,0.0,1.0,0.0,0.0,0.0,1.0,0.5,1.0
206,0.10628019323671495,1.0,0.5,0.5,0.0,0.0,1.0,0.5,1.0,1.0,1.0,0.5,0.0
207,0.028985507246376774,0.5,0.0,0.75,0.5,1.0,1.0,0.5,0.0,1.0,0.0,1.0,0.0
208,0.048309178743961345,0.5,1.0,0.0,0.5,1.0,0.0,1.0,0.0,1.0,1.0,0.0,0.0
209,0.09178743961352653,0.5,0.0,0.5,0.5,1.0,1.0,0.0,0.0,1.0,0.0,0.0,0.0
210,0.21739130434782605,0.5,0.5,0.75,1.0,1.0,0.0,0.0,0.0,1.0,0.0,0.5,1.0
211,0.0,1.0,0.0,0.75,0.5,0.0,1.0,0.5,0.0,1.0,0.0,1.0,0.0
212,0.048309178743961345,0.5,1.0,0.5,1.0,1.0,0.0,0.5,0.0,1.0,1.0,0.5,1.0
213,0.10628019323671495,0.5,0.5,1.0,0.0,0.0,1.0,0.0,1.0,0.0,1.0,1.0,0.0
214,0.21739130434782605,0.0,0.0,0.75,0.5,1.0,1.0,0.0,1.0,0.0,0.0,0.5,1.0
215,0.2028985507246377,1.0,0.5,0.25,0.5,0.0,0.0,0.5,1.0,1.0,0.0,0.0,1.0
216,0.06763285024154586,0.0,0.0,0.0,0.0,1.0,1.0,1.0,1.0,0.0,0.0,0.0,0.0
217,0.13043478260869562,1.0,0.5,1.0,1.0,0.0,0.0,0.0,0.0,1.0,0.0,1.0,1.0
218,0.1545893719806763,0.5,0.0,0.25,0.5,1.0,1.0,0.5,1.0,1.0,0.0,0.0,1.0
219,0.1497584541062802,0.0,0.0,0.25,1.0,1.0,1.0,0.5,0.0,0.0,0.0,0.0,1.0
220,0.19806763285024154,1.0,0.5,0.75,0.5,0.0,0.0,0.0,1.0,1.0,0.0,0.5,1.0
221,0.22705314009661837,0.0,0.5,0.75,0.5,1.0,0.0,0.5,1.0,0.0,0.0,1.0,1.0
222,0.20772946859903385,1.0,0.5,0.0,0.0,0.0,0.0,1.0,1.0,1.0,0.0,0.0,0.0
223,0.15942028985507245,0.0,1.0,0.5,1.0,1.0,0.0,0.0,0.0,0.0,1.0,0.0,1.0
224,0.06280193236714976,0.0,0.5,0.0,0.5,1.0,1.0,1.0,0.0,0.0,1.0,0.0,0.0
225,0.15942028985507245,1.0,0.0,1.0,1.0,0.0,1.0,0.0,0.0,1.0,0.0,1.0,1.0
226,0.1159420289855072,1.0,0.0,0.5,1.0,0.0,1.0,1.0,0.0,1.0,0.0,1.0,1.0
227,0.09178743961352653,1.0,0.5,0.0,0.5,0.0,1.0,1.0,0.0,1.0,1.0,0.0,0.0
228,0.28019323671497587,1.0,0.5,0.0,0.5,0.0,0.0,1.0,1.0,1.0,0.0,0.0,1.0
229,0.2028985507246377,0.5,1.0,0.25,1.0,1.0,0.0,0.5,0.0,1.0,1.0,0.0,1.0
230,0.18357487922705312,0.0,0.0,1.0,0.0,1.0,1.0,0.0,1.0,0.0,0.0,1.0,0.0
231,0.14492753623188404,0.5,0.5,0.5,0.0,1.0,1.0,0.5,1.0,1.0,1.0,0.5,0.0
232,0.12560386473429952,0.5,0.0,0.0,0.0,0.0,1.0,1.0,1.0,0.0,0.0,0.0,0.0
233,0.10628019323671495,0.0,0.0,0.75,0.0,1.0,1.0,0.5,1.0,0.0,0.0,1.0,0.0
234,0.1159420289855072,0.5,1.0,0.25,1.0,0.0,0.0,1.0,0.0,0.0,1.0,0.5,1.0
235,0.22705314009661837,1.0,0.0,0.25,0.5,0.0,1.0,0.5,1.0,1.0,0.0,0.0,1.0
236,0.019323671497584516,0.0,0.0,0.5,0.5,1.0,1.0,0.0,0.0,0.0,0.0,0.0,0.0
237,0.15942028985507245,0.5,0.0,1.0,0.0,1.0,1.0,0.0,1.0,1.0,0.0,1.0,0.0
238,0.17391304347826086,0.0,0.5,0.0,0.0,1.0,0.0,1.0,1.0,0.0,0.0,0.0,0.0
239,0.06763285024154586,0.5,1.0,0.25,0.5,0.0,0.0,0.5,0.0,0.0,1.0,0.0,0.0
240,0.2222222222222222,0.5,0.5,0.0,0.5,0.0,0.0,1.0,1.0,0.0,0.0,0.0,1.0
241,0.13526570048309178,1.0,0.5,0.5,0.0,0.0,0.0,0.0,1.0,1.0,0.0,0.0,0.0
242,0.17391304347826086,0.0,0.5,0.5,0.5,1.0,0.0,0.5,1.0,0.0,0.0,0.5,1.0
243,0.028985507246376774,0.0,0.5,1.0,0.5,1.0,1.0,0.0,0.0,0.0,1.0,1.0,0.0
244,0.1159420289855072,1.0,0.0,0.5,1.0,0.0,1.0,1.0,0.0,1.0,0.0,1.0,1.0
245,0.17391304347826086,1.0,0.5,0.75,1.0,0.0,1.0,0.0,0.0,1.0,1.0,0.5,1.0
246,0.21739130434782605,0.5,0.5,0.25,0.5,1.0,1.0,0.5,1.0,1.0,1.0,0.0,1.0
247,0.1111111111111111,0.5,0.0,0.75,0.0,1.0,1.0,0.0,1.0,1.0,0.0,0.5,0.0
248,0.9082125603864735,0.5,0.0,0.25,1.0,1.0,1.0,0.5,0.0,1.0,0.0,0.0,1.0
249,1.0,0.5,0.5,0.75,0.5,1.0,0.0,0.0,1.0,1.0,0.0,0.5,1.0
250,0.17391304347826086,0.5,1.0,0.25,0.0,1.0,0.0,0.5,1.0,1.0,1.0,0.0,0.0
251,0.1545893719806763,0.0,0.0,0.75,1.0,1.0,1.0,0.0,0.0,0.0,0.0,0.5,1.0
252,0.09661835748792269,0.0,0.0,0.25,0.5,1.0,1.0,1.0,0.0,0.0,0.0,0.5,0.0
253,0.06763285024154586,0.5,0.5,0.25,0.5,0.0,0.0,1.0,0.0,0.0,0.0,0.5,0.0
254,0.053140096618357446,1.0,0.0,0.5,0.5,0.0,1.0,1.0,0.0,1.0,0.0,1.0,0.0
255,0.19806763285024154,0.5,0.5,1.0,0.5,0.0,1.0,0.0,1.0,0.0,1.0,1.0,1.0
256,0.23188405797101452,0.5,0.5,0.25,0.5,0.0,1.0,1.0,1.0,0.0,1.0,0.5,1.0
257,0.24637681159420288,0.5,0.0,0.25,0.5,0.0,1.0,0.5,1.0,0.0,0.0,0.0,1.0
258,0.1497584541062802,1.0,0.5,0.5,0.0,0.0,0.0,0.0,1.0,1.0,0.0,0.0,0.0
259,0.1111111111111111,0.5,0.5,0.75,0.5,1.0,0.0,0.0,0.0,1.0,0.0,0.5,0.0
260,0.14492753623188404,0.5,0.5,0.5,1.0,1.0,0.0,1.0,0.0,1.0,0.0,1.0,1.0
261,0.1111111111111111,0.5,1.0,0.25,0.0,0.0,0.0,0.5,1.0,0.0,1.0,0.0,0.0
262,0.1545893719806763,1.0,0.5,0.5,1.0,0.0,1.0,0.0,0.0,1.0,1.0,0.0,1.0
263,0.26086956521739124,0.5,0.5,0.75,0.5,1.0,1.0,0.0,1.0,1.0,1.0,0.5,1.0
264,0.23671497584541057,0.0,0.5,0.75,0.5,1.0,1.0,0.5,1.0,0.0,1.0,1.0,1.0
265,0.20772946859903385,0.5,0.0,0.5,0.5,0.0,1.0,1.0,1.0,0.0,0.0,1.0,1.0
266,0.1111111111111111,1.0,1.0,0.25,0.0,0.0,0.0,1.0,1.0,1.0,1.0,0.5,0.0
267,0.03864734299516909,0.0,0.0,0.5,0.5,1.0,1.0,0.5,0.0,0.0,0.0,0.5,0.0
268,0.1159420289855072,1.0,1.0,0.75,1.0,0.0,0.0,0.5,0.0,1.0,1.0,1.0,1.0
269,0.19323671497584538,0.5,0.0,0.0,0.0,1.0,1.0,1.0,1.0,1.0,0.0,0.0,0.0
270,0.03864734299516909,0.5,1.0,0.5,0.5,1.0,0.0,1.0,0.0,1.0,1.0,1.0,0.0
271,0.09178743961352653,1.0,0.0,0.25,1.0,0.0,1.0,1.0,0.0,1.0,0.0,0.5,1.0
272,0.14009661835748793,0.0,0.5,0.25,0.0,1.0,1.0,1.0,1.0,0.0,1.0,0.5,0.0
273,0.1159420289855072,0.5,0.0,0.25,1.0,0.0,1.0,0.5,0.0,0.0,0.0,0.0,1.0
274,0.24154589371980673,0.5,1.0,1.0,0.5,0.0,0.0,0.0,1.0,0.0,1.0,1.0,1.0
275,0.13526570048309178,0.5,0.0,0.25,0.0,0.0,1.0,1.0,1.0,0.0,0.0,0.5,0.0
276,0.13526570048309178,0.5,0.5,0.5,1.0,0.0,0.0,0.5,0.0,0.0,0.0,0.5,1.0
277,0.28019323671497587,1.0,1.0,0.25,0.5,0.0,0.0,0.5,1.0,1.0,1.0,0.0,1.0
278,0.048309178743961345,1.0,0.5,0.0,0.5,0.0,0.0,1.0,0.0,1.0,0.0,0.0,0.0
279,0.09178743961352653,0.5,1.0,0.75,1.0,1.0,0.0,0.0,0.0,1.0,1.0,0.5,1.0
280,0.10144927536231885,0.5,0.5,0.25,0.0,1.0,1.0,0.5,1.0,1.0,1.0,0.0,0.0
281,0.15942028985507245,0.5,0.5,1.0,1.0,1.0,1.0,0.0,0.0,1.0,1.0,1.0,1.0
282,0.1497584541062802,1.0,0.0,0.75,0.0,0.0,1.0,0.0,1.0,1.0,0.0,0.5,0.0
283,0.06763285024154586,0.0,0.5,0.5,1.0,1.0,0.0,0.5,0.0,0.0,0.0,0.5,1.0
284,0.07729468599033817,1.0,0.5,0.75,0.0,0.0,0.0,0.5,1.0,1.0,0.0,1.0,0.0
285,0.14009661835748793,0.0,1.0,0.25,1.0,1.0,0.0,1.0,0.0,0.0,1.0,0.5,1.0
286,0.12077294685990336,0.5,0.5,0.25,0.0,0.0,1.0,0.5,1.0,0.0,1.0,0.0,0.0
287,0.12560386473429952,1.0,0.0,0.75,1.0,0.0,1.0,0.5,0.0,1.0,0.0,1.0,1.0
288,0.19806763285024154,0.5,0.5,0.25,0.5,1.0,0.0,1.0,1.0,1.0,0.0,0.5,1.0
289,0.19806763285024154,0.0,1.0,0.5,0.5,1.0,0.0,0.5,1.0,0.0,1.0,0.5,1.0
290,0.1159420289855072,1.0,0.5,0.0,1.0,0.0,0.0,1.0,0.0,1.0,0.0,0.0,1.0
291,0.09661835748792269,0.5,1.0,1.0,0.0,1.0,0.0,0.0,1.0,1.0,1.0,1.0,0.0
292,0.04347826086956519,0.5,0.0,0.5,0.5,1.0,1.0,1.0,0.0,1.0,0.0,1.0,0.0
293,0.3719806763285024,0.0,0.5,0.5,0.5,1.0,1.0,0.5,1.0,0.0,1.0,0.5,1.0
294,0.2028985507246377,0.5,0.5,0.75,0.5,0.0,1.0,0.5,1.0,0.0,1.0,1.0,1.0
295,0.08212560386473428,1.0,0.5,0.0,0.0,0.0,1.0,1.0,1.0,1.0,1.0,0.0,0.0
296,0.17874396135265697,0.5,0.0,0.75,1.0,1.0,1.0,0.0,0.0,1.0,0.0,0.5,1.0
297,0.17391304347826086,0.0,0.5,1.0,1.0,1.0,1.0,0.0,0.0,0.0,1.0,1.0,1.0
298,0.12560386473429952,1.0,0.0,0.5,0.0,0.0,1.0,1.0,1.0,1.0,0.0,1.0,0.0
299,0.12560386473429952,0.0,0.5,0.0,1.0,1.0,0.0,1.0,0.0,0.0,0.0,0.0,1.0
300,0.1159420289855072,0.5,0.5,0.75,0.0,0.0,1.0,0.5,1.0,0.0,1.0,1.0,0.0
301,0.2125603864734299,1.0,0.5,0.5,0.5,0.0,1.0,0.0,1.0,1.0,1.0,0.0,1.0
302,0.1545893719806763,0.5,0.0,0.5,0.0,0.0,1.0,1.0,1.0,0.0,0.0,1.0,0.0
303,0.14009661835748793,0.0,0.0,1.0,1.0,1.0,1.0,0.0,0.0,0.0,0.0,1.0,1.0
304,0.13043478260869562,1.0,1.0,0.5,1.0,0.0,0.0,0.5,0.0,1.0,1.0,0.5,1.0
305,0.13043478260869562,0.0,0.5,0.75,0.0,1.0,1.0,0.5,1.0,0.0,1.0,1.0,0.0
306,0.1545893719806763,0.0,0.5,0.5,0.5,1.0,1.0,1.0,1.0,0.0,1.0,1.0,1.0
307,0.1545893719806763,0.5,0.5,0.25,1.0,1.0,1.0,0.5,0.0,1.0,1.0,0.0,1.0
308,0.1642512077294686,0.0,0.0,0.5,0.0,1.0,1.0,0.0,1.0,0.0,0.0,0.0,0.0
309,0.09178743961352653,0.5,0.5,0.75,1.0,0.0,0.0,0.0,0.0,0.0,0.0,0.5,1.0
310,0.08212560386473428,0.5,0.5,0.75,0.0,0.0,0.0,0.5,1.0,0.0,0.0,1.0,0.0
311,0.19806763285024154,0.5,0.0,0.5,0.5,1.0,1.0,0.5,1.0,1.0,0.0,0.5,1.0
312,0.10144927536231885,0.5,0.5,0.25,0.0,1.0,0.0,0.5,1.0,1.0,0.0,0.0,0.0
313,0.14009661835748793,0.5,0.5,0.5,1.0,1.0,0.0,0.0,0.0,1.0,0.0,0.0,1.0
314,0.41062801932367143,1.0,1.0,0.0,0.5,0.0,0.0,1.0,1.0,1.0,1.0,0.0,1.0
315,0.2995169082125604,0.0,0.5,1.0,0.5,1.0,1.0,0.0,1.0,0.0,1.0,1.0,1.0
316,0.07729468599033817,0.5,0.0,0.25,1.0,0.0,1.0,1.0,0.0,0.0,0.0,0.5,1.0
317,0.07729468599033817,0.0,0.5,0.5,0.5,1.0,0.0,0.5,0.0,0.0,0.0,0.5,0.0
318,0.09178743961352653,0.0,0.5,0.25,0.5,1.0,1.0,1.0,0.0,0.0,1.0,0.5,0.0
319,0.12560386473429952,1.0,0.0,0.75,1.0,0.0,1.0,0.5,0.0,1.0,0.0,1.0,1.0
320,0.21739130434782605,0.5,0.5,1.0,0.5,1.0,1.0,0.0,1.0,1.0,1.0,1.0,1.0
321,0.14009661835748793,0.5,1.0,0.5,0.0,0.0,0.0,1.0,1.0,0.0,1.0,1.0,0.0
322,0.07729468599033817,1.0,0.0,0.25,0.5,0.0,1.0,1.0,0.0,1.0,0.0,0.5,0.0
323,0.014492753623188415,0.5,0.5,1.0,0.5,1.0,0.0,0.0,0.0,1.0,0.0,1.0,0.0
324,0.2560386473429952,0.0,1.0,0.25,0.5,1.0,0.0,0.5,1.0,0.0,1.0,0.0,1.0
325,0.21739130434782605,1.0,0.0,0.5,0.5,0.0,1.0,0.0,1.0,1.0,0.0,0.0,1.0
326,0.26086956521739124,1.0,0.5,1.0,0.5,0.0,1.0,0.0,1.0,1.0,1.0,1.0,1.0
327,0.1545893719806763,1.0,1.0,0.75,0.0,0.0,0.0,0.5,1.0,1.0,1.0,1.0,0.0
328,0.15942028985507245,0.5,0.0,0.25,1.0,1.0,1.0,1.0,0.0,1.0,0.0,0.5,1.0
329,0.12077294685990336,0.5,0.5,0.5,0.0,1.0,0.0,0.5,1.0,1.0,0.0,0.5,0.0
330,0.13043478260869562,0.0,1.0,0.5,1.0,1.0,0.0,0.5,0.0,0.0,1.0,0.5,1.0
331,0.10144927536231885,0.5,0.5,0.0,0.0,0.0,0.0,1.0,1.0,0.0,0.0,0.0,0.0
332,0.024154589371980673,0.5,1.0,0.75,0.5,0.0,0.0,0.0,0.0,0.0,1.0,0.5,0.0
333,0.13043478260869562,1.0,1.0,0.0,1.0,0.0,0.0,1.0,0.0,1.0,1.0,0.0,1.0
334,0.12560386473429952,1.0,0.5,1.0,0.0,0.0,0.0,0.0,1.0,1.0,0.0,1.0,0.0
335,0.12560386473429952,1.0,0.5,0.75,0.0,0.0,0.0,0.0,1.0,1.0,0.0,0.5,0.0
336,0.13526570048309178,0.0,1.0,0.0,1.0,1.0,0.0,1.0,0.0,0.0,1.0,0.0,1.0
337,0.14009661835748793,0.0,0.5,1.0,1.0,1.0,0.0,0.0,0.0,0.0,0.0,1.0,1.0
338,0.2222222222222222,0.0,0.5,0.25,0.5,1.0,0.0,1.0,1.0,0.0,0.0,0.5,1.0
339,0.1111111111111111,1.0,1.0,0.25,0.0,0.0,0.0,1.0,1.0,1.0,1.0,0.5,0.0
340,0.08695652173913043,0.5,0.0,0.5,1.0,1.0,1.0,1.0,0.0,1.0,0.0,1.0,1.0
341,0.2028985507246377,0.0,0.5,0.0,0.5,1.0,0.0,1.0,1.0,0.0,0.0,0.0,1.0
342,0.2946859903381642,1.0,1.0,0.5,0.5,0.0,0.0,1.0,1.0,1.0,1.0,1.0,1.0
343,0.09178743961352653,1.0,1.0,0.75,0.5,0.0,0.0,0.5,0.0,1.0,1.0,1.0,0.0
344,0.17391304347826086,0.0,0.5,0.5,1.0,1.0,1.0,1.0,0.0,0.0,1.0,1.0,1.0
345,0.23188405797101452,1.0,0.0,0.0,0.5,0.0,1.0,1.0,1.0,1.0,0.0,0.0,1.0
346,0.15942028985507245,0.5,0.5,0.5,1.0,0.0,1.0,0.0,0.0,0.0,1.0,0.0,1.0
347,0.18840579710144928,1.0,0.0,0.5,0.0,0.0,1.0,0.0,1.0,1.0,0.0,0.0,0.0
348,0.18357487922705312,0.0,0.5,0.5,1.0,1.0,0.0,0.0,0.0,0.0,0.0,0.0,1.0
349,0.18357487922705312,0.5,0.0,0.75,0.0,1.0,1.0,0.0,1.0,1.0,0.0,0.5,0.0
350,0.09178743961352653,0.0,0.5,0.75,0.0,1.0,1.0,0.0,1.0,0.0,1.0,0.5,0.0
351,0.1545893719806763,0.5,1.0,0.75,1.0,0.0,0.0,0.5,0.0,0.0,1.0,1.0,1.0
352,0.1545893719806763,1.0,0.5,0.5,0.0,0.0,1.0,1.0,1.0,1.0,1.0,1.0,0.0
353,0.2753623188405797,0.5,0.0,1.0,0.5,0.0,1.0,0.0,1.0,0.0,0.0,1.0,1.0
354,0.28019323671497587,1.0,0.5,0.0,0.5,0.0,0.0,1.0,1.0,1.0,0.0,0.0,1.0
355,0.1642512077294686,0.5,0.5,0.75,0.0,1.0,0.0,0.0,1.0,1.0,0.0,0.5,0.0
356,0.2028985507246377,0.5,1.0,0.25,1.0,1.0,0.0,0.5,0.0,1.0,1.0,0.0,1.0
357,0.18357487922705312,0.0,0.0,1.0,0.0,1.0,1.0,0.0,1.0,0.0,0.0,1.0,0.0
358,0.03864734299516909,0.0,0.5,0.5,0.5,1.0,0.0,0.0,0.0,0.0,0.0,0.0,0.0
359,0.1159420289855072,0.0,0.0,0.5,1.0,1.0,1.0,0.0,0.0,0.0,0.0,0.0,1.0
360,0.1111111111111111,1.0,1.0,0.75,0.0,0.0,0.0,0.0,1.0,1.0,1.0,0.5,0.0
361,0.028985507246376774,0.5,0.0,0.5,0.5,1.0,1.0,0.5,0.0,1.0,0.0,0.5,0.0
362,0.10144927536231885,0.5,0.5,0.75,1.0,1.0,0.0,0.5,0.0,1.0,0.0,1.0,1.0
363,0.08695652173913043,0.0,0.5,0.25,0.0,1.0,0.0,1.0,1.0,0.0,0.0,0.5,0.0
364,0.1111111111111111,0.5,0.5,0.25,1.0,0.0,1.0,0.5,0.0,0.0,1.0,0.0,1.0
365,0.09661835748792269,0.5,0.5,0.5,0.0,0.0,1.0,0.0,1.0,0.0,1.0,0.0,0.0
366,0.1497584541062802,0.5,0.0,0.5,1.0,0.0,1.0,0.0,0.0,0.0,0.0,0.0,1.0
367,0.1111111111111111,0.5,0.5,0.25,1.0,1.0,0.0,0.5,0.0,1.0,0.0,0.0,1.0
368,0.2125603864734299,0.0,1.0,0.75,0.5,1.0,0.0,0.0,1.0,0.0,1.0,0.5,1.0
369,0.1642512077294686,1.0,0.5,0.75,0.0,0.0,1.0,0.5,1.0,1.0,1.0,1.0,0.0
370,0.1497584541062802,0.5,0.5,0.0,1.0,1.0,1.0,1.0,0.0,1.0,1.0,0.0,1.0
371,0.2125603864734299,0.5,0.5,0.75,0.5,1.0,1.0,0.0,1.0,1.0,1.0,0.5,1.0
372,0.15942028985507245,1.0,0.5,0.5,0.5,0.0,0.0,0.5,1.0,1.0,0.0,0.5,1.0
373,0.12077294685990336,0.5,0.0,1.0,0.5,1.0,1.0,0.0,0.0,1.0,0.0,1.0,0.0
374,0.1690821256038647,0.0,1.0,0.75,0.5,1.0,0.0,0.5,1.0,0.0,1.0,1.0,1.0
375,0.028985507246376774,0.0,0.0,0.5,0.5,1.0,1.0,1.0,0.0,0.0,0.0,1.0,0.0
376,0.13043478260869562,0.5,1.0,0.0,1.0,0.0,0.0,1.0,0.0,0.0,1.0,0.0,1.0
377,0.08212560386473428,0.5,0.5,0.75,0.5,1.0,1.0,0.0,0.0,1.0,1.0,0.5,0.0
378,0.23188405797101452,0.5,1.0,0.25,0.5,1.0,0.0,1.0,1.0,1.0,1.0,0.5,1.0
379,0.14009661835748793,0.0,0.0,0.5,0.0,1.0,1.0,0.5,1.0,0.0,0.0,0.5,0.0
380,0.053140096618357446,1.0,0.5,0.25,0.5,0.0,0.0,1.0,0.0,1.0,0.0,0.5,0.0
381,0.07246376811594202,0.5,1.0,0.25,0.5,1.0,0.0,0.5,0.0,1.0,1.0,0.0,0.0
382,0.13526570048309178,1.0,0.5,0.5,0.5,0.0,0.0,1.0,1.0,1.0,0.0,1.0,1.0
383,0.08695652173913043,1.0,0.5,0.5,1.0,0.0,1.0,1.0,0.0,1.0,1.0,1.0,1.0
384,0.10144927536231885,0.0,0.5,0.0,0.0,1.0,1.0,1.0,1.0,0.0,1.0,0.0,0.0
385,0.10628019323671495,1.0,0.5,0.5,0.0,0.0,1.0,0.5,1.0,1.0,1.0,0.5,0.0
386,0.028985507246376774,0.5,0.0,0.75,0.5,1.0,1.0,0.5,0.0,1.0,0.0,1.0,0.0
387,0.2028985507246377,0.0,0.5,0.0,0.5,1.0,0.0,1.0,1.0,0.0,0.0,0.0,1.0
388,0.19806763285024154,1.0,0.5,0.25,1.0,0.0,1.0,0.5,0.0,1.0,1.0,0.0,1.0
389,0.2028985507246377,1.0,1.0,0.5,1.0,0.0,0.0,1.0,0.0,1.0,1.0,1.0,1.0
390,0.13526570048309178,0.5,0.5,0.75,0.0,0.0,0.0,0.0,1.0,0.0,0.0,0.5,0.0
391,0.1642512077294686,0.5,0.5,0.75,0.0,1.0,0.0,0.0,1.0,1.0,0.0,0.5,0.0
392,0.2028985507246377,0.5,1.0,0.25,1.0,1.0,0.0,0.5,0.0,1.0,1.0,0.0,1.0
393,0.1111111111111111,1.0,1.0,0.25,1.0,0.0,0.0,1.0,0.0,1.0,1.0,0.5,1.0
394,0.03864734299516909,0.5,1.0,0.5,0.5,1.0,0.0,1.0,0.0,1.0,1.0,1.0,0.0
395,0.1159420289855072,0.5,0.0,0.25,1.0,0.0,1.0,0.5,0.0,0.0,0.0,0.0,1.0
396,0.24154589371980673,0.5,1.0,1.0,0.5,0.0,0.0,0.0,1.0,0.0,1.0,1.0,1.0
397,0.12560386473429952,0.5,0.5,1.0,1.0,0.0,1.0,0.0,0.0,0.0,1.0,1.0,1.0
398,0.17391304347826086,0.0,0.5,1.0,1.0,1.0,1.0,0.0,0.0,0.0,1.0,1.0,1.0
399,0.0579710144927536,1.0,0.0,0.5,0.5,0.0,1.0,0.0,0.0,1.0,0.0,0.0,0.0
400,0.048309178743961345,0.0,0.5,1.0,0.5,1.0,0.0,0.0,0.0,0.0,0.0,1.0,0.0
401,0.04347826086956519,0.5,0.0,0.5,0.5,1.0,1.0,1.0,0.0,1.0,0.0,1.0,0.0
402,0.27053140096618356,0.5,1.0,0.25,1.0,1.0,0.0,1.0,0.0,1.0,1.0,0.5,1.0
403,0.3719806763285024,0.0,0.5,0.5,0.5,1.0,1.0,0.5,1.0,0.0,1.0,0.5,1.0
404,0.08212560386473428,1.0,0.5,0.0,0.0,0.0,1.0,1.0,1.0,1.0,1.0,0.0,0.0
405,0.14492753623188404,0.0,1.0,0.5,0.0,1.0,0.0,0.0,1.0,0.0,1.0,0.0,0.0
406,0.15942028985507245,0.5,0.5,0.5,1.0,0.0,1.0,0.0,0.0,0.0,1.0,0.0,1.0
407,0.18840579710144928,1.0,0.0,0.5,0.0,0.0,1.0,0.0,1.0,1.0,0.0,0.0,0.0
408,0.2850241545893719,1.0,1.0,0.5,0.5,0.0,0.0,0.0,1.0,1.0,1.0,0.0,1.0
409,0.09178743961352653,0.0,0.5,0.75,0.0,1.0,1.0,0.0,1.0,0.0,1.0,0.5,0.0
410,0.18840579710144928,1.0,0.5,0.5,0.5,0.0,1.0,1.0,1.0,1.0,1.0,1.0,1.0
411,0.17874396135265697,1.0,1.0,0.0,0.0,0.0,0.0,1.0,1.0,1.0,1.0,0.0,0.0
412,0.08212560386473428,0.5,0.5,0.75,0.5,1.0,1.0,0.0,0.0,1.0,1.0,0.5,0.0
413,0.053140096618357446,0.0,0.5,0.25,0.5,1.0,1.0,0.5,0.0,0.0,1.0,0.0,0.0
414,0.09178743961352653,1.0,0.0,0.5,1.0,0.0,1.0,0.0,0.0,1.0,0.0,0.0,1.0
415,0.18357487922705312,0.5,0.5,1.0,0.5,1.0,0.0,0.0,1.0,1.0,0.0,1.0,1.0
416,0.23188405797101452,0.5,1.0,0.25,0.5,1.0,0.0,1.0,1.0,1.0,1.0,0.5,1.0
417,0.14009661835748793,0.0,0.0,0.5,0.0,1.0,1.0,0.5,1.0,0.0,0.0,0.5,0.0
418,0.12560386473429952,0.5,0.5,0.0,0.0,0.0,1.0,1.0,1.0,0.0,1.0,0.0,0.0
419,0.14009661835748793,0.5,1.0,0.5,0.0,0.0,0.0,1.0,1.0,0.0,1.0,1.0,0.0
420,0.07729468599033817,1.0,0.0,0.25,0.5,0.0,1.0,1.0,0.0,1.0,0.0,0.5,0.0
421,0.024154589371980673,0.0,0.0,1.0,0.5,1.0,1.0,0.0,0.0,0.0,0.0,1.0,0.0
422,0.23671497584541057,1.0,0.5,0.5,0.5,0.0,0.0,1.0,0.0,1.0,0.0,1.0,0.0
423,0.2753623188405797,0.5,1.0,0.5,1.0,1.0,0.0,1.0,0.0,1.0,1.0,1.0,1.0
424,0.10144927536231885,0.0,0.0,0.0,0.5,1.0,1.0,1.0,1.0,0.0,0.0,0.0,1.0
425,0.15942028985507245,0.5,1.0,0.5,0.5,0.0,0.0,0.0,1.0,0.0,1.0,0.0,1.0
426,0.1111111111111111,0.5,1.0,0.5,0.5,1.0,0.0,0.5,1.0,1.0,1.0,0.5,1.0
427,0.0579710144927536,0.5,0.0,0.25,0.0,1.0,1.0,0.5,1.0,1.0,0.0,0.0,0.0
428,0.07729468599033817,1.0,0.5,0.5,0.5,0.0,1.0,1.0,0.0,1.0,1.0,1.0,0.0
429,0.09178743961352653,1.0,0.5,0.75,1.0,0.0,0.0,0.5,0.0,1.0,0.0,1.0,1.0
430,0.26086956521739124,1.0,0.5,1.0,0.5,0.0,1.0,0.0,1.0,1.0,1.0,1.0,1.0
431,0.27053140096618356,0.5,0.0,0.0,0.5,1.0,1.0,1.0,1.0,1.0,0.0,0.0,1.0
432,0.10144927536231885,1.0,0.0,0.5,1.0,0.0,1.0,0.5,0.0,1.0,0.0,0.5,1.0
433,0.9082125603864735,0.5,0.0,0.25,1.0,1.0,1.0,0.5,0.0,1.0,0.0,0.0,1.0
434,1.0,0.5,0.5,0.75,0.5,1.0,0.0,0.0,1.0,1.0,0.0,0.5,1.0
435,0.17391304347826086,0.5,1.0,0.25,0.0,1.0,0.0,0.5,1.0,1.0,1.0,0.0,0.0
436,0.1545893719806763,1.0,0.5,0.5,1.0,0.0,0.0,1.0,0.0,1.0,0.0,1.0,1.0
437,0.20772946859903385,0.0,0.5,0.0,0.5,1.0,0.0,1.0,1.0,0.0,0.0,0.0,1.0
438,0.04347826086956519,0.5,0.5,0.0,0.5,0.0,1.0,1.0,0.0,0.0,1.0,0.0,0.0
439,0.048309178743961345,0.0,0.5,1.0,0.5,1.0,0.0,0.0,0.0,0.0,0.0,1.0,0.0
440,0.3719806763285024,0.0,0.5,0.5,0.5,1.0,1.0,0.5,1.0,0.0,1.0,0.5,1.0
441,0.1545893719806763,0.0,0.5,0.75,1.0,1.0,1.0,0.0,0.0,0.0,1.0,0.5,1.0
442,0.20772946859903385,1.0,0.0,0.75,0.5,0.0,1.0,0.5,1.0,1.0,0.0,1.0,1.0
443,0.0579710144927536,0.0,1.0,0.5,0.5,1.0,0.0,0.0,0.0,0.0,1.0,0.0,0.0
444,0.09661835748792269,0.0,0.5,0.5,0.0,1.0,0.0,0.0,1.0,0.0,0.0,0.0,0.0
445,0.10628019323671495,0.5,0.5,0.5,1.0,0.0,0.0,0.0,0.0,0.0,0.0,0.0,1.0
446,0.06280193236714976,0.0,1.0,0.5,0.0,1.0,0.0,1.0,1.0,0.0,1.0,1.0,0.0
447,0.08695652173913043,1.0,0.5,0.5,1.0,0.0,1.0,1.0,0.0,1.0,1.0,1.0,1.0
448,0.10144927536231885,0.0,0.5,0.0,0.0,1.0,1.0,1.0,1.0,0.0,1.0,0.0,0.0
449,0.048309178743961345,0.5,1.0,0.0,0.5,1.0,0.0,1.0,0.0,1.0,1.0,0.0,0.0
450,0.09178743961352653,0.5,0.0,0.5,0.5,1.0,1.0,0.0,0.0,1.0,0.0,0.0,0.0
451,0.21739130434782605,0.5,0.5,0.75,1.0,1.0,0.0,0.0,0.0,1.0,0.0,0.5,1.0
452,0.07729468599033817,0.0,1.0,0.25,1.0,1.0,0.0,0.5,0.0,0.0,1.0,0.0,1.0
453,0.07729468599033817,0.5,0.5,0.75,0.0,0.0,1.0,0.0,1.0,0.0,1.0,0.5,0.0
454,0.10628019323671495,1.0,0.0,0.25,1.0,0.0,1.0,0.5,0.0,1.0,0.0,0.0,1.0
455,0.15942028985507245,0.5,0.0,1.0,0.5,1.0,1.0,0.0,1.0,1.0,0.0,1.0,1.0
456,0.07729468599033817,0.5,1.0,0.25,0.0,1.0,0.0,1.0,1.0,1.0,1.0,0.5,0.0
457,0.15942028985507245,0.0,0.5,0.25,0.5,1.0,1.0,1.0,1.0,0.0,1.0,0.5,1.0
458,0.10628019323671495,1.0,0.0,0.75,0.0,0.0,1.0,0.5,1.0,1.0,0.0,1.0,0.0
459,0.07246376811594202,0.0,0.5,0.0,0.5,1.0,0.0,1.0,0.0,0.0,0.0,0.0,0.0
460,0.1497584541062802,0.5,0.5,1.0,1.0,0.0,0.0,0.0,0.0,0.0,0.0,1.0,1.0
461,0.048309178743961345,0.5,1.0,0.5,1.0,1.0,0.0,0.5,0.0,1.0,1.0,0.5,1.0
462,0.14492753623188404,0.0,0.5,0.25,0.5,1.0,1.0,0.5,1.0,0.0,1.0,0.0,1.0
463,0.10628019323671495,0.5,0.5,1.0,0.0,0.0,1.0,0.0,1.0,0.0,1.0,1.0,0.0
464,0.12560386473429952,1.0,0.5,0.0,1.0,0.0,1.0,1.0,0.0,1.0,1.0,0.0,1.0
465,0.1690821256038647,0.5,1.0,1.0,0.5,1.0,0.0,0.0,1.0,1.0,1.0,1.0,1.0
466,0.06763285024154586,0.0,0.0,0.0,0.0,1.0,1.0,1.0,1.0,0.0,0.0,0.0,0.0
467,0.13043478260869562,1.0,0.5,1.0,1.0,0.0,0.0,0.0,0.0,1.0,0.0,1.0,1.0
468,0.14009661835748793,1.0,1.0,0.25,1.0,0.0,0.0,0.5,0.0,1.0,1.0,0.0,1.0
469,0.1690821256038647,1.0,0.0,0.25,0.0,0.0,1.0,0.5,1.0,1.0,0.0,0.0,0.0
470,0.12077294685990336,1.0,0.5,0.5,1.0,0.0,0.0,0.0,0.0,1.0,0.0,0.0,1.0
471,0.28019323671497587,0.5,0.5,0.0,0.5,0.0,1.0,1.0,1.0,0.0,1.0,0.0,1.0
472,0.18840579710144928,0.5,0.0,0.5,0.0,0.0,1.0,0.0,1.0,0.0,0.0,0.0,0.0
473,0.13526570048309178,1.0,0.5,0.75,1.0,0.0,0.0,0.0,0.0,1.0,0.0,0.5,1.0
474,0.14009661835748793,0.5,0.5,0.75,0.0,1.0,0.0,0.5,1.0,1.0,0.0,1.0,0.0
475,0.08212560386473428,0.5,0.5,0.75,0.5,1.0,1.0,0.0,0.0,1.0,1.0,0.5,0.0
476,0.09178743961352653,1.0,0.0,0.5,1.0,0.0,1.0,0.0,0.0,1.0,0.0,0.0,1.0
477,0.14009661835748793,0.0,0.0,0.5,0.0,1.0,1.0,0.5,1.0,0.0,0.0,0.5,0.0
478,0.08695652173913043,0.0,0.5,0.25,0.0,1.0,0.0,1.0,1.0,0.0,0.0,0.5,0.0
479,0.024154589371980673,0.5,1.0,0.5,0.5,0.0,0.0,0.5,0.0,0.0,1.0,0.5,0.0
480,0.1111111111111111,0.5,0.5,0.25,1.0,0.0,1.0,0.5,0.0,0.0,1.0,0.0,1.0
481,0.09661835748792269,0.5,0.5,0.5,0.0,0.0,1.0,0.0,1.0,0.0,1.0,0.0,0.0
482,0.1545893719806763,1.0,1.0,0.75,0.0,0.0,0.0,0.5,1.0,1.0,1.0,1.0,0.0
483,0.15942028985507245,0.5,0.0,0.25,1.0,1.0,1.0,1.0,0.0,1.0,0.0,0.5,1.0
484,0.12077294685990336,0.5,0.5,0.5,0.0,1.0,0.0,0.5,1.0,1.0,0.0,0.5,0.0
485,0.2222222222222222,0.5,0.0,0.75,0.5,0.0,1.0,0.5,1.0,0.0,0.0,1.0,1.0
486,0.024154589371980673,0.5,1.0,0.75,0.5,0.0,0.0,0.0,0.0,0.0,1.0,0.5,0.0
487,0.13043478260869562,1.0,1.0,0.0,1.0,0.0,0.0,1.0,0.0,1.0,1.0,0.0,1.0
488,0.1642512077294686,0.0,1.0,0.5,1.0,1.0,0.0,1.0,0.0,0.0,1.0,1.0,1.0
489,0.22705314009661837,1.0,1.0,0.75,0.5,0.0,0.0,0.0,1.0,1.0,1.0,0.5,1.0
490,0.09178743961352653,0.0,0.5,0.25,1.0,1.0,0.0,0.5,0.0,0.0,0.0,0.0,1.0
491,0.10144927536231885,0.5,1.0,0.5,0.0,0.0,0.0,0.0,1.0,0.0,1.0,0.0,0.0
492,0.12560386473429952,1.0,0.0,0.75,1.0,0.0,1.0,0.0,0.0,1.0,0.0,0.5,1.0
493,0.1545893719806763,0.5,1.0,0.75,0.0,1.0,0.0,0.5,1.0,1.0,1.0,1.0,0.0
494,0.13043478260869562,0.5,0.5,0.5,1.0,1.0,1.0,1.0,0.0,1.0,1.0,1.0,1.0
495,0.17874396135265697,0.5,0.5,0.75,0.5,0.0,0.0,0.5,1.0,0.0,0.0,1.0,1.0
496,0.25120772946859904,0.5,0.0,0.75,0.5,1.0,1.0,0.5,1.0,1.0,0.0,1.0,1.0
497,0.2125603864734299,0.0,1.0,0.5,0.5,1.0,0.0,1.0,1.0,0.0,1.0,1.0,1.0
498,0.18840579710144928,0.5,0.0,0.5,0.0,0.0,1.0,0.0,1.0,0.0,0.0,0.0,0.0
499,0.14009661835748793,0.5,0.5,0.75,0.0,1.0,0.0,0.5,1.0,1.0,0.0,1.0,0.0
500,0.07729468599033817,0.5,0.0,0.25,0.5,1.0,1.0,0.5,0.0,1.0,0.0,0.0,0.0
501,0.024154589371980673,0.0,0.0,1.0,0.5,1.0,1.0,0.0,0.0,0.0,0.0,1.0,0.0
502,0.23671497584541057,1.0,0.5,0.5,0.5,0.0,0.0,1.0,0.0,1.0,0.0,1.0,0.0
503,0.2753623188405797,0.5,1.0,0.5,1.0,1.0,0.0,1.0,0.0,1.0,1.0,1.0,1.0
504,0.15942028985507245,0.5,1.0,0.5,0.5,0.0,0.0,0.0,1.0,0.0,1.0,0.0,1.0
505,0.17874396135265697,0.5,0.5,0.75,0.5,0.0,1.0,0.0,1.0,0.0,1.0,0.5,1.0
506,0.12560386473429952,1.0,0.0,0.5,0.5,0.0,1.0,0.5,1.0,1.0,0.0,0.5,1.0
507,0.07729468599033817,1.0,0.5,0.5,0.5,0.0,1.0,1.0,0.0,1.0,1.0,1.0,0.0
508,0.09178743961352653,1.0,0.5,0.75,1.0,0.0,0.0,0.5,0.0,1.0,0.0,1.0,1.0
509,0.22705314009661837,0.0,1.0,0.0,0.5,1.0,0.0,1.0,1.0,0.0,1.0,0.0,1.0
510,0.26086956521739124,1.0,0.5,1.0,0.5,0.0,1.0,0.0,1.0,1.0,1.0,1.0,1.0
511,0.27053140096618356,0.5,0.0,0.0,0.5,1.0,1.0,1.0,1.0,1.0,0.0,0.0,1.0
512,0.26086956521739124,0.0,0.5,0.5,0.5,1.0,0.0,0.0,1.0,0.0,0.0,0.0,1.0
513,0.13043478260869562,0.5,0.5,0.5,0.0,0.0,0.0,0.0,1.0,0.0,0.0,0.0,0.0
514,0.08212560386473428,1.0,0.5,0.5,0.0,0.0,0.0,0.5,1.0,1.0,0.0,0.5,0.0
515,0.0,0.0,1.0,0.5,0.5,1.0,0.0,0.5,0.0,0.0,1.0,0.5,0.0
516,0.10144927536231885,1.0,0.0,0.5,1.0,0.0,1.0,0.5,0.0,1.0,0.0,0.5,1.0
517,0.1545893719806763,1.0,1.0,0.75,0.0,0.0,0.0,0.5,1.0,1.0,1.0,1.0,0.0
518,0.15942028985507245,0.5,0.0,0.25,1.0,1.0,1.0,1.0,0.0,1.0,0.0,0.5,1.0
519,0.12077294685990336,0.5,0.5,0.5,0.0,1.0,0.0,0.5,1.0,1.0,0.0,0.5,0.0
520,0.13043478260869562,0.0,1.0,0.5,1.0,1.0,0.0,0.5,0.0,0.0,1.0,0.5,1.0
521,0.2222222222222222,0.5,0.0,0.75,0.5,0.0,1.0,0.5,1.0,0.0,0.0,1.0,1.0
522,0.10144927536231885,0.5,0.5,0.0,0.0,0.0,0.0,1.0,1.0,0.0,0.0,0.0,0.0
523,0.024154589371980673,0.5,1.0,0.75,0.5,0.0,0.0,0.0,0.0,0.0,1.0,0.5,0.0
524,0.13043478260869562,1.0,1.0,0.0,1.0,0.0,0.0,1.0,0.0,1.0,1.0,0.0,1.0
525,0.21739130434782605,0.0,0.0,0.5,0.5,1.0,1.0,0.0,1.0,0.0,0.0,0.0,1.0
526,0.12560386473429952,1.0,0.5,1.0,0.0,0.0,0.0,0.0,1.0,1.0,0.0,1.0,0.0
527,0.12560386473429952,1.0,0.5,0.75,0.0,0.0,0.0,0.0,1.0,1.0,0.0,0.5,0.0
528,0.03381642512077293,0.0,0.5,0.5,0.5,1.0,1.0,0.0,0.0,0.0,1.0,0.0,0.0
529,0.048309178743961345,0.0,0.0,0.0,0.5,1.0,1.0,1.0,0.0,0.0,0.0,0.0,0.0
530,0.14009661835748793,0.0,0.5,1.0,1.0,1.0,0.0,0.0,0.0,0.0,0.0,1.0,1.0
531,0.0579710144927536,0.5,0.0,0.0,0.5,1.0,1.0,1.0,0.0,1.0,0.0,0.0,0.0
532,0.14492753623188404,0.0,1.0,1.0,1.0,1.0,0.0,0.0,0.0,0.0,1.0,1.0,1.0
533,0.13043478260869562,0.5,0.5,0.25,0.0,0.0,1.0,1.0,1.0,0.0,1.0,0.5,0.0
534,0.028985507246376774,0.5,0.0,0.5,0.5,0.0,1.0,0.5,0.0,0.0,0.0,0.5,0.0
535,0.19323671497584538,0.5,0.0,0.75,0.5,0.0,1.0,0.0,1.0,0.0,0.0,0.5,1.0
536,0.14009661835748793,1.0,1.0,0.5,0.0,0.0,0.0,0.5,1.0,1.0,1.0,0.5,0.0
537,0.14492753623188404,0.5,0.0,0.5,1.0,1.0,1.0,0.5,0.0,1.0,0.0,0.5,1.0
538,0.13526570048309178,0.0,0.5,0.75,1.0,1.0,0.0,0.5,0.0,0.0,0.0,1.0,1.0
539,0.23671497584541057,1.0,1.0,0.25,0.5,0.0,0.0,1.0,1.0,1.0,1.0,0.5,1.0
540,0.27053140096618356,0.5,0.5,0.25,0.5,1.0,1.0,0.5,1.0,1.0,1.0,0.0,1.0
541,0.1642512077294686,0.0,0.5,0.5,0.0,1.0,1.0,0.0,1.0,0.0,1.0,0.0,0.0
542,0.08212560386473428,1.0,0.5,0.5,0.5,0.0,1.0,0.0,0.0,1.0,1.0,0.0,0.0
543,0.17391304347826086,0.0,0.5,1.0,1.0,1.0,1.0,0.0,0.0,0.0,1.0,1.0,1.0
544,0.12560386473429952,1.0,0.0,0.5,0.0,0.0,1.0,1.0,1.0,1.0,0.0,1.0,0.0
545,0.2222222222222222,0.5,1.0,0.75,0.5,0.0,0.0,0.0,1.0,0.0,1.0,0.5,1.0
546,0.1159420289855072,0.5,0.5,0.75,0.0,0.0,1.0,0.5,1.0,0.0,1.0,1.0,0.0
547,0.17391304347826086,1.0,0.5,0.75,1.0,0.0,1.0,0.0,0.0,1.0,1.0,0.5,1.0
548,0.21739130434782605,0.5,0.5,0.25,0.5,1.0,1.0,0.5,1.0,1.0,1.0,0.0,1.0
549,0.1111111111111111,0.5,0.0,0.75,0.0,1.0,1.0,0.0,1.0,1.0,0.0,0.5,0.0
550,0.9082125603864735,0.5,0.0,0.25,1.0,1.0,1.0,0.5,0.0,1.0,0.0,0.0,1.0
551,1.0,0.5,0.5,0.75,0.5,1.0,0.0,0.0,1.0,1.0,0.0,0.5,1.0
552,0.17391304347826086,0.5,1.0,0.25,0.0,1.0,0.0,0.5,1.0,1.0,1.0,0.0,0.0
553,0.1545893719806763,0.0,0.0,0.75,1.0,1.0,1.0,0.0,0.0,0.0,0.0,0.5,1.0
554,0.18357487922705312,1.0,1.0,0.75,0.0,0.0,0.0,0.5,1.0,1.0,1.0,1.0,0.0
555,0.1159420289855072,1.0,0.0,0.0,0.0,0.0,1.0,1.0,1.0,1.0,0.0,0.0,0.0
556,0.03864734299516909,0.0,0.5,0.5,0.5,1.0,0.0,0.0,0.0,0.0,0.0,0.0,0.0
557,0.03381642512077293,1.0,1.0,0.5,0.5,0.0,0.0,0.0,0.0,1.0,1.0,0.0,0.0
558,0.1159420289855072,0.0,0.0,0.5,1.0,1.0,1.0,0.0,0.0,0.0,0.0,0.0,1.0
559,0.1111111111111111,1.0,1.0,0.75,0.0,0.0,0.0,0.0,1.0,1.0,1.0,0.5,0.0
560,0.028985507246376774,0.5,0.0,0.5,0.5,1.0,1.0,0.5,0.0,1.0,0.0,0.5,0.0
561,0.10144927536231885,0.5,0.5,0.75,1.0,1.0,0.0,0.5,0.0,1.0,0.0,1.0,1.0
562,0.024154589371980673,0.5,1.0,0.5,0.5,0.0,0.0,0.5,0.0,0.0,1.0,0.5,0.0
563,0.1111111111111111,0.5,0.5,0.25,1.0,0.0,1.0,0.5,0.0,0.0,1.0,0.0,1.0
564,0.09661835748792269,0.5,0.5,0.5,0.0,0.0,1.0,0.0,1.0,0.0,1.0,0.0,0.0
565,0.07729468599033817,0.0,1.0,0.25,1.0,1.0,0.0,0.5,0.0,0.0,1.0,0.0,1.0
566,0.10628019323671495,1.0,0.0,0.25,1.0,0.0,1.0,0.5,0.0,1.0,0.0,0.0,1.0
567,0.19806763285024154,0.5,1.0,0.5,0.5,1.0,0.0,0.0,1.0,1.0,1.0,0.0,1.0
568,0.07729468599033817,0.5,1.0,0.25,0.0,1.0,0.0,1.0,1.0,1.0,1.0,0.5,0.0
569,0.15942028985507245,0.0,0.5,0.25,0.5,1.0,1.0,1.0,1.0,0.0,1.0,0.5,1.0
570,0.10628019323671495,1.0,0.0,0.75,0.0,0.0,1.0,0.5,1.0,1.0,0.0,1.0,0.0
571,0.07246376811594202,0.0,0.5,0.0,0.5,1.0,0.0,1.0,0.0,0.0,0.0,0.0,0.0
572,0.1497584541062802,0.5,0.5,1.0,1.0,0.0,0.0,0.0,0.0,0.0,0.0,1.0,1.0
573,0.048309178743961345,0.5,1.0,0.5,1.0,1.0,0.0,0.5,0.0,1.0,1.0,0.5,1.0
574,0.21739130434782605,0.0,0.0,0.75,0.5,1.0,1.0,0.0,1.0,0.0,0.0,0.5,1.0
575,0.2028985507246377,1.0,0.5,0.25,0.5,0.0,0.0,0.5,1.0,1.0,0.0,0.0,1.0
576,0.06763285024154586,0.0,0.0,0.0,0.0,1.0,1.0,1.0,1.0,0.0,0.0,0.0,0.0
577,0.13043478260869562,1.0,0.5,1.0,1.0,0.0,0.0,0.0,0.0,1.0,0.0,1.0,1.0
578,0.23671497584541057,1.0,1.0,0.25,0.5,0.0,0.0,1.0,1.0,1.0,1.0,0.5,1.0
579,0.27053140096618356,0.5,0.5,0.25,0.5,1.0,1.0,0.5,1.0,1.0,1.0,0.0,1.0
580,0.1642512077294686,0.0,0.5,0.5,0.0,1.0,1.0,0.0,1.0,0.0,1.0,0.0,0.0
581,0.1159420289855072,0.5,0.5,0.75,0.0,0.0,1.0,0.5,1.0,0.0,1.0,1.0,0.0
582,0.07246376811594202,0.5,1.0,0.25,0.5,1.0,0.0,0.5,0.0,1.0,1.0,0.0,0.0
583,0.024154589371980673,0.0,0.0,0.75,0.5,1.0,1.0,0.0,0.0,0.0,0.0,0.5,0.0
584,0.0579710144927536,1.0,0.5,1.0,0.5,0.0,0.0,0.0,0.0,1.0,0.0,1.0,0.0
585,0.1642512077294686,0.0,1.0,0.5,1.0,1.0,0.0,1.0,0.0,0.0,1.0,1.0,1.0
586,0.2125603864734299,0.5,0.5,0.25,0.5,0.0,1.0,1.0,1.0,0.0,1.0,0.5,1.0
587,0.20772946859903385,0.5,0.0,0.5,0.5,0.0,1.0,0.5,1.0,0.0,0.0,0.5,1.0
588,0.1690821256038647,0.5,0.5,0.25,0.5,0.0,0.0,0.5,1.0,0.0,0.0,0.0,1.0
589,0.22705314009661837,1.0,1.0,0.75,0.5,0.0,0.0,0.0,1.0,1.0,1.0,0.5,1.0
590,0.09178743961352653,0.5,0.5,0.0,0.0,1.0,0.0,1.0,1.0,1.0,0.0,0.0,0.0
591,0.0579710144927536,0.0,1.0,0.5,0.5,1.0,0.0,0.0,0.0,0.0,1.0,0.0,0.0
592,0.0579710144927536,0.5,0.5,1.0,0.5,0.0,1.0,0.0,0.0,0.0,1.0,1.0,0.0
593,0.10144927536231885,1.0,0.0,0.0,1.0,0.0,1.0,1.0,0.0,1.0,0.0,0.0,1.0
594,0.09661835748792269,0.0,0.5,0.5,0.0,1.0,0.0,0.0,1.0,0.0,0.0,0.0,0.0
595,0.10628019323671495,0.5,0.5,0.5,1.0,0.0,0.0,0.0,0.0,0.0,0.0,0.0,1.0
596,0.09178743961352653,0.5,0.5,1.0,0.0,0.0,0.0,0.0,1.0,0.0,0.0,1.0,0.0
597,0.014492753623188415,0.5,1.0,0.25,0.5,0.0,0.0,1.0,0.0,0.0,1.0,0.5,0.0
598,0.09661835748792269,1.0,0.5,0.5,0.5,0.0,1.0,0.5,0.0,1.0,1.0,0.5,0.0
599,0.1111111111111111,0.5,0.0,1.0,0.0,0.0,1.0,0.0,1.0,0.0,0.0,1.0,0.0
600,0.07729468599033817,1.0,0.5,0.25,1.0,0.0,0.0,1.0,0.0,1.0,0.0,0.5,1.0
601,0.08212560386473428,0.0,1.0,0.75,0.0,1.0,0.0,0.5,1.0,0.0,1.0,1.0,0.0
602,0.04347826086956519,1.0,0.0,0.0,0.5,0.0,1.0,1.0,0.0,1.0,0.0,0.0,0.0
603,0.07246376811594202,0.5,1.0,0.75,0.5,1.0,0.0,0.0,0.0,1.0,1.0,0.5,0.0
604,0.17391304347826086,0.0,0.5,0.25,0.0,1.0,1.0,0.5,1.0,0.0,1.0,0.0,0.0
605,0.19323671497584538,1.0,0.5,1.0,1.0,0.0,1.0,0.0,0.0,1.0,1.0,1.0,1.0
606,0.048309178743961345,1.0,0.5,0.0,0.5,0.0,0.0,1.0,0.0,1.0,0.0,0.0,0.0
607,0.10144927536231885,0.5,0.5,0.25,0.0,1.0,1.0,0.5,1.0,1.0,1.0,0.0,0.0
608,0.15942028985507245,0.5,0.5,1.0,1.0,1.0,1.0,0.0,0.0,1.0,1.0,1.0,1.0
609,0.2753623188405797,0.0,0.5,0.0,0.5,1.0,1.0,1.0,1.0,0.0,1.0,0.0,1.0
610,0.1497584541062802,1.0,0.0,0.75,0.0,0.0,1.0,0.0,1.0,1.0,0.0,0.5,0.0
611,0.06763285024154586,0.0,0.5,0.5,1.0,1.0,0.0,0.5,0.0,0.0,0.0,0.5,1.0
612,0.07729468599033817,1.0,0.5,0.75,0.0,0.0,0.0,0.5,1.0,1.0,0.0,1.0,0.0
613,0.14009661835748793,0.0,1.0,0.25,1.0,1.0,0.0,1.0,0.0,0.0,1.0,0.5,1.0
614,0.12077294685990336,0.5,0.5,0.25,0.0,0.0,1.0,0.5,1.0,0.0,1.0,0.0,0.0
615,0.03381642512077293,0.5,0.0,0.5,0.5,0.0,1.0,0.0,0.0,0.0,0.0,0.0,0.0
616,0.1497584541062802,0.0,0.0,0.25,1.0,1.0,1.0,0.5,0.0,0.0,0.0,0.0,1.0
617,0.19806763285024154,1.0,0.5,0.75,0.5,0.0,0.0,0.0,1.0,1.0,0.0,0.5,1.0
618,0.22705314009661837,0.0,0.5,0.75,0.5,1.0,0.0,0.5,1.0,0.0,0.0,1.0,1.0
619,0.20772946859903385,1.0,0.5,0.0,0.0,0.0,0.0,1.0,1.0,1.0,0.0,0.0,0.0
620,0.15942028985507245,0.0,1.0,0.5,1.0,1.0,0.0,0.0,0.0,0.0,1.0,0.0,1.0
621,0.19323671497584538,1.0,0.0,1.0,0.5,0.0,1.0,0.0,1.0,1.0,0.0,1.0,1.0
622,0.07246376811594202,0.5,0.5,0.25,1.0,1.0,1.0,1.0,0.0,1.0,1.0,0.5,1.0
623,0.2028985507246377,0.0,0.5,0.25,0.5,1.0,0.0,0.5,1.0,0.0,0.0,0.0,1.0
624,0.24637681159420288,1.0,1.0,1.0,0.5,0.0,0.0,0.0,1.0,1.0,1.0,1.0,1.0
625,0.13526570048309178,0.5,0.5,0.0,0.0,1.0,1.0,1.0,1.0,1.0,1.0,0.0,0.0
626,0.1111111111111111,1.0,1.0,0.5,1.0,0.0,0.0,0.0,0.0,1.0,1.0,0.0,1.0
627,0.19323671497584538,0.5,0.5,0.75,0.5,1.0,1.0,0.5,1.0,1.0,1.0,1.0,1.0
628,0.25120772946859904,0.5,0.0,0.5,0.5,1.0,1.0,1.0,1.0,1.0,0.0,1.0,1.0
629,0.17391304347826086,0.0,0.5,0.0,0.0,1.0,0.0,1.0,1.0,0.0,0.0,0.0,0.0
630,0.06280193236714976,0.5,0.5,0.5,0.0,0.0,0.0,0.5,1.0,0.0,0.0,0.5,0.0
631,0.06763285024154586,0.5,1.0,0.25,0.5,0.0,0.0,0.5,0.0,0.0,1.0,0.0,0.0
632,0.0579710144927536,0.5,1.0,0.75,0.0,0.0,0.0,0.0,1.0,0.0,1.0,0.5,0.0
633,0.2946859903381642,0.0,0.5,1.0,0.5,1.0,0.0,0.0,1.0,0.0,0.0,1.0,1.0
634,0.41062801932367143,1.0,1.0,0.0,0.5,0.0,0.0,1.0,1.0,1.0,1.0,0.0,1.0
635,0.09178743961352653,0.0,0.5,0.75,0.0,1.0,1.0,0.0,1.0,0.0,1.0,0.5,0.0
636,0.09178743961352653,1.0,0.0,0.5,1.0,0.0,1.0,0.0,0.0,1.0,0.0,0.0,1.0
637,0.13043478260869562,1.0,1.0,0.5,0.0,0.0,0.0,0.0,1.0,1.0,1.0,0.0,0.0
638,0.09661835748792269,0.5,0.5,0.5,1.0,1.0,1.0,0.0,0.0,1.0,1.0,0.0,1.0
639,0.14492753623188404,1.0,0.0,0.25,1.0,0.0,1.0,1.0,0.0,1.0,0.0,0.5,1.0
640,0.1545893719806763,0.0,0.0,0.75,1.0,1.0,1.0,0.0,0.0,0.0,0.0,0.5,1.0
641,0.18357487922705312,1.0,1.0,0.75,0.0,0.0,0.0,0.5,1.0,1.0,1.0,1.0,0.0
642,0.09661835748792269,0.0,0.0,0.25,0.5,1.0,1.0,1.0,0.0,0.0,0.0,0.5,0.0
643,0.18840579710144928,0.5,0.5,0.75,0.0,1.0,1.0,0.5,1.0,1.0,1.0,1.0,0.0
644,0.2125603864734299,0.5,0.5,0.25,0.0,0.0,1.0,0.5,1.0,0.0,1.0,0.0,0.0
645,0.07246376811594202,0.0,0.5,1.0,0.0,1.0,0.0,0.0,1.0,0.0,0.0,1.0,0.0
646,0.15942028985507245,0.5,1.0,0.5,0.0,0.0,0.0,0.5,1.0,0.0,1.0,0.5,0.0
647,0.09661835748792269,0.0,1.0,0.0,1.0,1.0,0.0,1.0,0.0,0.0,1.0,0.0,1.0
648,0.24637681159420288,0.5,0.0,0.25,0.5,0.0,1.0,0.5,1.0,0.0,0.0,0.0,1.0
649,0.1111111111111111,0.5,0.5,0.75,0.5,1.0,0.0,0.0,0.0,1.0,0.0,0.5,0.0
650,0.13043478260869562,0.5,0.5,0.75,1.0,0.0,0.0,0.5,0.0,0.0,0.0,1.0,1.0
651,0.10628019323671495,1.0,0.5,0.25,0.0,0.0,0.0,1.0,1.0,1.0,0.0,0.5,0.0
652,0.12560386473429952,0.5,0.0,0.75,1.0,0.0,1.0,0.0,0.0,0.0,0.0,0.5,1.0
653,0.13043478260869562,0.5,0.0,0.5,0.0,1.0,1.0,1.0,1.0,1.0,0.0,1.0,0.0
654,0.10628019323671495,0.5,1.0,0.5,1.0,0.0,0.0,1.0,0.0,0.0,1.0,1.0,1.0
655,0.13526570048309178,0.5,0.5,0.75,0.0,0.0,0.0,0.0,1.0,0.0,0.0,0.5,0.0
656,0.13043478260869562,1.0,0.5,0.75,0.0,0.0,0.0,0.5,1.0,1.0,0.0,1.0,0.0
657,0.07246376811594202,0.5,1.0,0.75,0.5,0.0,0.0,0.0,0.0,0.0,1.0,0.5,0.0
658,0.08212560386473428,0.5,0.5,0.75,0.5,0.0,1.0,0.5,0.0,0.0,1.0,1.0,0.0
659,0.028985507246376774,0.5,1.0,0.5,0.5,1.0,0.0,0.5,0.0,1.0,1.0,0.5,0.0
660,0.08212560386473428,0.5,0.0,0.5,1.0,0.0,1.0,0.5,0.0,0.0,0.0,0.5,1.0
661,0.07729468599033817,0.5,0.5,0.25,0.0,0.0,0.0,0.5,1.0,0.0,0.0,0.0,0.0
662,0.08212560386473428,0.5,1.0,0.75,1.0,0.0,0.0,0.0,0.0,0.0,1.0,0.5,1.0
663,0.19323671497584538,1.0,0.5,0.75,0.5,0.0,1.0,0.5,1.0,1.0,1.0,1.0,1.0
664,0.19323671497584538,1.0,0.5,0.75,0.5,0.0,1.0,0.5,1.0,1.0,1.0,1.0,1.0
665,0.1545893719806763,1.0,0.5,0.5,0.0,0.0,1.0,1.0,1.0,1.0,1.0,1.0,0.0
666,0.28019323671497587,1.0,0.5,0.0,0.5,0.0,0.0,1.0,1.0,1.0,0.0,0.0,1.0
667,0.1642512077294686,0.5,0.5,0.75,0.0,1.0,0.0,0.0,1.0,1.0,0.0,0.5,0.0
668,0.1111111111111111,1.0,1.0,0.25,1.0,0.0,0.0,1.0,0.0,1.0,1.0,0.5,1.0
669,0.1159420289855072,1.0,1.0,0.25,1.0,0.0,0.0,1.0,0.0,1.0,1.0,0.5,1.0
670,0.12560386473429952,0.5,0.5,0.5,0.0,0.0,0.0,1.0,1.0,0.0,0.0,1.0,0.0
671,0.0579710144927536,1.0,1.0,0.5,0.5,0.0,0.0,0.5,0.0,1.0,1.0,0.5,0.0
672,0.07729468599033817,0.0,0.5,0.75,0.5,1.0,1.0,0.5,0.0,0.0,1.0,1.0,0.0
673,0.19806763285024154,0.5,0.5,1.0,0.5,0.0,1.0,0.0,1.0,0.0,1.0,1.0,1.0
674,0.23188405797101452,0.5,0.5,0.25,0.5,0.0,1.0,1.0,1.0,0.0,1.0,0.5,1.0
675,0.24637681159420288,0.5,0.0,0.25,0.5,0.0,1.0,0.5,1.0,0.0,0.0,0.0,1.0
676,0.1497584541062802,1.0,0.5,0.5,0.0,0.0,0.0,0.0,1.0,1.0,0.0,0.0,0.0
677,0.15942028985507245,0.5,0.0,0.25,1.0,1.0,1.0,1.0,0.0,1.0,0.0,0.5,1.0
678,0.12077294685990336,0.5,0.5,0.5,0.0,1.0,0.0,0.5,1.0,1.0,0.0,0.5,0.0
679,0.13043478260869562,0.0,1.0,0.5,1.0,1.0,0.0,0.5,0.0,0.0,1.0,0.5,1.0
680,0.024154589371980673,0.5,1.0,0.75,0.5,0.0,0.0,0.0,0.0,0.0,1.0,0.5,0.0
681,0.13043478260869562,1.0,1.0,0.0,1.0,0.0,0.0,1.0,0.0,1.0,1.0,0.0,1.0
682,0.2125603864734299,0.5,0.5,0.25,0.5,0.0,1.0,1.0,1.0,0.0,1.0,0.5,1.0
683,0.22705314009661837,1.0,1.0,0.75,0.5,0.0,0.0,0.0,1.0,1.0,1.0,0.5,1.0
684,0.1545893719806763,0.0,0.5,0.75,1.0,1.0,1.0,0.0,0.0,0.0,1.0,0.5,1.0
685,0.20772946859903385,1.0,0.0,0.75,0.5,0.0,1.0,0.5,1.0,1.0,0.0,1.0,1.0
686,0.0579710144927536,0.0,1.0,0.5,0.5,1.0,0.0,0.0,0.0,0.0,1.0,0.0,0.0
687,0.10144927536231885,1.0,0.0,0.0,1.0,0.0,1.0,1.0,0.0,1.0,0.0,0.0,1.0
688,0.014492753623188415,0.5,1.0,0.25,0.5,0.0,0.0,1.0,0.0,0.0,1.0,0.5,0.0
689,0.09661835748792269,1.0,0.5,0.5,0.5,0.0,1.0,0.5,0.0,1.0,1.0,0.5,0.0
690,0.09178743961352653,0.0,0.0,0.75,0.0,1.0,1.0,0.0,1.0,0.0,0.0,0.5,0.0
691,0.08212560386473428,1.0,0.5,0.25,1.0,0.0,0.0,0.5,0.0,1.0,0.0,0.0,1.0
692,0.019323671497584516,0.5,0.0,0.5,0.5,0.0,1.0,1.0,0.0,0.0,0.0,1.0,0.0
693,0.1159420289855072,1.0,1.0,0.25,1.0,0.0,0.0,1.0,0.0,1.0,1.0,0.5,1.0
694,0.10144927536231885,0.5,1.0,0.5,0.0,1.0,0.0,1.0,1.0,1.0,1.0,1.0,0.0
695,0.07246376811594202,0.5,0.5,0.25,1.0,1.0,1.0,1.0,0.0,1.0,1.0,0.5,1.0
696,0.14492753623188404,1.0,0.5,0.5,0.5,0.0,0.0,0.5,1.0,1.0,0.0,0.5,1.0
697,0.2028985507246377,0.0,0.5,0.25,0.5,1.0,0.0,0.5,1.0,0.0,0.0,0.0,1.0
698,0.24637681159420288,1.0,1.0,1.0,0.5,0.0,0.0,0.0,1.0,1.0,1.0,1.0,1.0
699,0.13526570048309178,0.5,0.5,0.0,0.0,1.0,1.0,1.0,1.0,1.0,1.0,0.0,0.0
700,0.1111111111111111,1.0,1.0,0.5,1.0,0.0,0.0,0.0,0.0,1.0,1.0,0.0,1.0
701,0.15942028985507245,0.5,0.0,1.0,0.0,1.0,1.0,0.0,1.0,1.0,0.0,1.0,0.0
702,0.22705314009661837,1.0,0.5,0.75,0.5,0.0,1.0,0.0,1.0,1.0,1.0,0.5,1.0
703,0.07246376811594202,0.5,1.0,0.75,0.5,0.0,0.0,0.0,0.0,0.0,1.0,0.5,0.0
704,0.1545893719806763,0.5,1.0,0.75,1.0,0.0,0.0,0.5,0.0,0.0,1.0,1.0,1.0
705,0.1545893719806763,1.0,0.5,0.5,0.0,0.0,1.0,1.0,1.0,1.0,1.0,1.0,0.0
706,0.14009661835748793,0.0,0.5,0.0,1.0,1.0,1.0,1.0,0.0,0.0,1.0,0.0,1.0
707,0.28019323671497587,1.0,0.5,0.0,0.5,0.0,0.0,1.0,1.0,1.0,0.0,0.0,1.0
708,0.1642512077294686,0.5,0.5,0.75,0.0,1.0,0.0,0.0,1.0,1.0,0.0,0.5,0.0
709,0.2028985507246377,0.5,1.0,0.25,1.0,1.0,0.0,0.5,0.0,1.0,1.0,0.0,1.0
710,0.18357487922705312,0.0,0.0,1.0,0.0,1.0,1.0,0.0,1.0,0.0,0.0,1.0,0.0
711,0.1111111111111111,1.0,1.0,0.25,1.0,0.0,0.0,1.0,0.0,1.0,1.0,0.5,1.0
712,0.14492753623188404,0.5,0.5,0.5,0.0,1.0,1.0,0.5,1.0,1.0,1.0,0.5,0.0
713,0.20772946859903385,1.0,0.0,0.75,0.5,0.0,1.0,0.5,1.0,1.0,0.0,1.0,1.0
714,0.09178743961352653,0.5,0.5,0.0,0.0,1.0,0.0,1.0,1.0,1.0,0.0,0.0,0.0
715,0.0579710144927536,0.0,1.0,0.5,0.5,1.0,0.0,0.0,0.0,0.0,1.0,0.0,0.0
716,0.10144927536231885,1.0,0.0,0.0,1.0,0.0,1.0,1.0,0.0,1.0,0.0,0.0,1.0
717,0.09661835748792269,0.0,0.5,0.5,0.0,1.0,0.0,0.0,1.0,0.0,0.0,0.0,0.0
718,0.09178743961352653,0.5,0.5,1.0,0.0,0.0,0.0,0.0,1.0,0.0,0.0,1.0,0.0
719,0.014492753623188415,0.5,1.0,0.25,0.5,0.0,0.0,1.0,0.0,0.0,1.0,0.5,0.0
720,0.09661835748792269,1.0,0.5,0.5,0.5,0.0,1.0,0.5,0.0,1.0,1.0,0.5,0.0
721,0.13526570048309178,0.0,0.5,0.5,1.0,1.0,1.0,0.0,0.0,0.0,1.0,0.0,1.0
722,0.1159420289855072,1.0,0.0,0.5,0.0,0.0,1.0,0.0,1.0,1.0,0.0,0.0,0.0
723,0.13526570048309178,0.0,0.5,0.5,0.5,1.0,0.0,1.0,1.0,0.0,0.0,1.0,1.0
724,0.1690821256038647,0.5,1.0,0.5,0.5,0.0,0.0,1.0,1.0,0.0,1.0,1.0,1.0
725,0.12560386473429952,0.5,0.0,0.0,0.0,0.0,1.0,1.0,1.0,0.0,0.0,0.0,0.0
726,0.09178743961352653,1.0,1.0,0.75,1.0,0.0,0.0,0.0,0.0,1.0,1.0,0.5,1.0
727,0.10628019323671495,0.0,0.0,0.75,0.0,1.0,1.0,0.5,1.0,0.0,0.0,1.0,0.0
728,0.22705314009661837,1.0,0.0,0.25,0.5,0.0,1.0,0.5,1.0,1.0,0.0,0.0,1.0
729,0.09178743961352653,0.0,0.5,0.25,1.0,1.0,0.0,0.5,0.0,0.0,0.0,0.0,1.0
730,0.10144927536231885,0.5,1.0,0.5,0.0,0.0,0.0,0.0,1.0,0.0,1.0,0.0,0.0
731,0.09178743961352653,0.0,0.0,0.25,0.0,1.0,1.0,0.5,1.0,0.0,0.0,0.0,0.0
732,0.14009661835748793,0.5,1.0,1.0,1.0,0.0,0.0,0.0,0.0,0.0,1.0,1.0,1.0
733,0.1111111111111111,1.0,0.0,0.25,0.0,0.0,1.0,1.0,1.0,1.0,0.0,0.5,0.0
734,0.14009661835748793,0.5,1.0,0.75,1.0,0.0,0.0,0.5,0.0,0.0,1.0,1.0,1.0
735,0.14009661835748793,0.5,1.0,0.5,0.0,0.0,0.0,1.0,1.0,0.0,1.0,1.0,0.0
736,0.07729468599033817,1.0,0.0,0.25,0.5,0.0,1.0,1.0,0.0,1.0,0.0,0.5,0.0
737,0.014492753623188415,0.5,0.5,1.0,0.5,1.0,0.0,0.0,0.0,1.0,0.0,1.0,0.0
738,0.2560386473429952,0.0,1.0,0.25,0.5,1.0,0.0,0.5,1.0,0.0,1.0,0.0,1.0
739,0.1545893719806763,0.5,1.0,0.75,1.0,0.0,0.0,0.5,0.0,0.0,1.0,1.0,1.0
740,0.1545893719806763,1.0,0.5,0.5,0.0,0.0,1.0,1.0,1.0,1.0,1.0,1.0,0.0
741,0.14009661835748793,0.0,0.5,0.0,1.0,1.0,1.0,1.0,0.0,0.0,1.0,0.0,1.0
742,0.2753623188405797,0.5,0.0,1.0,0.5,0.0,1.0,0.0,1.0,0.0,0.0,1.0,1.0
743,0.1642512077294686,0.5,0.5,0.75,0.0,1.0,0.0,0.0,1.0,1.0,0.0,0.5,0.0
744,0.18357487922705312,0.0,0.0,1.0,0.0,1.0,1.0,0.0,1.0,0.0,0.0,1.0,0.0
745,0.2222222222222222,0.5,0.0,0.0,0.5,0.0,1.0,1.0,1.0,0.0,0.0,0.0,1.0
746,0.09178743961352653,0.5,0.5,0.25,1.0,1.0,0.0,0.5,0.0,1.0,0.0,0.0,1.0
747,0.10144927536231885,0.5,1.0,0.5,0.0,1.0,0.0,0.0,1.0,1.0,1.0,0.0,0.0
748,0.03381642512077293,0.0,0.5,0.5,0.5,1.0,1.0,0.0,0.0,0.0,1.0,0.0,0.0
749,0.04347826086956519,1.0,0.0,1.0,0.5,0.0,1.0,0.0,0.0,1.0,0.0,1.0,0.0
750,0.13526570048309178,0.0,1.0,0.0,1.0,1.0,0.0,1.0,0.0,0.0,1.0,0.0,1.0
751,0.15942028985507245,1.0,0.5,1.0,0.0,0.0,1.0,0.0,1.0,1.0,1.0,1.0,0.0
752,0.048309178743961345,0.0,0.0,0.0,0.5,1.0,1.0,1.0,0.0,0.0,0.0,0.0,0.0
753,0.14009661835748793,0.0,0.5,1.0,1.0,1.0,0.0,0.0,0.0,0.0,0.0,1.0,1.0
754,0.07729468599033817,0.0,1.0,0.25,1.0,1.0,0.0,0.5,0.0,0.0,1.0,0.0,1.0
755,0.07729468599033817,0.5,0.5,0.75,0.0,0.0,1.0,0.0,1.0,0.0,1.0,0.5,0.0
756,0.10628019323671495,1.0,0.0,0.25,1.0,0.0,1.0,0.5,0.0,1.0,0.0,0.0,1.0
757,0.19806763285024154,0.5,1.0,0.5,0.5,1.0,0.0,0.0,1.0,1.0,1.0,0.0,1.0
758,0.15942028985507245,0.5,0.0,1.0,0.5,1.0,1.0,0.0,1.0,1.0,0.0,1.0,1.0
759,0.07729468599033817,0.5,1.0,0.25,0.0,1.0,0.0,1.0,1.0,1.0,1.0,0.5,0.0
760,0.15942028985507245,0.0,0.5,0.25,0.5,1.0,1.0,1.0,1.0,0.0,1.0,0.5,1.0
761,0.07246376811594202,0.0,0.5,0.0,0.5,1.0,0.0,1.0,0.0,0.0,0.0,0.0,0.0
762,0.1497584541062802,0.5,0.5,1.0,1.0,0.0,0.0,0.0,0.0,0.0,0.0,1.0,1.0
763,0.2125603864734299,0.0,1.0,0.25,0.0,1.0,0.0,0.5,1.0,0.0,1.0,0.0,0.0
764,0.19806763285024154,0.5,0.5,0.0,0.5,1.0,1.0,1.0,1.0,1.0,1.0,0.0,1.0
765,0.12077294685990336,0.5,0.5,1.0,0.0,1.0,1.0,0.0,1.0,1.0,1.0,1.0,0.0
766,0.1545893719806763,1.0,0.5,0.5,1.0,0.0,0.0,1.0,0.0,1.0,0.0,1.0,1.0
767,0.20772946859903385,0.0,0.5,0.0,0.5,1.0,0.0,1.0,1.0,0.0,0.0,0.0,1.0
768,0.06280193236714976,0.5,0.0,0.75,0.5,1.0,1.0,0.5,0.0,1.0,0.0,1.0,0.0
769,0.17391304347826086,0.0,0.5,0.25,1.0,1.0,0.0,1.0,0.0,0.0,0.0,0.5,1.0
770,0.2125603864734299,0.5,1.0,0.75,0.5,0.0,0.0,0.5,1.0,0.0,1.0,1.0,1.0
771,0.08695652173913043,0.5,0.0,0.5,0.0,0.0,1.0,0.5,1.0,0.0,0.0,0.5,0.0
772,0.14009661835748793,0.5,1.0,0.5,0.0,0.0,0.0,1.0,1.0,0.0,1.0,1.0,0.0
773,0.07729468599033817,1.0,0.0,0.25,0.5,0.0,1.0,1.0,0.0,1.0,0.0,0.5,0.0
774,0.1159420289855072,0.5,0.5,0.25,1.0,1.0,0.0,1.0,0.0,1.0,0.0,0.5,1.0
775,0.2560386473429952,0.0,1.0,0.25,0.5,1.0,0.0,0.5,1.0,0.0,1.0,0.0,1.0
776,0.21739130434782605,1.0,0.0,0.5,0.5,0.0,1.0,0.0,1.0,1.0,0.0,0.0,1.0
777,0.2125603864734299,0.0,1.0,0.25,0.0,1.0,0.0,0.5,1.0,0.0,1.0,0.0,0.0
778,0.1111111111111111,1.0,0.5,1.0,1.0,0.0,1.0,0.0,0.0,1.0,1.0,1.0,1.0
779,0.12077294685990336,0.5,0.5,1.0,0.0,1.0,1.0,0.0,1.0,1.0,1.0,1.0,0.0
780,0.03381642512077293,0.0,0.0,0.5,0.5,1.0,1.0,1.0,0.0,0.0,0.0,1.0,0.0
781,0.1545893719806763,1.0,0.5,0.5,1.0,0.0,0.0,1.0,0.0,1.0,0.0,1.0,1.0
782,0.20772946859903385,0.0,0.5,0.0,0.5,1.0,0.0,1.0,1.0,0.0,0.0,0.0,1.0
783,0.17391304347826086,0.0,0.5,0.25,1.0,1.0,0.0,1.0,0.0,0.0,0.0,0.5,1.0
784,0.2125603864734299,0.5,1.0,0.75,0.5,0.0,0.0,0.5,1.0,0.0,1.0,1.0,1.0
785,0.12560386473429952,0.5,0.5,0.0,0.5,1.0,0.0,1.0,1.0,1.0,0.0,0.0,1.0
786,0.07729468599033817,1.0,0.5,0.25,1.0,0.0,0.0,1.0,0.0,1.0,0.0,0.5,1.0
787,0.07246376811594202,0.5,1.0,0.75,0.5,1.0,0.0,0.0,0.0,1.0,1.0,0.5,0.0
788,0.23671497584541057,1.0,0.5,0.5,0.5,0.0,1.0,0.5,1.0,1.0,1.0,0.5,1.0
789,0.17391304347826086,0.0,0.5,0.25,0.0,1.0,1.0,0.5,1.0,0.0,1.0,0.0,0.0
790,0.2125603864734299,0.0,1.0,0.25,0.0,1.0,0.0,0.5,1.0,0.0,1.0,0.0,0.0
791,0.1111111111111111,1.0,0.5,1.0,1.0,0.0,1.0,0.0,0.0,1.0,1.0,1.0,1.0
792,0.19806763285024154,0.5,0.5,0.0,0.5,1.0,1.0,1.0,1.0,1.0,1.0,0.0,1.0
793,0.03381642512077293,0.0,0.0,0.5,0.5,1.0,1.0,1.0,0.0,0.0,0.0,1.0,0.0
794,0.06280193236714976,0.5,0.0,0.75,0.5,1.0,1.0,0.5,0.0,1.0,0.0,1.0,0.0
795,0.17391304347826086,0.0,0.5,0.25,1.0,1.0,0.0,1.0,0.0,0.0,0.0,0.5,1.0
796,0.15942028985507245,0.5,1.0,0.25,0.5,0.0,0.0,1.0,1.0,0.0,1.0,0.5,1.0
797,0.08695652173913043,0.5,0.0,0.5,0.0,0.0,1.0,0.5,1.0,0.0,0.0,0.5,0.0
798,0.08212560386473428,0.5,0.5,0.25,0.5,0.0,1.0,0.5,0.0,0.0,1.0,0.0,0.0
799,0.0579710144927536,1.0,0.5,0.75,0.5,0.0,1.0,0.0,0.0,1.0,1.0,0.5,0.0
800,0.09661835748792269,0.0,0.5,0.25,1.0,1.0,1.0,0.5,0.0,0.0,1.0,0.0,1.0
801,0.1111111111111111,0.5,0.0,0.5,0.5,0.0,1.0,0.0,1.0,0.0,0.0,0.0,1.0
802,0.19806763285024154,1.0,1.0,0.5,0.5,0.0,0.0,0.0,1.0,1.0,1.0,0.0,1.0
