,pair_duration,c2-c1,h2-h1,i2-i1,n2-n1,c1,h1,i1,n1,c2,h2,i2,n2
0,0.03864734299516909,1.0,1.0,1.0,0.5,0.0,0.0,0.0,0.0,1.0,1.0,1.0,0.0
1,0.18357487922705312,1.0,0.0,0.75,0.5,0.0,1.0,0.0,1.0,1.0,0.0,0.5,1.0
2,0.1159420289855072,0.0,0.5,0.5,0.0,1.0,0.0,0.5,1.0,0.0,0.0,0.5,0.0
3,0.1111111111111111,0.5,0.5,0.25,1.0,0.0,0.0,0.5,0.0,0.0,0.0,0.0,1.0
4,0.15942028985507245,1.0,0.5,0.5,0.5,0.0,0.0,0.0,1.0,1.0,0.0,0.0,1.0
5,0.14492753623188404,0.5,1.0,0.75,0.5,1.0,0.0,0.0,1.0,1.0,1.0,0.5,1.0
6,0.1111111111111111,0.5,0.0,0.5,0.0,1.0,1.0,0.5,1.0,1.0,0.0,0.5,0.0
7,0.10628019323671495,0.5,1.0,0.25,1.0,1.0,0.0,0.5,0.0,1.0,1.0,0.0,1.0
8,0.10628019323671495,0.5,0.5,0.5,0.0,1.0,1.0,0.0,1.0,1.0,1.0,0.0,0.0
9,0.12077294685990336,0.5,0.0,1.0,1.0,1.0,1.0,0.0,0.0,1.0,0.0,1.0,1.0
10,0.14009661835748793,0.5,0.5,0.25,1.0,0.0,1.0,1.0,0.0,0.0,1.0,0.5,1.0
11,0.2753623188405797,0.5,0.5,0.25,0.5,0.0,1.0,0.5,1.0,0.0,1.0,0.0,1.0
12,0.21739130434782605,1.0,0.5,0.75,0.0,0.0,1.0,0.0,1.0,1.0,1.0,0.5,0.0
13,0.08695652173913043,0.0,0.5,0.5,0.5,1.0,1.0,0.5,0.0,0.0,1.0,0.5,0.0
14,0.048309178743961345,1.0,0.5,0.25,0.5,0.0,1.0,0.5,0.0,1.0,1.0,0.0,0.0
15,0.08212560386473428,0.5,0.0,0.75,0.5,1.0,1.0,0.0,0.0,1.0,0.0,0.5,0.0
16,0.07729468599033817,0.0,0.5,0.75,0.5,1.0,0.0,0.5,0.0,0.0,0.0,1.0,0.0
17,0.13526570048309178,0.5,0.5,0.0,1.0,0.0,0.0,1.0,0.0,0.0,0.0,0.0,1.0
18,0.20772946859903385,0.5,0.5,0.75,0.5,0.0,0.0,0.0,1.0,0.0,0.0,0.5,1.0
19,0.23671497584541057,0.5,1.0,0.75,0.5,0.0,0.0,0.5,1.0,0.0,1.0,1.0,1.0
20,0.28019323671497587,1.0,0.0,0.25,0.5,0.0,1.0,1.0,1.0,1.0,0.0,0.5,1.0
21,0.13526570048309178,1.0,0.5,0.5,0.0,0.0,0.0,0.0,1.0,1.0,0.0,0.0,0.0
22,0.12077294685990336,0.5,0.0,0.75,0.5,1.0,1.0,0.0,1.0,1.0,0.0,0.5,1.0
23,0.17391304347826086,0.0,0.5,0.5,0.5,1.0,0.0,0.5,1.0,0.0,0.0,0.5,1.0
24,0.17874396135265697,0.5,1.0,0.5,0.5,0.0,0.0,0.5,1.0,0.0,1.0,0.5,1.0
25,0.09661835748792269,1.0,0.5,0.25,0.0,0.0,1.0,0.5,1.0,1.0,1.0,0.0,0.0
26,0.028985507246376774,0.0,0.5,1.0,0.5,1.0,1.0,0.0,0.0,0.0,1.0,1.0,0.0
27,0.1159420289855072,1.0,0.0,0.5,1.0,0.0,1.0,1.0,0.0,1.0,0.0,1.0,1.0
28,0.2028985507246377,0.5,1.0,0.5,0.5,1.0,0.0,1.0,1.0,1.0,1.0,1.0,1.0
29,0.07729468599033817,0.0,0.5,0.5,0.5,1.0,0.0,0.5,0.0,0.0,0.0,0.5,0.0
30,0.09178743961352653,1.0,0.5,0.75,0.5,0.0,0.0,0.5,0.0,1.0,0.0,1.0,0.0
31,0.07729468599033817,1.0,0.5,1.0,0.5,0.0,1.0,0.0,0.0,1.0,1.0,1.0,0.0
32,0.09178743961352653,0.0,0.5,0.25,0.5,1.0,1.0,1.0,0.0,0.0,1.0,0.5,0.0
33,0.12560386473429952,1.0,0.0,0.75,1.0,0.0,1.0,0.5,0.0,1.0,0.0,1.0,1.0
34,0.19806763285024154,0.5,0.5,0.25,0.5,1.0,0.0,1.0,1.0,1.0,0.0,0.5,1.0
35,0.19806763285024154,0.0,1.0,0.5,0.5,1.0,0.0,0.5,1.0,0.0,1.0,0.5,1.0
36,0.20772946859903385,1.0,0.5,0.25,0.5,0.0,1.0,0.5,1.0,1.0,1.0,0.0,1.0
37,0.21739130434782605,0.5,0.5,1.0,0.5,1.0,1.0,0.0,1.0,1.0,1.0,1.0,1.0
38,0.19323671497584538,0.5,0.5,0.25,0.0,1.0,1.0,1.0,1.0,1.0,1.0,0.5,0.0
39,0.024154589371980673,0.5,0.5,0.75,0.5,1.0,1.0,0.5,0.0,1.0,1.0,1.0,0.0
40,0.08695652173913043,0.5,0.0,0.5,1.0,1.0,1.0,1.0,0.0,1.0,0.0,1.0,1.0
41,0.2946859903381642,1.0,0.5,0.75,0.5,0.0,0.0,0.0,1.0,1.0,0.0,0.5,1.0
42,0.21739130434782605,0.0,1.0,0.5,0.0,1.0,0.0,0.5,1.0,0.0,1.0,0.5,0.0
43,0.19806763285024154,1.0,0.5,0.25,1.0,0.0,1.0,0.5,0.0,1.0,1.0,0.0,1.0
44,0.18357487922705312,0.0,0.5,1.0,0.0,1.0,1.0,0.0,1.0,0.0,1.0,1.0,0.0
45,0.12077294685990336,0.5,0.0,1.0,0.5,1.0,1.0,0.0,0.0,1.0,0.0,1.0,0.0
46,0.07246376811594202,0.0,0.5,0.5,0.5,1.0,0.0,1.0,0.0,0.0,0.0,1.0,0.0
47,0.2028985507246377,1.0,1.0,0.5,1.0,0.0,0.0,1.0,0.0,1.0,1.0,1.0,1.0
48,0.04347826086956519,0.5,0.5,0.0,0.5,0.0,1.0,1.0,0.0,0.0,1.0,0.0,0.0
49,0.0579710144927536,1.0,0.0,0.5,0.5,0.0,1.0,0.0,0.0,1.0,0.0,0.0,0.0
50,0.048309178743961345,0.0,0.5,1.0,0.5,1.0,0.0,0.0,0.0,0.0,0.0,1.0,0.0
51,0.09661835748792269,0.5,1.0,1.0,0.0,1.0,0.0,0.0,1.0,1.0,1.0,1.0,0.0
52,0.04347826086956519,0.5,0.0,0.5,0.5,1.0,1.0,1.0,0.0,1.0,0.0,1.0,0.0
53,0.27053140096618356,0.5,1.0,0.25,1.0,1.0,0.0,1.0,0.0,1.0,1.0,0.5,1.0
54,0.3719806763285024,0.0,0.5,0.5,0.5,1.0,1.0,0.5,1.0,0.0,1.0,0.5,1.0
55,0.2028985507246377,0.5,0.5,0.75,0.5,0.0,1.0,0.5,1.0,0.0,1.0,1.0,1.0
56,0.08212560386473428,1.0,0.5,0.0,0.0,0.0,1.0,1.0,1.0,1.0,1.0,0.0,0.0
57,0.17874396135265697,0.5,0.0,0.75,1.0,1.0,1.0,0.0,0.0,1.0,0.0,0.5,1.0
58,0.18357487922705312,1.0,0.0,0.75,0.5,0.0,1.0,0.0,1.0,1.0,0.0,0.5,1.0
59,0.14492753623188404,0.5,1.0,0.75,0.5,1.0,0.0,0.0,1.0,1.0,1.0,0.5,1.0
60,0.10628019323671495,0.5,1.0,0.25,1.0,1.0,0.0,0.5,0.0,1.0,1.0,0.0,1.0
61,0.10628019323671495,0.5,0.5,0.5,0.0,1.0,1.0,0.0,1.0,1.0,1.0,0.0,0.0
62,0.12077294685990336,0.5,0.0,1.0,1.0,1.0,1.0,0.0,0.0,1.0,0.0,1.0,1.0
63,0.12560386473429952,0.5,0.5,0.5,0.0,0.0,0.0,1.0,1.0,0.0,0.0,1.0,0.0
64,0.06763285024154586,0.5,0.5,0.25,0.5,0.0,0.0,1.0,0.0,0.0,0.0,0.5,0.0
65,0.0579710144927536,1.0,1.0,0.5,0.5,0.0,0.0,0.5,0.0,1.0,1.0,0.5,0.0
66,0.053140096618357446,1.0,0.0,0.5,0.5,0.0,1.0,1.0,0.0,1.0,0.0,1.0,0.0
67,0.09661835748792269,0.0,1.0,0.0,1.0,1.0,0.0,1.0,0.0,0.0,1.0,0.0,1.0
68,0.19806763285024154,0.5,0.5,1.0,0.5,0.0,1.0,0.0,1.0,0.0,1.0,1.0,1.0
69,0.23188405797101452,0.5,0.5,0.25,0.5,0.0,1.0,1.0,1.0,0.0,1.0,0.5,1.0
70,0.24637681159420288,0.5,0.0,0.25,0.5,0.0,1.0,0.5,1.0,0.0,0.0,0.0,1.0
71,0.0579710144927536,0.5,0.0,0.25,0.5,0.0,1.0,1.0,0.0,0.0,0.0,0.5,0.0
72,0.1545893719806763,1.0,0.5,0.5,0.0,0.0,1.0,1.0,1.0,1.0,1.0,1.0,0.0
73,0.2753623188405797,0.5,0.0,1.0,0.5,0.0,1.0,0.0,1.0,0.0,0.0,1.0,1.0
74,0.28019323671497587,1.0,0.5,0.0,0.5,0.0,0.0,1.0,1.0,1.0,0.0,0.0,1.0
75,0.14492753623188404,0.5,0.5,0.5,0.0,1.0,1.0,0.5,1.0,1.0,1.0,0.5,0.0
76,0.09178743961352653,0.0,0.5,0.25,1.0,1.0,0.0,0.5,0.0,0.0,0.0,0.0,1.0
77,0.19323671497584538,0.0,0.0,0.25,0.5,1.0,1.0,1.0,1.0,0.0,0.0,0.5,1.0
78,0.17874396135265697,0.5,0.5,0.75,0.5,0.0,0.0,0.5,1.0,0.0,0.0,1.0,1.0
79,0.08695652173913043,0.5,1.0,0.25,0.0,0.0,0.0,1.0,1.0,0.0,1.0,0.5,0.0
80,0.08695652173913043,1.0,0.5,0.5,1.0,0.0,1.0,0.5,0.0,1.0,1.0,0.5,1.0
81,0.03864734299516909,1.0,1.0,1.0,0.5,0.0,0.0,0.0,0.0,1.0,1.0,1.0,0.0
82,0.09661835748792269,0.0,0.5,0.0,1.0,1.0,1.0,1.0,0.0,0.0,1.0,0.0,1.0
83,0.18357487922705312,1.0,0.0,0.75,0.5,0.0,1.0,0.0,1.0,1.0,0.0,0.5,1.0
84,0.1159420289855072,0.0,0.5,0.5,0.0,1.0,0.0,0.5,1.0,0.0,0.0,0.5,0.0
85,0.1111111111111111,0.5,0.5,0.25,1.0,0.0,0.0,0.5,0.0,0.0,0.0,0.0,1.0
86,0.15942028985507245,1.0,0.5,0.5,0.5,0.0,0.0,0.0,1.0,1.0,0.0,0.0,1.0
87,0.14492753623188404,0.5,1.0,0.75,0.5,1.0,0.0,0.0,1.0,1.0,1.0,0.5,1.0
88,0.1111111111111111,0.5,0.0,0.5,0.0,1.0,1.0,0.5,1.0,1.0,0.0,0.5,0.0
89,0.10628019323671495,0.5,1.0,0.25,1.0,1.0,0.0,0.5,0.0,1.0,1.0,0.0,1.0
90,0.10628019323671495,0.5,0.5,0.5,0.0,1.0,1.0,0.0,1.0,1.0,1.0,0.0,0.0
91,0.12077294685990336,0.5,0.0,1.0,1.0,1.0,1.0,0.0,0.0,1.0,0.0,1.0,1.0
92,0.2946859903381642,1.0,1.0,0.5,0.5,0.0,0.0,1.0,1.0,1.0,1.0,1.0,1.0
93,0.18840579710144928,0.0,0.0,0.25,0.0,1.0,1.0,1.0,1.0,0.0,0.0,0.5,0.0
94,0.09178743961352653,1.0,1.0,0.75,0.5,0.0,0.0,0.5,0.0,1.0,1.0,1.0,0.0
95,0.17391304347826086,0.0,0.5,0.5,1.0,1.0,1.0,1.0,0.0,0.0,1.0,1.0,1.0
96,0.23188405797101452,1.0,0.0,0.0,0.5,0.0,1.0,1.0,1.0,1.0,0.0,0.0,1.0
97,0.15942028985507245,0.5,0.5,0.5,1.0,0.0,1.0,0.0,0.0,0.0,1.0,0.0,1.0
98,0.18840579710144928,1.0,0.0,0.5,0.0,0.0,1.0,0.0,1.0,1.0,0.0,0.0,0.0
99,0.18357487922705312,0.0,0.5,0.5,1.0,1.0,0.0,0.0,0.0,0.0,0.0,0.0,1.0
100,0.2850241545893719,1.0,1.0,0.5,0.5,0.0,0.0,0.0,1.0,1.0,1.0,0.0,1.0
101,0.18357487922705312,0.5,0.0,0.75,0.0,1.0,1.0,0.0,1.0,1.0,0.0,0.5,0.0
102,0.1545893719806763,0.0,0.5,0.75,1.0,1.0,1.0,0.0,0.0,0.0,1.0,0.5,1.0
103,0.20772946859903385,1.0,0.0,0.75,0.5,0.0,1.0,0.5,1.0,1.0,0.0,1.0,1.0
104,0.09178743961352653,0.5,0.5,0.0,0.0,1.0,0.0,1.0,1.0,1.0,0.0,0.0,0.0
105,0.0579710144927536,0.0,1.0,0.5,0.5,1.0,0.0,0.0,0.0,0.0,1.0,0.0,0.0
106,0.0579710144927536,0.5,0.5,1.0,0.5,0.0,1.0,0.0,0.0,0.0,1.0,1.0,0.0
107,0.10144927536231885,1.0,0.0,0.0,1.0,0.0,1.0,1.0,0.0,1.0,0.0,0.0,1.0
108,0.09661835748792269,0.0,0.5,0.5,0.0,1.0,0.0,0.0,1.0,0.0,0.0,0.0,0.0
109,0.10628019323671495,0.5,0.5,0.5,1.0,0.0,0.0,0.0,0.0,0.0,0.0,0.0,1.0
110,0.09178743961352653,0.5,0.5,1.0,0.0,0.0,0.0,0.0,1.0,0.0,0.0,1.0,0.0
111,0.014492753623188415,0.5,1.0,0.25,0.5,0.0,0.0,1.0,0.0,0.0,1.0,0.5,0.0
112,0.09661835748792269,1.0,0.5,0.5,0.5,0.0,1.0,0.5,0.0,1.0,1.0,0.5,0.0
113,0.19323671497584538,1.0,0.0,1.0,0.5,0.0,1.0,0.0,1.0,1.0,0.0,1.0,1.0
114,0.10144927536231885,0.5,1.0,0.5,0.0,1.0,0.0,1.0,1.0,1.0,1.0,1.0,0.0
115,0.07246376811594202,0.5,0.5,0.25,1.0,1.0,1.0,1.0,0.0,1.0,1.0,0.5,1.0
116,0.13526570048309178,0.0,0.0,0.5,0.5,1.0,1.0,0.5,1.0,0.0,0.0,0.5,1.0
117,0.14492753623188404,1.0,0.5,0.5,0.5,0.0,0.0,0.5,1.0,1.0,0.0,0.5,1.0
118,0.2028985507246377,0.0,0.5,0.25,0.5,1.0,0.0,0.5,1.0,0.0,0.0,0.0,1.0
119,0.24637681159420288,1.0,1.0,1.0,0.5,0.0,0.0,0.0,1.0,1.0,1.0,1.0,1.0
120,0.13526570048309178,0.5,0.5,0.0,0.0,1.0,1.0,1.0,1.0,1.0,1.0,0.0,0.0
121,0.019323671497584516,0.0,0.0,0.5,0.5,1.0,1.0,0.0,0.0,0.0,0.0,0.0,0.0
122,0.1111111111111111,1.0,1.0,0.5,1.0,0.0,0.0,0.0,0.0,1.0,1.0,0.0,1.0
123,0.15942028985507245,0.5,0.0,1.0,0.0,1.0,1.0,0.0,1.0,1.0,0.0,1.0,0.0
124,0.23671497584541057,0.0,0.5,0.5,0.5,1.0,1.0,0.0,1.0,0.0,1.0,0.0,1.0
125,0.1497584541062802,1.0,0.0,1.0,0.0,0.0,1.0,0.0,1.0,1.0,0.0,1.0,0.0
126,0.0,0.0,0.5,0.25,0.5,1.0,0.0,1.0,0.0,0.0,0.0,0.5,0.0
127,0.004830917874396101,0.5,0.5,0.75,0.5,0.0,0.0,0.5,0.0,0.0,0.0,1.0,0.0
128,0.024154589371980673,0.5,0.5,0.0,0.5,0.0,0.0,1.0,0.0,0.0,0.0,0.0,0.0
129,0.12560386473429952,0.5,0.5,1.0,1.0,0.0,1.0,0.0,0.0,0.0,1.0,1.0,1.0
130,0.2222222222222222,1.0,0.5,0.25,0.5,0.0,1.0,1.0,1.0,1.0,1.0,0.5,1.0
131,0.03864734299516909,1.0,1.0,1.0,0.5,0.0,0.0,0.0,0.0,1.0,1.0,1.0,0.0
132,0.09661835748792269,0.0,0.5,0.0,1.0,1.0,1.0,1.0,0.0,0.0,1.0,0.0,1.0
133,0.18357487922705312,1.0,0.0,0.75,0.5,0.0,1.0,0.0,1.0,1.0,0.0,0.5,1.0
134,0.1159420289855072,0.0,0.5,0.5,0.0,1.0,0.0,0.5,1.0,0.0,0.0,0.5,0.0
135,0.1111111111111111,0.5,0.5,0.25,1.0,0.0,0.0,0.5,0.0,0.0,0.0,0.0,1.0
136,0.1111111111111111,0.5,0.0,0.5,0.0,1.0,1.0,0.5,1.0,1.0,0.0,0.5,0.0
137,0.10628019323671495,0.5,0.5,0.5,0.0,1.0,1.0,0.0,1.0,1.0,1.0,0.0,0.0
138,0.12077294685990336,0.5,0.0,1.0,1.0,1.0,1.0,0.0,0.0,1.0,0.0,1.0,1.0
139,0.024154589371980673,0.5,0.5,0.75,0.5,1.0,1.0,0.5,0.0,1.0,1.0,1.0,0.0
140,0.08695652173913043,0.5,0.0,0.5,1.0,1.0,1.0,1.0,0.0,1.0,0.0,1.0,1.0
141,0.2946859903381642,1.0,0.5,0.75,0.5,0.0,0.0,0.0,1.0,1.0,0.0,0.5,1.0
142,0.21739130434782605,0.0,1.0,0.5,0.0,1.0,0.0,0.5,1.0,0.0,1.0,0.5,0.0
143,0.19806763285024154,1.0,0.5,0.25,1.0,0.0,1.0,0.5,0.0,1.0,1.0,0.0,1.0
144,0.18357487922705312,0.0,0.5,1.0,0.0,1.0,1.0,0.0,1.0,0.0,1.0,1.0,0.0
145,0.09178743961352653,1.0,0.5,0.0,0.5,0.0,1.0,1.0,0.0,1.0,1.0,0.0,0.0
146,0.12077294685990336,0.5,0.0,1.0,0.5,1.0,1.0,0.0,0.0,1.0,0.0,1.0,0.0
147,0.07246376811594202,0.0,0.5,0.5,0.5,1.0,0.0,1.0,0.0,0.0,0.0,1.0,0.0
148,0.2028985507246377,1.0,1.0,0.5,1.0,0.0,0.0,1.0,0.0,1.0,1.0,1.0,1.0
149,0.09661835748792269,0.0,0.5,0.25,1.0,1.0,0.0,1.0,0.0,0.0,0.0,0.5,1.0
150,0.1111111111111111,0.5,1.0,0.75,0.0,0.0,0.0,0.5,1.0,0.0,1.0,1.0,0.0
151,0.1159420289855072,1.0,0.5,0.0,0.5,0.0,1.0,1.0,1.0,1.0,1.0,0.0,1.0
152,0.1690821256038647,0.5,0.0,0.5,0.5,1.0,1.0,0.0,1.0,1.0,0.0,0.0,1.0
153,0.10628019323671495,0.0,1.0,0.75,0.0,1.0,0.0,0.0,1.0,0.0,1.0,0.5,0.0
154,0.0579710144927536,1.0,0.5,0.75,0.5,0.0,1.0,0.5,0.0,1.0,1.0,1.0,0.0
155,0.07246376811594202,0.5,0.0,0.25,0.5,1.0,1.0,1.0,0.0,1.0,0.0,0.5,0.0
156,0.13526570048309178,0.0,0.0,0.25,0.0,1.0,1.0,1.0,1.0,0.0,0.0,0.5,0.0
157,0.17874396135265697,0.5,1.0,0.5,1.0,0.0,0.0,0.5,0.0,0.0,1.0,0.5,1.0
158,0.1497584541062802,0.5,0.5,0.5,1.0,1.0,1.0,0.5,0.0,1.0,1.0,0.5,1.0
159,0.18840579710144928,0.5,0.5,0.75,0.0,1.0,1.0,0.5,1.0,1.0,1.0,1.0,0.0
160,0.20772946859903385,0.0,0.5,0.25,1.0,1.0,1.0,1.0,0.0,0.0,1.0,0.5,1.0
161,0.2125603864734299,0.5,0.5,0.25,0.0,0.0,1.0,0.5,1.0,0.0,1.0,0.0,0.0
162,0.13526570048309178,0.5,0.0,0.75,0.5,0.0,1.0,0.0,0.0,0.0,0.0,0.5,0.0
163,0.1159420289855072,1.0,1.0,0.25,0.5,0.0,0.0,0.5,0.0,1.0,1.0,0.0,0.0
164,0.07246376811594202,0.0,0.5,1.0,0.0,1.0,0.0,0.0,1.0,0.0,0.0,1.0,0.0
165,0.08212560386473428,0.5,0.5,0.5,1.0,0.0,0.0,1.0,0.0,0.0,0.0,1.0,1.0
166,0.18357487922705312,0.5,0.5,0.25,0.5,0.0,0.0,1.0,1.0,0.0,0.0,0.5,1.0
167,0.053140096618357446,1.0,0.5,0.25,0.5,0.0,0.0,1.0,0.0,1.0,0.0,0.5,0.0
168,0.0,0.5,0.5,0.25,0.5,0.0,0.0,0.5,0.0,0.0,0.0,0.0,0.0
169,0.0579710144927536,1.0,0.5,1.0,0.5,0.0,0.0,0.0,0.0,1.0,0.0,1.0,0.0
170,0.1642512077294686,0.0,1.0,0.5,1.0,1.0,0.0,1.0,0.0,0.0,1.0,1.0,1.0
171,0.2125603864734299,0.5,0.5,0.25,0.5,0.0,1.0,1.0,1.0,0.0,1.0,0.5,1.0
172,0.20772946859903385,0.5,0.0,0.5,0.5,0.0,1.0,0.5,1.0,0.0,0.0,0.5,1.0
173,0.1690821256038647,0.5,0.5,0.25,0.5,0.0,0.0,0.5,1.0,0.0,0.0,0.0,1.0
174,0.22705314009661837,1.0,1.0,0.75,0.5,0.0,0.0,0.0,1.0,1.0,1.0,0.5,1.0
175,0.09178743961352653,0.5,1.0,0.75,1.0,1.0,0.0,0.0,0.0,1.0,1.0,0.5,1.0
176,0.10144927536231885,0.5,0.5,0.25,0.0,1.0,1.0,0.5,1.0,1.0,1.0,0.0,0.0
177,0.15942028985507245,0.5,0.5,1.0,1.0,1.0,1.0,0.0,0.0,1.0,1.0,1.0,1.0
178,0.2753623188405797,0.0,0.5,0.0,0.5,1.0,1.0,1.0,1.0,0.0,1.0,0.0,1.0
179,0.1497584541062802,1.0,0.0,0.75,0.0,0.0,1.0,0.0,1.0,1.0,0.0,0.5,0.0
180,0.06763285024154586,0.0,0.5,0.5,1.0,1.0,0.0,0.5,0.0,0.0,0.0,0.5,1.0
181,0.07729468599033817,1.0,0.5,0.75,0.0,0.0,0.0,0.5,1.0,1.0,0.0,1.0,0.0
182,0.14009661835748793,0.0,1.0,0.25,1.0,1.0,0.0,1.0,0.0,0.0,1.0,0.5,1.0
183,0.12077294685990336,0.5,0.5,0.25,0.0,0.0,1.0,0.5,1.0,0.0,1.0,0.0,0.0
184,0.03381642512077293,0.5,0.0,0.5,0.5,0.0,1.0,0.0,0.0,0.0,0.0,0.0,0.0
185,0.14009661835748793,0.5,0.5,0.25,1.0,0.0,1.0,1.0,0.0,0.0,1.0,0.5,1.0
186,0.2753623188405797,0.5,0.5,0.25,0.5,0.0,1.0,0.5,1.0,0.0,1.0,0.0,1.0
187,0.21739130434782605,1.0,0.5,0.75,0.0,0.0,1.0,0.0,1.0,1.0,1.0,0.5,0.0
188,0.08695652173913043,0.0,0.5,0.5,0.5,1.0,1.0,0.5,0.0,0.0,1.0,0.5,0.0
189,0.08212560386473428,0.5,0.0,0.75,0.5,1.0,1.0,0.0,0.0,1.0,0.0,0.5,0.0
190,0.07729468599033817,0.0,0.5,0.75,0.5,1.0,0.0,0.5,0.0,0.0,0.0,1.0,0.0
191,0.13526570048309178,0.5,0.5,0.0,1.0,0.0,0.0,1.0,0.0,0.0,0.0,0.0,1.0
192,0.20772946859903385,0.5,0.5,0.75,0.5,0.0,0.0,0.0,1.0,0.0,0.0,0.5,1.0
193,0.23671497584541057,0.5,1.0,0.75,0.5,0.0,0.0,0.5,1.0,0.0,1.0,1.0,1.0
194,0.28019323671497587,1.0,0.0,0.25,0.5,0.0,1.0,1.0,1.0,1.0,0.0,0.5,1.0
195,0.25120772946859904,0.5,0.0,0.75,0.5,1.0,1.0,0.5,1.0,1.0,0.0,1.0,1.0
196,0.2125603864734299,0.0,1.0,0.5,0.5,1.0,0.0,1.0,1.0,0.0,1.0,1.0,1.0
197,0.28019323671497587,0.5,0.5,0.0,0.5,0.0,1.0,1.0,1.0,0.0,1.0,0.0,1.0
198,0.18840579710144928,0.5,0.0,0.5,0.0,0.0,1.0,0.0,1.0,0.0,0.0,0.0,0.0
199,0.13526570048309178,1.0,0.5,0.75,1.0,0.0,0.0,0.0,0.0,1.0,0.0,0.5,1.0
200,0.14009661835748793,0.5,0.5,0.75,0.0,1.0,0.0,0.5,1.0,1.0,0.0,1.0,0.0
201,0.07246376811594202,0.5,1.0,0.25,0.5,1.0,0.0,1.0,0.0,1.0,1.0,0.5,0.0
202,0.04347826086956519,0.0,0.5,0.75,0.5,1.0,0.0,0.0,0.0,0.0,0.0,0.5,0.0
203,0.03381642512077293,0.5,1.0,0.75,0.5,0.0,0.0,0.5,0.0,0.0,1.0,1.0,0.0
204,0.2222222222222222,0.5,0.0,0.0,0.5,0.0,1.0,1.0,1.0,0.0,0.0,0.0,1.0
205,0.09178743961352653,0.5,0.5,0.25,1.0,1.0,0.0,0.5,0.0,1.0,0.0,0.0,1.0
206,0.10144927536231885,0.5,1.0,0.5,0.0,1.0,0.0,0.0,1.0,1.0,1.0,0.0,0.0
207,0.04347826086956519,1.0,0.0,1.0,0.5,0.0,1.0,0.0,0.0,1.0,0.0,1.0,0.0
208,0.13526570048309178,0.0,1.0,0.0,1.0,1.0,0.0,1.0,0.0,0.0,1.0,0.0,1.0
209,0.15942028985507245,1.0,0.5,1.0,0.0,0.0,1.0,0.0,1.0,1.0,1.0,1.0,0.0
210,0.048309178743961345,0.0,0.0,0.0,0.5,1.0,1.0,1.0,0.0,0.0,0.0,0.0,0.0
211,0.024154589371980673,1.0,0.5,0.5,0.5,0.0,0.0,0.0,0.0,1.0,0.0,0.0,0.0
212,0.14009661835748793,0.0,0.5,1.0,1.0,1.0,0.0,0.0,0.0,0.0,0.0,1.0,1.0
213,0.09178743961352653,0.0,0.0,0.75,0.0,1.0,1.0,0.0,1.0,0.0,0.0,0.5,0.0
214,0.08212560386473428,1.0,0.5,0.25,1.0,0.0,0.0,0.5,0.0,1.0,0.0,0.0,1.0
215,0.09661835748792269,0.5,1.0,0.75,0.0,1.0,0.0,0.0,1.0,1.0,1.0,0.5,0.0
216,0.03864734299516909,0.0,0.0,0.25,0.5,1.0,1.0,0.5,0.0,0.0,0.0,0.0,0.0
217,0.019323671497584516,0.5,0.5,0.75,0.5,1.0,0.0,0.5,0.0,1.0,0.0,1.0,0.0
218,0.009661835748792258,0.0,1.0,0.5,0.5,1.0,0.0,1.0,0.0,0.0,1.0,1.0,0.0
219,0.1159420289855072,1.0,1.0,0.25,1.0,0.0,0.0,1.0,0.0,1.0,1.0,0.5,1.0
220,0.2222222222222222,0.0,0.0,0.75,0.5,1.0,1.0,0.5,1.0,0.0,0.0,1.0,1.0
221,0.1497584541062802,0.5,1.0,0.0,0.0,0.0,0.0,1.0,1.0,0.0,1.0,0.0,0.0
222,0.07729468599033817,0.5,1.0,1.0,0.5,0.0,0.0,0.0,0.0,0.0,1.0,1.0,0.0
223,0.06763285024154586,1.0,0.5,0.25,0.5,0.0,1.0,1.0,0.0,1.0,1.0,0.5,0.0
224,0.06280193236714976,0.5,0.5,0.25,0.5,1.0,1.0,0.5,0.0,1.0,1.0,0.0,0.0
225,0.12077294685990336,0.0,0.0,0.75,1.0,1.0,1.0,0.0,0.0,0.0,0.0,0.5,1.0
226,0.15942028985507245,1.0,1.0,0.75,0.5,0.0,0.0,0.5,1.0,1.0,1.0,1.0,1.0
227,0.17391304347826086,0.5,0.0,0.25,0.5,1.0,1.0,1.0,1.0,1.0,0.0,0.5,1.0
228,0.2028985507246377,0.5,0.5,0.75,0.5,1.0,0.0,0.5,1.0,1.0,0.0,1.0,1.0
229,0.2125603864734299,0.5,1.0,0.0,0.5,1.0,0.0,1.0,1.0,1.0,1.0,0.0,1.0
230,0.07729468599033817,0.5,1.0,1.0,0.5,1.0,0.0,0.0,0.0,1.0,1.0,1.0,0.0
231,0.15942028985507245,0.0,0.0,0.0,1.0,1.0,1.0,1.0,0.0,0.0,0.0,0.0,1.0
232,0.04347826086956519,0.5,0.5,1.0,0.5,1.0,1.0,0.0,0.0,1.0,1.0,1.0,0.0
233,0.0579710144927536,0.5,0.0,0.0,0.5,1.0,1.0,1.0,0.0,1.0,0.0,0.0,0.0
234,0.14492753623188404,0.0,1.0,1.0,1.0,1.0,0.0,0.0,0.0,0.0,1.0,1.0,1.0
235,0.13043478260869562,0.5,0.5,0.25,0.0,0.0,1.0,1.0,1.0,0.0,1.0,0.5,0.0
236,0.028985507246376774,0.5,0.0,0.5,0.5,0.0,1.0,0.5,0.0,0.0,0.0,0.5,0.0
237,0.10628019323671495,0.5,1.0,0.25,1.0,0.0,0.0,0.5,0.0,0.0,1.0,0.0,1.0
238,0.19323671497584538,0.5,0.0,0.75,0.5,0.0,1.0,0.0,1.0,0.0,0.0,0.5,1.0
239,0.14009661835748793,1.0,1.0,0.5,0.0,0.0,0.0,0.5,1.0,1.0,1.0,0.5,0.0
240,0.14492753623188404,0.5,0.0,0.5,1.0,1.0,1.0,0.5,0.0,1.0,0.0,0.5,1.0
241,0.1111111111111111,0.0,0.5,0.75,0.0,1.0,0.0,0.5,1.0,0.0,0.0,1.0,0.0
242,0.08212560386473428,0.5,0.0,0.75,0.5,1.0,1.0,0.0,0.0,1.0,0.0,0.5,0.0
243,0.07729468599033817,0.0,0.5,0.75,0.5,1.0,0.0,0.5,0.0,0.0,0.0,1.0,0.0
244,0.13526570048309178,0.5,0.5,0.0,1.0,0.0,0.0,1.0,0.0,0.0,0.0,0.0,1.0
245,0.20772946859903385,0.5,0.5,0.75,0.5,0.0,0.0,0.0,1.0,0.0,0.0,0.5,1.0
246,0.10144927536231885,0.5,0.5,0.25,0.0,1.0,0.0,0.5,1.0,1.0,0.0,0.0,0.0
247,0.14009661835748793,0.5,0.5,0.5,1.0,1.0,0.0,0.0,0.0,1.0,0.0,0.0,1.0
248,0.07729468599033817,0.5,0.0,0.25,1.0,0.0,1.0,1.0,0.0,0.0,0.0,0.5,1.0
249,0.09178743961352653,0.0,0.5,0.75,0.0,1.0,1.0,0.0,1.0,0.0,1.0,0.5,0.0
250,0.23671497584541057,0.0,0.0,0.5,0.5,1.0,1.0,1.0,1.0,0.0,0.0,1.0,1.0
251,0.08212560386473428,0.5,0.5,0.75,0.5,1.0,1.0,0.0,0.0,1.0,1.0,0.5,0.0
252,0.053140096618357446,0.0,0.5,0.25,0.5,1.0,1.0,0.5,0.0,0.0,1.0,0.0,0.0
253,0.18357487922705312,0.5,0.5,1.0,0.5,1.0,0.0,0.0,1.0,1.0,0.0,1.0,1.0
254,0.23188405797101452,0.5,1.0,0.25,0.5,1.0,0.0,1.0,1.0,1.0,1.0,0.5,1.0
255,0.1159420289855072,1.0,0.0,0.0,0.0,0.0,1.0,1.0,1.0,1.0,0.0,0.0,0.0
256,0.09661835748792269,0.5,0.5,0.5,0.0,0.0,1.0,0.0,1.0,0.0,1.0,0.0,0.0
257,0.13526570048309178,0.0,0.5,0.5,1.0,1.0,1.0,0.0,0.0,0.0,1.0,0.0,1.0
258,0.1159420289855072,1.0,0.0,0.5,0.0,0.0,1.0,0.0,1.0,1.0,0.0,0.0,0.0
259,0.12560386473429952,0.5,0.0,0.0,0.0,0.0,1.0,1.0,1.0,0.0,0.0,0.0,0.0
260,0.09178743961352653,1.0,1.0,0.75,1.0,0.0,0.0,0.0,0.0,1.0,1.0,0.5,1.0
261,0.10628019323671495,0.0,0.0,0.75,0.0,1.0,1.0,0.5,1.0,0.0,0.0,1.0,0.0
262,0.1159420289855072,0.5,1.0,0.25,1.0,0.0,0.0,1.0,0.0,0.0,1.0,0.5,1.0
263,0.14009661835748793,0.5,0.5,0.25,1.0,0.0,1.0,1.0,0.0,0.0,1.0,0.5,1.0
264,0.2753623188405797,0.5,0.5,0.25,0.5,0.0,1.0,0.5,1.0,0.0,1.0,0.0,1.0
265,0.08212560386473428,0.5,0.0,0.75,0.5,1.0,1.0,0.0,0.0,1.0,0.0,0.5,0.0
266,0.07729468599033817,0.0,0.5,0.75,0.5,1.0,0.0,0.5,0.0,0.0,0.0,1.0,0.0
267,0.13526570048309178,0.5,0.5,0.0,1.0,0.0,0.0,1.0,0.0,0.0,0.0,0.0,1.0
268,0.23671497584541057,0.5,1.0,0.75,0.5,0.0,0.0,0.5,1.0,0.0,1.0,1.0,1.0
269,0.28019323671497587,1.0,0.0,0.25,0.5,0.0,1.0,1.0,1.0,1.0,0.0,0.5,1.0
270,0.18840579710144928,0.0,0.0,0.25,0.0,1.0,1.0,1.0,1.0,0.0,0.0,0.5,0.0
271,0.09178743961352653,1.0,1.0,0.75,0.5,0.0,0.0,0.5,0.0,1.0,1.0,1.0,0.0
272,0.17391304347826086,0.0,0.5,0.5,1.0,1.0,1.0,1.0,0.0,0.0,1.0,1.0,1.0
273,0.23188405797101452,1.0,0.0,0.0,0.5,0.0,1.0,1.0,1.0,1.0,0.0,0.0,1.0
274,0.14492753623188404,0.0,1.0,0.5,0.0,1.0,0.0,0.0,1.0,0.0,1.0,0.0,0.0
275,0.18840579710144928,1.0,0.0,0.5,0.0,0.0,1.0,0.0,1.0,1.0,0.0,0.0,0.0
276,0.18357487922705312,0.0,0.5,0.5,1.0,1.0,0.0,0.0,0.0,0.0,0.0,0.0,1.0
277,0.2850241545893719,1.0,1.0,0.5,0.5,0.0,0.0,0.0,1.0,1.0,1.0,0.0,1.0
278,0.18357487922705312,0.5,0.0,0.75,0.0,1.0,1.0,0.0,1.0,1.0,0.0,0.5,0.0
279,0.17874396135265697,0.5,0.5,1.0,0.5,0.0,0.0,0.0,1.0,0.0,0.0,1.0,1.0
280,0.06280193236714976,0.0,1.0,0.5,0.0,1.0,0.0,1.0,1.0,0.0,1.0,1.0,0.0
281,0.08695652173913043,1.0,0.5,0.5,1.0,0.0,1.0,1.0,0.0,1.0,1.0,1.0,1.0
282,0.10144927536231885,0.0,0.5,0.0,0.0,1.0,1.0,1.0,1.0,0.0,1.0,0.0,0.0
283,0.10144927536231885,0.5,0.5,0.75,1.0,0.0,1.0,0.0,0.0,0.0,1.0,0.5,1.0
284,0.10628019323671495,1.0,0.5,0.5,0.0,0.0,1.0,0.5,1.0,1.0,1.0,0.5,0.0
285,0.028985507246376774,0.5,0.0,0.75,0.5,1.0,1.0,0.5,0.0,1.0,0.0,1.0,0.0
286,0.048309178743961345,0.5,1.0,0.0,0.5,1.0,0.0,1.0,0.0,1.0,1.0,0.0,0.0
287,0.1690821256038647,1.0,1.0,0.25,0.0,0.0,0.0,0.5,1.0,1.0,1.0,0.0,0.0
288,0.13526570048309178,0.0,0.5,0.5,1.0,1.0,1.0,0.0,0.0,0.0,1.0,0.0,1.0
289,0.09178743961352653,1.0,1.0,0.75,1.0,0.0,0.0,0.0,0.0,1.0,1.0,0.5,1.0
290,0.10628019323671495,0.0,0.0,0.75,0.0,1.0,1.0,0.5,1.0,0.0,0.0,1.0,0.0
291,0.07729468599033817,1.0,0.5,0.25,1.0,0.0,0.0,1.0,0.0,1.0,0.0,0.5,1.0
292,0.04347826086956519,1.0,0.0,0.0,0.5,0.0,1.0,1.0,0.0,1.0,0.0,0.0,0.0
293,0.1642512077294686,0.0,0.5,0.5,1.0,1.0,1.0,0.5,0.0,0.0,1.0,0.5,1.0
294,0.23671497584541057,1.0,0.5,0.5,0.5,0.0,1.0,0.5,1.0,1.0,1.0,0.5,1.0
295,0.17391304347826086,0.0,0.5,0.25,0.0,1.0,1.0,0.5,1.0,0.0,1.0,0.0,0.0
296,0.2753623188405797,0.5,0.5,0.25,0.5,0.0,1.0,0.5,1.0,0.0,1.0,0.0,1.0
297,0.21739130434782605,1.0,0.5,0.75,0.0,0.0,1.0,0.0,1.0,1.0,1.0,0.5,0.0
298,0.08695652173913043,0.0,0.5,0.5,0.5,1.0,1.0,0.5,0.0,0.0,1.0,0.5,0.0
299,0.048309178743961345,1.0,0.5,0.25,0.5,0.0,1.0,0.5,0.0,1.0,1.0,0.0,0.0
300,0.07729468599033817,0.0,0.5,0.75,0.5,1.0,0.0,0.5,0.0,0.0,0.0,1.0,0.0
301,0.13526570048309178,0.5,0.5,0.0,1.0,0.0,0.0,1.0,0.0,0.0,0.0,0.0,1.0
302,0.20772946859903385,0.5,0.5,0.75,0.5,0.0,0.0,0.0,1.0,0.0,0.0,0.5,1.0
303,0.23671497584541057,0.5,1.0,0.75,0.5,0.0,0.0,0.5,1.0,0.0,1.0,1.0,1.0
304,0.024154589371980673,0.5,0.5,0.75,0.5,1.0,1.0,0.5,0.0,1.0,1.0,1.0,0.0
305,0.08695652173913043,0.5,0.0,0.5,1.0,1.0,1.0,1.0,0.0,1.0,0.0,1.0,1.0
306,0.2946859903381642,1.0,0.5,0.75,0.5,0.0,0.0,0.0,1.0,1.0,0.0,0.5,1.0
307,0.21739130434782605,0.0,1.0,0.5,0.0,1.0,0.0,0.5,1.0,0.0,1.0,0.5,0.0
308,0.19806763285024154,1.0,0.5,0.25,1.0,0.0,1.0,0.5,0.0,1.0,1.0,0.0,1.0
309,0.18357487922705312,0.0,0.5,1.0,0.0,1.0,1.0,0.0,1.0,0.0,1.0,1.0,0.0
310,0.09178743961352653,1.0,0.5,0.0,0.5,0.0,1.0,1.0,0.0,1.0,1.0,0.0,0.0
311,0.12077294685990336,0.5,0.0,1.0,0.5,1.0,1.0,0.0,0.0,1.0,0.0,1.0,0.0
312,0.07246376811594202,0.0,0.5,0.5,0.5,1.0,0.0,1.0,0.0,0.0,0.0,1.0,0.0
313,0.2028985507246377,1.0,1.0,0.5,1.0,0.0,0.0,1.0,0.0,1.0,1.0,1.0,1.0
314,0.03381642512077293,0.0,0.5,0.25,0.5,1.0,0.0,0.5,0.0,0.0,0.0,0.0,0.0
315,0.09661835748792269,0.5,1.0,0.5,1.0,0.0,0.0,0.0,0.0,0.0,1.0,0.0,1.0
316,0.2125603864734299,1.0,0.5,0.5,0.5,0.0,1.0,0.0,1.0,1.0,1.0,0.0,1.0
317,0.1690821256038647,0.0,0.5,0.75,1.0,1.0,1.0,0.5,0.0,0.0,1.0,1.0,1.0
318,0.1545893719806763,0.5,0.0,0.5,0.0,0.0,1.0,1.0,1.0,0.0,0.0,1.0,0.0
319,0.06763285024154586,1.0,1.0,0.0,0.5,0.0,0.0,1.0,0.0,1.0,1.0,0.0,0.0
320,0.14009661835748793,0.0,0.0,1.0,1.0,1.0,1.0,0.0,0.0,0.0,0.0,1.0,1.0
321,0.14009661835748793,0.5,0.5,0.25,0.0,0.0,0.0,1.0,1.0,0.0,0.0,0.5,0.0
322,0.13043478260869562,1.0,1.0,0.5,1.0,0.0,0.0,0.5,0.0,1.0,1.0,0.5,1.0
323,0.13043478260869562,0.0,0.5,0.75,0.0,1.0,1.0,0.5,1.0,0.0,1.0,1.0,0.0
324,0.1545893719806763,0.0,0.5,0.75,1.0,1.0,1.0,0.0,0.0,0.0,1.0,0.5,1.0
325,0.20772946859903385,1.0,0.0,0.75,0.5,0.0,1.0,0.5,1.0,1.0,0.0,1.0,1.0
326,0.0579710144927536,0.5,0.5,1.0,0.5,0.0,1.0,0.0,0.0,0.0,1.0,1.0,0.0
327,0.09661835748792269,0.0,0.5,0.5,0.0,1.0,0.0,0.0,1.0,0.0,0.0,0.0,0.0
328,0.10628019323671495,0.5,0.5,0.5,1.0,0.0,0.0,0.0,0.0,0.0,0.0,0.0,1.0
329,0.09178743961352653,0.5,0.5,1.0,0.0,0.0,0.0,0.0,1.0,0.0,0.0,1.0,0.0
330,0.014492753623188415,0.5,1.0,0.25,0.5,0.0,0.0,1.0,0.0,0.0,1.0,0.5,0.0
331,0.09661835748792269,1.0,0.5,0.5,0.5,0.0,1.0,0.5,0.0,1.0,1.0,0.5,0.0
332,0.13526570048309178,0.5,0.0,0.75,0.0,0.0,1.0,0.0,1.0,0.0,0.0,0.5,0.0
333,0.13043478260869562,1.0,0.0,0.25,1.0,0.0,1.0,0.5,0.0,1.0,0.0,0.0,1.0
334,0.1497584541062802,0.5,0.5,1.0,0.0,1.0,0.0,0.0,1.0,1.0,0.0,1.0,0.0
335,0.13043478260869562,0.5,1.0,0.0,1.0,1.0,0.0,1.0,0.0,1.0,1.0,0.0,1.0
336,0.19323671497584538,0.5,0.5,1.0,0.5,1.0,1.0,0.0,1.0,1.0,1.0,1.0,1.0
337,0.12560386473429952,0.0,0.5,0.5,0.0,1.0,1.0,1.0,1.0,0.0,1.0,1.0,0.0
338,0.053140096618357446,1.0,1.0,1.0,0.5,0.0,0.0,0.0,0.0,1.0,1.0,1.0,0.0
339,0.15942028985507245,1.0,1.0,1.0,0.0,0.0,0.0,0.0,1.0,1.0,1.0,1.0,0.0
340,0.1545893719806763,0.0,0.0,0.5,1.0,1.0,1.0,1.0,0.0,0.0,0.0,1.0,1.0
341,0.23188405797101452,1.0,0.5,0.25,0.5,0.0,0.0,1.0,1.0,1.0,0.0,0.5,1.0
342,0.22705314009661837,0.5,0.5,0.25,0.5,1.0,0.0,0.5,1.0,1.0,0.0,0.0,1.0
343,0.10144927536231885,0.0,0.5,0.75,1.0,1.0,0.0,0.0,0.0,0.0,0.0,0.5,1.0
344,0.1545893719806763,1.0,1.0,0.5,0.5,0.0,0.0,0.5,1.0,1.0,1.0,0.5,1.0
345,0.07246376811594202,0.0,0.5,0.5,0.0,1.0,1.0,0.5,1.0,0.0,1.0,0.5,0.0
346,0.13526570048309178,0.5,0.5,0.5,1.0,0.0,1.0,0.5,0.0,0.0,1.0,0.5,1.0
347,0.1642512077294686,0.5,0.0,0.75,0.0,0.0,1.0,0.5,1.0,0.0,0.0,1.0,0.0
348,0.12077294685990336,1.0,1.0,0.25,0.5,0.0,0.0,1.0,0.0,1.0,1.0,0.5,0.0
349,0.14009661835748793,0.5,0.5,0.25,1.0,0.0,1.0,1.0,0.0,0.0,1.0,0.5,1.0
350,0.21739130434782605,1.0,0.5,0.75,0.0,0.0,1.0,0.0,1.0,1.0,1.0,0.5,0.0
351,0.08695652173913043,0.0,0.5,0.5,0.5,1.0,1.0,0.5,0.0,0.0,1.0,0.5,0.0
352,0.08212560386473428,0.5,0.0,0.75,0.5,1.0,1.0,0.0,0.0,1.0,0.0,0.5,0.0
353,0.07729468599033817,0.0,0.5,0.75,0.5,1.0,0.0,0.5,0.0,0.0,0.0,1.0,0.0
354,0.13526570048309178,0.5,0.5,0.0,1.0,0.0,0.0,1.0,0.0,0.0,0.0,0.0,1.0
355,0.20772946859903385,0.5,0.5,0.75,0.5,0.0,0.0,0.0,1.0,0.0,0.0,0.5,1.0
356,0.23671497584541057,0.5,1.0,0.75,0.5,0.0,0.0,0.5,1.0,0.0,1.0,1.0,1.0
357,0.28019323671497587,1.0,0.0,0.25,0.5,0.0,1.0,1.0,1.0,1.0,0.0,0.5,1.0
358,0.25120772946859904,0.5,0.0,0.75,0.5,1.0,1.0,0.5,1.0,1.0,0.0,1.0,1.0
359,0.2125603864734299,0.0,1.0,0.5,0.5,1.0,0.0,1.0,1.0,0.0,1.0,1.0,1.0
360,0.28019323671497587,0.5,0.5,0.0,0.5,0.0,1.0,1.0,1.0,0.0,1.0,0.0,1.0
361,0.18840579710144928,0.5,0.0,0.5,0.0,0.0,1.0,0.0,1.0,0.0,0.0,0.0,0.0
362,0.13526570048309178,1.0,0.5,0.75,1.0,0.0,0.0,0.0,0.0,1.0,0.0,0.5,1.0
363,0.14009661835748793,0.5,0.5,0.75,0.0,1.0,0.0,0.5,1.0,1.0,0.0,1.0,0.0
364,0.07246376811594202,0.5,1.0,0.25,0.5,1.0,0.0,1.0,0.0,1.0,1.0,0.5,0.0
365,0.07729468599033817,0.5,0.0,0.25,0.5,1.0,1.0,0.5,0.0,1.0,0.0,0.0,0.0
366,0.04347826086956519,0.0,0.5,0.75,0.5,1.0,0.0,0.0,0.0,0.0,0.0,0.5,0.0
367,0.03381642512077293,0.5,1.0,0.75,0.5,0.0,0.0,0.5,0.0,0.0,1.0,1.0,0.0
368,0.06280193236714976,1.0,1.0,0.5,0.0,0.0,0.0,1.0,1.0,1.0,1.0,1.0,0.0
369,0.19323671497584538,0.5,0.5,0.75,0.5,1.0,1.0,0.5,1.0,1.0,1.0,1.0,1.0
370,0.17391304347826086,0.0,0.5,0.0,0.0,1.0,0.0,1.0,1.0,0.0,0.0,0.0,0.0
371,0.10628019323671495,0.5,0.5,0.25,1.0,0.0,0.0,1.0,0.0,0.0,0.0,0.5,1.0
372,0.06280193236714976,0.5,0.5,0.5,0.0,0.0,0.0,0.5,1.0,0.0,0.0,0.5,0.0
373,0.06763285024154586,0.5,1.0,0.25,0.5,0.0,0.0,0.5,0.0,0.0,1.0,0.0,0.0
374,0.2222222222222222,0.5,0.5,0.0,0.5,0.0,0.0,1.0,1.0,0.0,0.0,0.0,1.0
375,0.13526570048309178,1.0,0.5,0.5,0.0,0.0,0.0,0.0,1.0,1.0,0.0,0.0,0.0
376,0.12077294685990336,0.5,0.0,0.75,0.5,1.0,1.0,0.0,1.0,1.0,0.0,0.5,1.0
377,0.17391304347826086,0.0,0.5,0.5,0.5,1.0,0.0,0.5,1.0,0.0,0.0,0.5,1.0
378,0.17874396135265697,0.5,1.0,0.5,0.5,0.0,0.0,0.5,1.0,0.0,1.0,0.5,1.0
379,0.09661835748792269,1.0,0.5,0.25,0.0,0.0,1.0,0.5,1.0,1.0,1.0,0.0,0.0
380,0.028985507246376774,0.0,0.5,1.0,0.5,1.0,1.0,0.0,0.0,0.0,1.0,1.0,0.0
381,0.1159420289855072,1.0,0.0,0.5,1.0,0.0,1.0,1.0,0.0,1.0,0.0,1.0,1.0
382,0.09661835748792269,0.5,0.0,0.25,0.0,1.0,1.0,1.0,1.0,1.0,0.0,0.5,0.0
383,0.2946859903381642,1.0,1.0,0.5,0.5,0.0,0.0,1.0,1.0,1.0,1.0,1.0,1.0
384,0.17391304347826086,0.0,0.5,0.5,1.0,1.0,1.0,1.0,0.0,0.0,1.0,1.0,1.0
385,0.23188405797101452,1.0,0.0,0.0,0.5,0.0,1.0,1.0,1.0,1.0,0.0,0.0,1.0
386,0.14492753623188404,0.0,1.0,0.5,0.0,1.0,0.0,0.0,1.0,0.0,1.0,0.0,0.0
387,0.15942028985507245,0.5,0.5,0.5,1.0,0.0,1.0,0.0,0.0,0.0,1.0,0.0,1.0
388,0.18840579710144928,1.0,0.0,0.5,0.0,0.0,1.0,0.0,1.0,1.0,0.0,0.0,0.0
389,0.18357487922705312,0.0,0.5,0.5,1.0,1.0,0.0,0.0,0.0,0.0,0.0,0.0,1.0
390,0.18357487922705312,0.5,0.0,0.75,0.0,1.0,1.0,0.0,1.0,1.0,0.0,0.5,0.0
391,0.1690821256038647,0.5,0.0,0.5,0.5,1.0,1.0,0.0,1.0,1.0,0.0,0.0,1.0
392,0.0579710144927536,1.0,0.5,0.75,0.5,0.0,1.0,0.5,0.0,1.0,1.0,1.0,0.0
393,0.07246376811594202,0.5,0.0,0.25,0.5,1.0,1.0,1.0,0.0,1.0,0.0,0.5,0.0
394,0.1111111111111111,0.5,1.0,0.75,1.0,1.0,0.0,0.5,0.0,1.0,1.0,1.0,1.0
395,0.13526570048309178,0.0,0.0,0.25,0.0,1.0,1.0,1.0,1.0,0.0,0.0,0.5,0.0
396,0.17874396135265697,0.5,1.0,0.5,1.0,0.0,0.0,0.5,0.0,0.0,1.0,0.5,1.0
397,0.26086956521739124,0.5,0.5,0.75,1.0,1.0,1.0,0.0,0.0,1.0,1.0,0.5,1.0
398,0.25120772946859904,0.5,0.0,0.75,0.5,1.0,1.0,0.5,1.0,1.0,0.0,1.0,1.0
399,0.2125603864734299,0.0,1.0,0.5,0.5,1.0,0.0,1.0,1.0,0.0,1.0,1.0,1.0
400,0.28019323671497587,0.5,0.5,0.0,0.5,0.0,1.0,1.0,1.0,0.0,1.0,0.0,1.0
401,0.14009661835748793,0.5,0.5,0.75,0.0,1.0,0.0,0.5,1.0,1.0,0.0,1.0,0.0
402,0.07246376811594202,0.5,1.0,0.25,0.5,1.0,0.0,1.0,0.0,1.0,1.0,0.5,0.0
403,0.07729468599033817,0.5,0.0,0.25,0.5,1.0,1.0,0.5,0.0,1.0,0.0,0.0,0.0
404,0.04347826086956519,0.0,0.5,0.75,0.5,1.0,0.0,0.0,0.0,0.0,0.0,0.5,0.0
405,0.03381642512077293,0.5,1.0,0.75,0.5,0.0,0.0,0.5,0.0,0.0,1.0,1.0,0.0
406,0.06763285024154586,1.0,0.5,0.5,1.0,0.0,0.0,0.5,0.0,1.0,0.0,0.5,1.0
407,0.1690821256038647,0.0,1.0,0.75,0.5,1.0,0.0,0.5,1.0,0.0,1.0,1.0,1.0
408,0.1497584541062802,1.0,0.0,0.5,0.5,0.0,1.0,1.0,1.0,1.0,0.0,1.0,1.0
409,0.06280193236714976,0.5,0.5,0.25,0.5,0.0,1.0,1.0,0.0,0.0,1.0,0.5,0.0
410,0.07729468599033817,1.0,0.0,0.25,0.5,0.0,1.0,0.5,0.0,1.0,0.0,0.0,0.0
411,0.028985507246376774,0.0,0.0,0.5,0.5,1.0,1.0,1.0,0.0,0.0,0.0,1.0,0.0
412,0.13043478260869562,0.5,1.0,0.0,1.0,0.0,0.0,1.0,0.0,0.0,1.0,0.0,1.0
413,0.2222222222222222,0.5,0.5,0.0,0.5,0.0,0.0,1.0,1.0,0.0,0.0,0.0,1.0
414,0.13526570048309178,1.0,0.5,0.5,0.0,0.0,0.0,0.0,1.0,1.0,0.0,0.0,0.0
415,0.17391304347826086,0.0,0.5,0.5,0.5,1.0,0.0,0.5,1.0,0.0,0.0,0.5,1.0
416,0.17874396135265697,0.5,1.0,0.5,0.5,0.0,0.0,0.5,1.0,0.0,1.0,0.5,1.0
417,0.09661835748792269,1.0,0.5,0.25,0.0,0.0,1.0,0.5,1.0,1.0,1.0,0.0,0.0
418,0.028985507246376774,0.0,0.5,1.0,0.5,1.0,1.0,0.0,0.0,0.0,1.0,1.0,0.0
419,0.1159420289855072,1.0,0.0,0.5,1.0,0.0,1.0,1.0,0.0,1.0,0.0,1.0,1.0
420,0.2028985507246377,0.5,1.0,0.5,0.5,1.0,0.0,1.0,1.0,1.0,1.0,1.0,1.0
421,0.09661835748792269,0.5,0.0,0.25,0.0,1.0,1.0,1.0,1.0,1.0,0.0,0.5,0.0
422,0.03381642512077293,0.0,0.5,0.25,0.5,1.0,0.0,0.5,0.0,0.0,0.0,0.0,0.0
423,0.09661835748792269,0.5,1.0,0.5,1.0,0.0,0.0,0.0,0.0,0.0,1.0,0.0,1.0
424,0.2125603864734299,1.0,0.5,0.5,0.5,0.0,1.0,0.0,1.0,1.0,1.0,0.0,1.0
425,0.19323671497584538,0.5,0.5,0.75,0.0,1.0,1.0,0.0,1.0,1.0,1.0,0.5,0.0
426,0.06763285024154586,1.0,1.0,0.0,0.5,0.0,0.0,1.0,0.0,1.0,1.0,0.0,0.0
427,0.14009661835748793,0.0,0.0,1.0,1.0,1.0,1.0,0.0,0.0,0.0,0.0,1.0,1.0
428,0.12560386473429952,0.5,0.5,0.5,0.0,0.0,0.0,1.0,1.0,0.0,0.0,1.0,0.0
429,0.0579710144927536,1.0,1.0,0.5,0.5,0.0,0.0,0.5,0.0,1.0,1.0,0.5,0.0
430,0.07729468599033817,0.0,0.5,0.75,0.5,1.0,1.0,0.5,0.0,0.0,1.0,1.0,0.0
431,0.19806763285024154,0.5,0.5,1.0,0.5,0.0,1.0,0.0,1.0,0.0,1.0,1.0,1.0
432,0.23188405797101452,0.5,0.5,0.25,0.5,0.0,1.0,1.0,1.0,0.0,1.0,0.5,1.0
433,0.24637681159420288,0.5,0.0,0.25,0.5,0.0,1.0,0.5,1.0,0.0,0.0,0.0,1.0
434,0.1497584541062802,1.0,0.5,0.5,0.0,0.0,0.0,0.0,1.0,1.0,0.0,0.0,0.0
435,0.10144927536231885,0.5,0.5,0.75,1.0,1.0,0.0,0.5,0.0,1.0,0.0,1.0,1.0
436,0.08695652173913043,0.0,0.5,0.25,0.0,1.0,0.0,1.0,1.0,0.0,0.0,0.5,0.0
437,0.09661835748792269,0.5,0.5,0.5,0.0,0.0,1.0,0.0,1.0,0.0,1.0,0.0,0.0
438,0.08695652173913043,1.0,0.5,0.5,1.0,0.0,1.0,1.0,0.0,1.0,1.0,1.0,1.0
439,0.10144927536231885,0.5,0.5,0.75,1.0,0.0,1.0,0.0,0.0,0.0,1.0,0.5,1.0
440,0.10628019323671495,1.0,0.5,0.5,0.0,0.0,1.0,0.5,1.0,1.0,1.0,0.5,0.0
441,0.09178743961352653,0.5,0.0,0.5,0.5,1.0,1.0,0.0,0.0,1.0,0.0,0.0,0.0
442,0.024154589371980673,1.0,1.0,0.5,0.5,0.0,0.0,1.0,0.0,1.0,1.0,1.0,0.0
443,0.053140096618357446,1.0,0.0,0.75,0.5,0.0,1.0,0.0,0.0,1.0,0.0,0.5,0.0
444,0.14009661835748793,0.0,1.0,0.75,1.0,1.0,0.0,0.5,0.0,0.0,1.0,1.0,1.0
445,0.20772946859903385,0.5,0.0,0.25,0.5,0.0,1.0,1.0,1.0,0.0,0.0,0.5,1.0
446,0.13526570048309178,0.5,1.0,0.75,1.0,1.0,0.0,0.0,0.0,1.0,1.0,0.5,1.0
447,0.23188405797101452,0.0,0.0,0.25,0.5,1.0,1.0,0.5,1.0,0.0,0.0,0.0,1.0
448,0.13043478260869562,1.0,1.0,0.5,0.0,0.0,0.0,0.0,1.0,1.0,1.0,0.0,0.0
449,0.09661835748792269,0.5,0.5,0.5,1.0,1.0,1.0,0.0,0.0,1.0,1.0,0.0,1.0
450,0.0579710144927536,0.5,1.0,0.5,1.0,1.0,0.0,0.0,0.0,1.0,1.0,0.0,1.0
451,0.17391304347826086,0.0,0.5,0.5,0.5,1.0,0.0,0.5,1.0,0.0,0.0,0.5,1.0
452,0.028985507246376774,0.0,0.5,1.0,0.5,1.0,1.0,0.0,0.0,0.0,1.0,1.0,0.0
453,0.1159420289855072,1.0,0.0,0.5,1.0,0.0,1.0,1.0,0.0,1.0,0.0,1.0,1.0
454,0.2028985507246377,0.5,1.0,0.5,0.5,1.0,0.0,1.0,1.0,1.0,1.0,1.0,1.0
455,0.09661835748792269,0.5,0.0,0.25,0.0,1.0,1.0,1.0,1.0,1.0,0.0,0.5,0.0
456,0.1159420289855072,1.0,0.0,0.0,0.0,0.0,1.0,1.0,1.0,1.0,0.0,0.0,0.0
457,0.04347826086956519,0.0,0.5,0.5,0.5,1.0,0.0,0.0,0.0,0.0,0.0,0.0,0.0
458,0.03381642512077293,1.0,1.0,0.5,0.5,0.0,0.0,0.0,0.0,1.0,1.0,0.0,0.0
459,0.028985507246376774,0.5,0.0,0.5,0.5,1.0,1.0,0.5,0.0,1.0,0.0,0.5,0.0
460,0.10144927536231885,0.5,0.5,0.75,1.0,1.0,0.0,0.5,0.0,1.0,0.0,1.0,1.0
461,0.08695652173913043,0.0,0.5,0.25,0.0,1.0,0.0,1.0,1.0,0.0,0.0,0.5,0.0
462,0.1111111111111111,0.5,0.5,0.25,1.0,0.0,1.0,0.5,0.0,0.0,1.0,0.0,1.0
463,0.09661835748792269,0.5,0.5,0.5,0.0,0.0,1.0,0.0,1.0,0.0,1.0,0.0,0.0
464,0.06763285024154586,1.0,0.0,0.5,0.5,0.0,1.0,0.5,0.0,1.0,0.0,0.5,0.0
465,0.1642512077294686,1.0,0.5,0.75,0.0,0.0,1.0,0.5,1.0,1.0,1.0,1.0,0.0
466,0.1497584541062802,0.5,0.5,0.0,1.0,1.0,1.0,1.0,0.0,1.0,1.0,0.0,1.0
467,0.15942028985507245,1.0,0.5,0.5,0.5,0.0,0.0,0.5,1.0,1.0,0.0,0.5,1.0
468,0.17874396135265697,0.5,0.5,1.0,0.5,0.0,0.0,0.0,1.0,0.0,0.0,1.0,1.0
469,0.13526570048309178,1.0,0.5,0.5,0.5,0.0,0.0,1.0,1.0,1.0,0.0,1.0,1.0
470,0.10144927536231885,0.5,0.5,0.75,1.0,0.0,1.0,0.0,0.0,0.0,1.0,0.5,1.0
471,0.10628019323671495,1.0,0.5,0.5,0.0,0.0,1.0,0.5,1.0,1.0,1.0,0.5,0.0
472,0.028985507246376774,0.5,0.0,0.75,0.5,1.0,1.0,0.5,0.0,1.0,0.0,1.0,0.0
473,0.048309178743961345,0.5,1.0,0.0,0.5,1.0,0.0,1.0,0.0,1.0,1.0,0.0,0.0
474,0.048309178743961345,0.5,1.0,0.5,1.0,1.0,0.0,0.5,0.0,1.0,1.0,0.5,1.0
475,0.14492753623188404,0.0,0.5,0.25,0.5,1.0,1.0,0.5,1.0,0.0,1.0,0.0,1.0
476,0.10628019323671495,0.5,0.5,1.0,0.0,0.0,1.0,0.0,1.0,0.0,1.0,1.0,0.0
477,0.12560386473429952,1.0,0.5,0.0,1.0,0.0,1.0,1.0,0.0,1.0,1.0,0.0,1.0
478,0.21739130434782605,0.0,0.0,0.75,0.5,1.0,1.0,0.0,1.0,0.0,0.0,0.5,1.0
479,0.2028985507246377,1.0,0.5,0.25,0.5,0.0,0.0,0.5,1.0,1.0,0.0,0.0,1.0
480,0.1690821256038647,0.5,1.0,1.0,0.5,1.0,0.0,0.0,1.0,1.0,1.0,1.0,1.0
481,0.06763285024154586,0.0,0.0,0.0,0.0,1.0,1.0,1.0,1.0,0.0,0.0,0.0,0.0
482,0.13043478260869562,1.0,0.5,1.0,1.0,0.0,0.0,0.0,0.0,1.0,0.0,1.0,1.0
483,0.1545893719806763,0.5,0.0,0.25,0.5,1.0,1.0,0.5,1.0,1.0,0.0,0.0,1.0
484,0.09661835748792269,0.5,1.0,0.75,0.0,1.0,0.0,0.0,1.0,1.0,1.0,0.5,0.0
485,0.1497584541062802,0.0,0.0,0.25,1.0,1.0,1.0,0.5,0.0,0.0,0.0,0.0,1.0
486,0.19806763285024154,1.0,0.5,0.75,0.5,0.0,0.0,0.0,1.0,1.0,0.0,0.5,1.0
487,0.19806763285024154,0.5,0.5,0.75,0.5,0.0,1.0,0.0,1.0,0.0,1.0,0.5,1.0
488,0.13043478260869562,1.0,0.5,0.75,0.0,0.0,1.0,0.5,1.0,1.0,1.0,1.0,0.0
489,0.15942028985507245,1.0,0.0,1.0,1.0,0.0,1.0,0.0,0.0,1.0,0.0,1.0,1.0
490,0.12077294685990336,0.5,0.0,0.75,0.5,1.0,1.0,0.0,1.0,1.0,0.0,0.5,1.0
491,0.17391304347826086,0.0,0.5,0.5,0.5,1.0,0.0,0.5,1.0,0.0,0.0,0.5,1.0
492,0.17874396135265697,0.5,1.0,0.5,0.5,0.0,0.0,0.5,1.0,0.0,1.0,0.5,1.0
493,0.09661835748792269,1.0,0.5,0.25,0.0,0.0,1.0,0.5,1.0,1.0,1.0,0.0,0.0
494,0.1159420289855072,1.0,0.0,0.5,1.0,0.0,1.0,1.0,0.0,1.0,0.0,1.0,1.0
495,0.09661835748792269,0.5,0.0,0.25,0.0,1.0,1.0,1.0,1.0,1.0,0.0,0.5,0.0
496,0.024154589371980673,0.5,0.5,0.75,0.5,1.0,1.0,0.5,0.0,1.0,1.0,1.0,0.0
497,0.08695652173913043,0.5,0.0,0.5,1.0,1.0,1.0,1.0,0.0,1.0,0.0,1.0,1.0
498,0.2028985507246377,0.0,0.5,0.0,0.5,1.0,0.0,1.0,1.0,0.0,0.0,0.0,1.0
499,0.2946859903381642,1.0,0.5,0.75,0.5,0.0,0.0,0.0,1.0,1.0,0.0,0.5,1.0
500,0.21739130434782605,0.0,1.0,0.5,0.0,1.0,0.0,0.5,1.0,0.0,1.0,0.5,0.0
501,0.19806763285024154,1.0,0.5,0.25,1.0,0.0,1.0,0.5,0.0,1.0,1.0,0.0,1.0
502,0.18357487922705312,0.0,0.5,1.0,0.0,1.0,1.0,0.0,1.0,0.0,1.0,1.0,0.0
503,0.09178743961352653,1.0,0.5,0.0,0.5,0.0,1.0,1.0,0.0,1.0,1.0,0.0,0.0
504,0.12077294685990336,0.5,0.0,1.0,0.5,1.0,1.0,0.0,0.0,1.0,0.0,1.0,0.0
505,0.07246376811594202,0.0,0.5,0.5,0.5,1.0,0.0,1.0,0.0,0.0,0.0,1.0,0.0
506,0.2028985507246377,1.0,1.0,0.5,1.0,0.0,0.0,1.0,0.0,1.0,1.0,1.0,1.0
507,0.0579710144927536,0.5,0.0,0.25,0.5,0.0,1.0,1.0,0.0,0.0,0.0,0.5,0.0
508,0.1545893719806763,0.5,1.0,0.75,1.0,0.0,0.0,0.5,0.0,0.0,1.0,1.0,1.0
509,0.2753623188405797,0.5,0.0,1.0,0.5,0.0,1.0,0.0,1.0,0.0,0.0,1.0,1.0
510,0.18357487922705312,0.0,0.0,1.0,0.0,1.0,1.0,0.0,1.0,0.0,0.0,1.0,0.0
511,0.1690821256038647,1.0,1.0,0.25,0.0,0.0,0.0,0.5,1.0,1.0,1.0,0.0,0.0
512,0.13526570048309178,0.0,0.5,0.5,1.0,1.0,1.0,0.0,0.0,0.0,1.0,0.0,1.0
513,0.1159420289855072,1.0,0.0,0.5,0.0,0.0,1.0,0.0,1.0,1.0,0.0,0.0,0.0
514,0.08695652173913043,0.5,0.5,1.0,1.0,1.0,0.0,0.0,0.0,1.0,0.0,1.0,1.0
515,0.13526570048309178,0.0,0.5,0.5,0.5,1.0,0.0,1.0,1.0,0.0,0.0,1.0,1.0
516,0.1690821256038647,0.5,1.0,0.5,0.5,0.0,0.0,1.0,1.0,0.0,1.0,1.0,1.0
517,0.12560386473429952,0.5,0.0,0.0,0.0,0.0,1.0,1.0,1.0,0.0,0.0,0.0,0.0
518,0.09178743961352653,1.0,1.0,0.75,1.0,0.0,0.0,0.0,0.0,1.0,1.0,0.5,1.0
519,0.10628019323671495,0.0,0.0,0.75,0.0,1.0,1.0,0.5,1.0,0.0,0.0,1.0,0.0
520,0.1159420289855072,0.5,1.0,0.25,1.0,0.0,0.0,1.0,0.0,0.0,1.0,0.5,1.0
521,0.22705314009661837,1.0,0.0,0.25,0.5,0.0,1.0,0.5,1.0,1.0,0.0,0.0,1.0
522,0.19323671497584538,1.0,0.0,1.0,0.5,0.0,1.0,0.0,1.0,1.0,0.0,1.0,1.0
523,0.10144927536231885,0.5,1.0,0.5,0.0,1.0,0.0,1.0,1.0,1.0,1.0,1.0,0.0
524,0.07246376811594202,0.5,0.5,0.25,1.0,1.0,1.0,1.0,0.0,1.0,1.0,0.5,1.0
525,0.13526570048309178,0.0,0.0,0.5,0.5,1.0,1.0,0.5,1.0,0.0,0.0,0.5,1.0
526,0.14492753623188404,1.0,0.5,0.5,0.5,0.0,0.0,0.5,1.0,1.0,0.0,0.5,1.0
527,0.2028985507246377,0.0,0.5,0.25,0.5,1.0,0.0,0.5,1.0,0.0,0.0,0.0,1.0
528,0.24637681159420288,1.0,1.0,1.0,0.5,0.0,0.0,0.0,1.0,1.0,1.0,1.0,1.0
529,0.13526570048309178,0.5,0.5,0.0,0.0,1.0,1.0,1.0,1.0,1.0,1.0,0.0,0.0
530,0.019323671497584516,0.0,0.0,0.5,0.5,1.0,1.0,0.0,0.0,0.0,0.0,0.0,0.0
531,0.1111111111111111,1.0,1.0,0.5,1.0,0.0,0.0,0.0,0.0,1.0,1.0,0.0,1.0
532,0.15942028985507245,0.5,0.0,1.0,0.0,1.0,1.0,0.0,1.0,1.0,0.0,1.0,0.0
533,0.06280193236714976,1.0,1.0,0.5,0.0,0.0,0.0,1.0,1.0,1.0,1.0,1.0,0.0
534,0.1545893719806763,0.5,0.5,0.0,1.0,0.0,1.0,1.0,0.0,0.0,1.0,0.0,1.0
535,0.19323671497584538,0.5,0.5,0.75,0.5,1.0,1.0,0.5,1.0,1.0,1.0,1.0,1.0
536,0.25120772946859904,0.5,0.0,0.5,0.5,1.0,1.0,1.0,1.0,1.0,0.0,1.0,1.0
537,0.17391304347826086,0.0,0.5,0.0,0.0,1.0,0.0,1.0,1.0,0.0,0.0,0.0,0.0
538,0.08212560386473428,0.5,0.5,1.0,0.5,0.0,0.0,0.0,0.0,0.0,0.0,1.0,0.0
539,0.10628019323671495,0.5,0.5,0.25,1.0,0.0,0.0,1.0,0.0,0.0,0.0,0.5,1.0
540,0.06280193236714976,0.5,0.5,0.5,0.0,0.0,0.0,0.5,1.0,0.0,0.0,0.5,0.0
541,0.06763285024154586,0.5,1.0,0.25,0.5,0.0,0.0,0.5,0.0,0.0,1.0,0.0,0.0
542,0.13526570048309178,1.0,0.5,0.5,0.0,0.0,0.0,0.0,1.0,1.0,0.0,0.0,0.0
543,0.0579710144927536,0.5,1.0,0.5,1.0,1.0,0.0,0.0,0.0,1.0,1.0,0.0,1.0
544,0.12077294685990336,0.5,0.0,0.75,0.5,1.0,1.0,0.0,1.0,1.0,0.0,0.5,1.0
545,0.17391304347826086,0.0,0.5,0.5,0.5,1.0,0.0,0.5,1.0,0.0,0.0,0.5,1.0
546,0.09661835748792269,1.0,0.5,0.25,0.0,0.0,1.0,0.5,1.0,1.0,1.0,0.0,0.0
547,0.1159420289855072,1.0,0.0,0.5,1.0,0.0,1.0,1.0,0.0,1.0,0.0,1.0,1.0
548,0.2028985507246377,0.5,1.0,0.5,0.5,1.0,0.0,1.0,1.0,1.0,1.0,1.0,1.0
549,0.09661835748792269,0.5,0.0,0.25,0.0,1.0,1.0,1.0,1.0,1.0,0.0,0.5,0.0
550,0.17391304347826086,1.0,0.5,0.75,1.0,0.0,1.0,0.0,0.0,1.0,1.0,0.5,1.0
551,0.1111111111111111,0.5,0.0,0.75,0.0,1.0,1.0,0.0,1.0,1.0,0.0,0.5,0.0
552,0.06280193236714976,0.5,1.0,0.5,0.5,1.0,0.0,0.5,0.0,1.0,1.0,0.5,0.0
553,1.0,0.5,0.5,0.75,0.5,1.0,0.0,0.0,1.0,1.0,0.0,0.5,1.0
554,0.17391304347826086,0.5,1.0,0.25,0.0,1.0,0.0,0.5,1.0,1.0,1.0,0.0,0.0
555,0.1545893719806763,0.0,0.0,0.75,1.0,1.0,1.0,0.0,0.0,0.0,0.0,0.5,1.0
556,0.18357487922705312,1.0,1.0,0.75,0.0,0.0,0.0,0.5,1.0,1.0,1.0,1.0,0.0
557,0.09661835748792269,0.0,0.0,0.25,0.5,1.0,1.0,1.0,0.0,0.0,0.0,0.5,0.0
558,0.06763285024154586,0.5,0.5,0.25,0.5,0.0,0.0,1.0,0.0,0.0,0.0,0.5,0.0
559,0.0579710144927536,1.0,1.0,0.5,0.5,0.0,0.0,0.5,0.0,1.0,1.0,0.5,0.0
560,0.07729468599033817,0.0,0.5,0.75,0.5,1.0,1.0,0.5,0.0,0.0,1.0,1.0,0.0
561,0.053140096618357446,1.0,0.0,0.5,0.5,0.0,1.0,1.0,0.0,1.0,0.0,1.0,0.0
562,0.09661835748792269,0.0,1.0,0.0,1.0,1.0,0.0,1.0,0.0,0.0,1.0,0.0,1.0
563,0.19806763285024154,0.5,0.5,1.0,0.5,0.0,1.0,0.0,1.0,0.0,1.0,1.0,1.0
564,0.23188405797101452,0.5,0.5,0.25,0.5,0.0,1.0,1.0,1.0,0.0,1.0,0.5,1.0
565,0.1111111111111111,0.5,0.5,0.75,0.5,1.0,0.0,0.0,0.0,1.0,0.0,0.5,0.0
566,0.14492753623188404,0.5,0.5,0.5,1.0,1.0,0.0,1.0,0.0,1.0,0.0,1.0,1.0
567,0.2222222222222222,0.0,0.5,0.25,0.5,1.0,0.0,1.0,1.0,0.0,0.0,0.5,1.0
568,0.1111111111111111,0.5,1.0,0.25,0.0,0.0,0.0,0.5,1.0,0.0,1.0,0.0,0.0
569,0.1545893719806763,1.0,0.5,0.5,1.0,0.0,1.0,0.0,0.0,1.0,1.0,0.0,1.0
570,0.26086956521739124,0.5,0.5,0.75,0.5,1.0,1.0,0.0,1.0,1.0,1.0,0.5,1.0
571,0.23671497584541057,0.0,0.5,0.75,0.5,1.0,1.0,0.5,1.0,0.0,1.0,1.0,1.0
572,0.20772946859903385,0.5,0.0,0.5,0.5,0.0,1.0,1.0,1.0,0.0,0.0,1.0,1.0
573,0.1111111111111111,1.0,1.0,0.25,0.0,0.0,0.0,1.0,1.0,1.0,1.0,0.5,0.0
574,0.03864734299516909,0.0,0.0,0.5,0.5,1.0,1.0,0.5,0.0,0.0,0.0,0.5,0.0
575,0.19323671497584538,0.5,0.0,0.0,0.0,1.0,1.0,1.0,1.0,1.0,0.0,0.0,0.0
576,0.03864734299516909,0.5,1.0,0.5,0.5,1.0,0.0,1.0,0.0,1.0,1.0,1.0,0.0
577,0.09661835748792269,0.5,0.0,0.0,1.0,1.0,1.0,1.0,0.0,1.0,0.0,0.0,1.0
578,0.08212560386473428,0.0,1.0,1.0,0.0,1.0,0.0,0.0,1.0,0.0,1.0,1.0,0.0
579,0.09178743961352653,1.0,0.0,0.25,1.0,0.0,1.0,1.0,0.0,1.0,0.0,0.5,1.0
580,0.14009661835748793,0.0,0.5,0.25,0.0,1.0,1.0,1.0,1.0,0.0,1.0,0.5,0.0
581,0.1159420289855072,0.5,0.0,0.25,1.0,0.0,1.0,0.5,0.0,0.0,0.0,0.0,1.0
582,0.24154589371980673,0.5,1.0,1.0,0.5,0.0,0.0,0.0,1.0,0.0,1.0,1.0,1.0
583,0.13526570048309178,0.5,0.0,0.25,0.0,0.0,1.0,1.0,1.0,0.0,0.0,0.5,0.0
584,0.13526570048309178,0.5,0.5,0.5,1.0,0.0,0.0,0.5,0.0,0.0,0.0,0.5,1.0
585,0.28019323671497587,1.0,1.0,0.25,0.5,0.0,0.0,0.5,1.0,1.0,1.0,0.0,1.0
586,0.10144927536231885,0.5,0.5,0.25,0.0,1.0,1.0,0.5,1.0,1.0,1.0,0.0,0.0
587,0.15942028985507245,0.5,0.5,1.0,1.0,1.0,1.0,0.0,0.0,1.0,1.0,1.0,1.0
588,0.2753623188405797,0.0,0.5,0.0,0.5,1.0,1.0,1.0,1.0,0.0,1.0,0.0,1.0
589,0.1497584541062802,1.0,0.0,0.75,0.0,0.0,1.0,0.0,1.0,1.0,0.0,0.5,0.0
590,0.06763285024154586,0.0,0.5,0.5,1.0,1.0,0.0,0.5,0.0,0.0,0.0,0.5,1.0
591,0.07729468599033817,1.0,0.5,0.75,0.0,0.0,0.0,0.5,1.0,1.0,0.0,1.0,0.0
592,0.12077294685990336,0.5,0.5,0.25,0.0,0.0,1.0,0.5,1.0,0.0,1.0,0.0,0.0
593,0.03381642512077293,0.5,0.0,0.5,0.5,0.0,1.0,0.0,0.0,0.0,0.0,0.0,0.0
594,0.09178743961352653,1.0,0.5,0.75,0.5,0.0,0.0,0.5,0.0,1.0,0.0,1.0,0.0
595,0.0579710144927536,0.0,1.0,0.0,0.5,1.0,0.0,1.0,0.0,0.0,1.0,0.0,0.0
596,0.07729468599033817,1.0,0.5,1.0,0.5,0.0,1.0,0.0,0.0,1.0,1.0,1.0,0.0
597,0.09178743961352653,0.0,0.5,0.25,0.5,1.0,1.0,1.0,0.0,0.0,1.0,0.5,0.0
598,0.12560386473429952,1.0,0.0,0.75,1.0,0.0,1.0,0.5,0.0,1.0,0.0,1.0,1.0
599,0.19806763285024154,0.5,0.5,0.25,0.5,1.0,0.0,1.0,1.0,1.0,0.0,0.5,1.0
600,0.19806763285024154,0.0,1.0,0.5,0.5,1.0,0.0,0.5,1.0,0.0,1.0,0.5,1.0
601,0.20772946859903385,1.0,0.5,0.25,0.5,0.0,1.0,0.5,1.0,1.0,1.0,0.0,1.0
602,0.21739130434782605,0.5,0.5,1.0,0.5,1.0,1.0,0.0,1.0,1.0,1.0,1.0,1.0
603,0.19323671497584538,0.5,0.5,0.25,0.0,1.0,1.0,1.0,1.0,1.0,1.0,0.5,0.0
604,0.04347826086956519,0.5,0.5,0.0,0.5,0.0,1.0,1.0,0.0,0.0,1.0,0.0,0.0
605,0.0579710144927536,1.0,0.0,0.5,0.5,0.0,1.0,0.0,0.0,1.0,0.0,0.0,0.0
606,0.048309178743961345,0.0,0.5,1.0,0.5,1.0,0.0,0.0,0.0,0.0,0.0,1.0,0.0
607,0.1159420289855072,1.0,0.5,0.0,1.0,0.0,0.0,1.0,0.0,1.0,0.0,0.0,1.0
608,0.09661835748792269,0.5,1.0,1.0,0.0,1.0,0.0,0.0,1.0,1.0,1.0,1.0,0.0
609,0.04347826086956519,0.5,0.0,0.5,0.5,1.0,1.0,1.0,0.0,1.0,0.0,1.0,0.0
610,0.27053140096618356,0.5,1.0,0.25,1.0,1.0,0.0,1.0,0.0,1.0,1.0,0.5,1.0
611,0.3719806763285024,0.0,0.5,0.5,0.5,1.0,1.0,0.5,1.0,0.0,1.0,0.5,1.0
612,0.2028985507246377,0.5,0.5,0.75,0.5,0.0,1.0,0.5,1.0,0.0,1.0,1.0,1.0
613,0.08212560386473428,1.0,0.5,0.0,0.0,0.0,1.0,1.0,1.0,1.0,1.0,0.0,0.0
614,0.17874396135265697,0.5,0.0,0.75,1.0,1.0,1.0,0.0,0.0,1.0,0.0,0.5,1.0
615,0.13526570048309178,0.0,0.5,0.75,1.0,1.0,0.0,0.5,0.0,0.0,0.0,1.0,1.0
616,0.23671497584541057,1.0,1.0,0.25,0.5,0.0,0.0,1.0,1.0,1.0,1.0,0.5,1.0
617,0.27053140096618356,0.5,0.5,0.25,0.5,1.0,1.0,0.5,1.0,1.0,1.0,0.0,1.0
618,0.1642512077294686,0.0,0.5,0.5,0.0,1.0,1.0,0.0,1.0,0.0,1.0,0.0,0.0
619,0.08212560386473428,1.0,0.5,0.5,0.5,0.0,1.0,0.0,0.0,1.0,1.0,0.0,0.0
620,0.17391304347826086,0.0,0.5,1.0,1.0,1.0,1.0,0.0,0.0,0.0,1.0,1.0,1.0
621,0.2222222222222222,0.5,1.0,0.75,0.5,0.0,0.0,0.0,1.0,0.0,1.0,0.5,1.0
622,0.1159420289855072,0.5,0.5,0.75,0.0,0.0,1.0,0.5,1.0,0.0,1.0,1.0,0.0
623,0.004830917874396101,0.5,0.0,0.0,0.5,0.0,1.0,1.0,0.0,0.0,0.0,0.0,0.0
624,0.03381642512077293,0.0,0.5,0.25,0.5,1.0,0.0,0.5,0.0,0.0,0.0,0.0,0.0
625,0.09661835748792269,0.5,1.0,0.5,1.0,0.0,0.0,0.0,0.0,0.0,1.0,0.0,1.0
626,0.19323671497584538,0.5,0.5,0.75,0.0,1.0,1.0,0.0,1.0,1.0,1.0,0.5,0.0
627,0.1690821256038647,0.0,0.5,0.75,1.0,1.0,1.0,0.5,0.0,0.0,1.0,1.0,1.0
628,0.1545893719806763,0.5,0.0,0.5,0.0,0.0,1.0,1.0,1.0,0.0,0.0,1.0,0.0
629,0.06763285024154586,1.0,1.0,0.0,0.5,0.0,0.0,1.0,0.0,1.0,1.0,0.0,0.0
630,0.14009661835748793,0.0,0.0,1.0,1.0,1.0,1.0,0.0,0.0,0.0,0.0,1.0,1.0
631,0.14009661835748793,0.5,0.5,0.25,0.0,0.0,0.0,1.0,1.0,0.0,0.0,0.5,0.0
632,0.13043478260869562,1.0,1.0,0.5,1.0,0.0,0.0,0.5,0.0,1.0,1.0,0.5,1.0
633,0.13043478260869562,0.0,0.5,0.75,0.0,1.0,1.0,0.5,1.0,0.0,1.0,1.0,0.0
634,0.1545893719806763,0.0,0.5,0.5,0.5,1.0,1.0,1.0,1.0,0.0,1.0,1.0,1.0
635,0.048309178743961345,1.0,0.5,0.25,0.0,0.0,1.0,1.0,1.0,1.0,1.0,0.5,0.0
636,0.1545893719806763,0.5,0.5,0.25,1.0,1.0,1.0,0.5,0.0,1.0,1.0,0.0,1.0
637,0.09178743961352653,0.5,0.5,0.75,1.0,0.0,0.0,0.0,0.0,0.0,0.0,0.5,1.0
638,0.08212560386473428,0.5,0.5,0.75,0.0,0.0,0.0,0.5,1.0,0.0,0.0,1.0,0.0
639,0.1111111111111111,1.0,0.5,0.25,1.0,0.0,1.0,1.0,0.0,1.0,1.0,0.5,1.0
640,0.1159420289855072,0.5,0.0,0.75,0.0,1.0,1.0,0.5,1.0,1.0,0.0,1.0,0.0
641,0.07729468599033817,0.5,0.0,0.75,1.0,0.0,1.0,0.5,0.0,0.0,0.0,1.0,1.0
642,0.08695652173913043,1.0,0.5,0.75,1.0,0.0,1.0,0.5,0.0,1.0,1.0,1.0,1.0
643,0.2028985507246377,0.5,0.5,0.25,0.5,1.0,1.0,1.0,1.0,1.0,1.0,0.5,1.0
644,0.10144927536231885,0.5,0.5,0.25,0.0,1.0,0.0,0.5,1.0,1.0,0.0,0.0,0.0
645,0.14009661835748793,0.5,0.5,0.5,1.0,1.0,0.0,0.0,0.0,1.0,0.0,0.0,1.0
646,0.2946859903381642,0.0,0.5,1.0,0.5,1.0,0.0,0.0,1.0,0.0,0.0,1.0,1.0
647,0.41062801932367143,1.0,1.0,0.0,0.5,0.0,0.0,1.0,1.0,1.0,1.0,0.0,1.0
648,0.2995169082125604,0.0,0.5,1.0,0.5,1.0,1.0,0.0,1.0,0.0,1.0,1.0,1.0
649,0.07729468599033817,0.5,0.0,0.25,1.0,0.0,1.0,1.0,0.0,0.0,0.0,0.5,1.0
650,0.07729468599033817,0.0,0.5,0.5,0.5,1.0,0.0,0.5,0.0,0.0,0.0,0.5,0.0
651,0.09178743961352653,1.0,0.5,0.75,0.5,0.0,0.0,0.5,0.0,1.0,0.0,1.0,0.0
652,0.0579710144927536,0.0,1.0,0.0,0.5,1.0,0.0,1.0,0.0,0.0,1.0,0.0,0.0
653,0.07729468599033817,1.0,0.5,1.0,0.5,0.0,1.0,0.0,0.0,1.0,1.0,1.0,0.0
654,0.09178743961352653,0.0,0.5,0.25,0.5,1.0,1.0,1.0,0.0,0.0,1.0,0.5,0.0
655,0.12560386473429952,1.0,0.0,0.75,1.0,0.0,1.0,0.5,0.0,1.0,0.0,1.0,1.0
656,0.19806763285024154,0.5,0.5,0.25,0.5,1.0,0.0,1.0,1.0,1.0,0.0,0.5,1.0
657,0.19806763285024154,0.0,1.0,0.5,0.5,1.0,0.0,0.5,1.0,0.0,1.0,0.5,1.0
658,0.20772946859903385,1.0,0.5,0.25,0.5,0.0,1.0,0.5,1.0,1.0,1.0,0.0,1.0
659,0.21739130434782605,0.5,0.5,1.0,0.5,1.0,1.0,0.0,1.0,1.0,1.0,1.0,1.0
660,0.19323671497584538,0.5,0.5,0.25,0.0,1.0,1.0,1.0,1.0,1.0,1.0,0.5,0.0
661,0.1111111111111111,0.5,0.0,1.0,1.0,0.0,1.0,0.0,0.0,0.0,0.0,1.0,1.0
662,0.14009661835748793,0.5,1.0,0.5,0.0,0.0,0.0,1.0,1.0,0.0,1.0,1.0,0.0
663,0.07729468599033817,1.0,0.0,0.25,0.5,0.0,1.0,1.0,0.0,1.0,0.0,0.5,0.0
664,0.053140096618357446,0.5,0.5,0.25,0.5,1.0,0.0,0.5,0.0,1.0,0.0,0.0,0.0
665,0.014492753623188415,0.5,0.5,1.0,0.5,1.0,0.0,0.0,0.0,1.0,0.0,1.0,0.0
666,0.2560386473429952,0.0,1.0,0.25,0.5,1.0,0.0,0.5,1.0,0.0,1.0,0.0,1.0
667,0.21739130434782605,1.0,0.0,0.5,0.5,0.0,1.0,0.0,1.0,1.0,0.0,0.0,1.0
668,0.09178743961352653,1.0,0.5,0.75,1.0,0.0,0.0,0.5,0.0,1.0,0.0,1.0,1.0
669,0.22705314009661837,0.0,1.0,0.0,0.5,1.0,0.0,1.0,1.0,0.0,1.0,0.0,1.0
670,0.26086956521739124,1.0,0.5,1.0,0.5,0.0,1.0,0.0,1.0,1.0,1.0,1.0,1.0
671,0.27053140096618356,0.5,0.0,0.0,0.5,1.0,1.0,1.0,1.0,1.0,0.0,0.0,1.0
672,0.26086956521739124,0.0,0.5,0.5,0.5,1.0,0.0,0.0,1.0,0.0,0.0,0.0,1.0
673,0.13043478260869562,0.5,0.5,0.5,0.0,0.0,0.0,0.0,1.0,0.0,0.0,0.0,0.0
674,0.053140096618357446,1.0,1.0,0.75,0.5,0.0,0.0,0.0,0.0,1.0,1.0,0.5,0.0
675,0.12560386473429952,0.0,0.0,0.5,1.0,1.0,1.0,0.5,0.0,0.0,0.0,0.5,1.0
676,0.08212560386473428,1.0,0.5,0.5,0.0,0.0,0.0,0.5,1.0,1.0,0.0,0.5,0.0
677,0.0,0.0,1.0,0.5,0.5,1.0,0.0,0.5,0.0,0.0,1.0,0.5,0.0
678,0.10144927536231885,1.0,0.0,0.5,1.0,0.0,1.0,0.5,0.0,1.0,0.0,0.5,1.0
679,0.1545893719806763,1.0,1.0,0.75,0.0,0.0,0.0,0.5,1.0,1.0,1.0,1.0,0.0
680,0.12077294685990336,0.5,0.5,0.5,0.0,1.0,0.0,0.5,1.0,1.0,0.0,0.5,0.0
681,0.13043478260869562,0.0,1.0,0.5,1.0,1.0,0.0,0.5,0.0,0.0,1.0,0.5,1.0
682,0.10144927536231885,0.5,0.5,0.0,0.0,0.0,0.0,1.0,1.0,0.0,0.0,0.0,0.0
683,0.024154589371980673,0.5,1.0,0.75,0.5,0.0,0.0,0.0,0.0,0.0,1.0,0.5,0.0
684,0.04347826086956519,0.5,0.0,0.75,0.5,0.0,1.0,0.5,0.0,0.0,0.0,1.0,0.0
685,0.13043478260869562,1.0,1.0,0.0,1.0,0.0,0.0,1.0,0.0,1.0,1.0,0.0,1.0
686,0.21739130434782605,0.0,0.0,0.5,0.5,1.0,1.0,0.0,1.0,0.0,0.0,0.0,1.0
687,0.12560386473429952,1.0,0.5,1.0,0.0,0.0,0.0,0.0,1.0,1.0,0.0,1.0,0.0
688,0.2222222222222222,0.5,0.0,0.0,0.5,0.0,1.0,1.0,1.0,0.0,0.0,0.0,1.0
689,0.12560386473429952,1.0,0.5,0.75,0.0,0.0,0.0,0.0,1.0,1.0,0.0,0.5,0.0
690,0.09178743961352653,0.5,0.5,0.25,1.0,1.0,0.0,0.5,0.0,1.0,0.0,0.0,1.0
691,0.10144927536231885,0.5,1.0,0.5,0.0,1.0,0.0,0.0,1.0,1.0,1.0,0.0,0.0
692,0.03381642512077293,0.0,0.5,0.5,0.5,1.0,1.0,0.0,0.0,0.0,1.0,0.0,0.0
693,0.04347826086956519,1.0,0.0,1.0,0.5,0.0,1.0,0.0,0.0,1.0,0.0,1.0,0.0
694,0.13526570048309178,0.0,1.0,0.0,1.0,1.0,0.0,1.0,0.0,0.0,1.0,0.0,1.0
695,0.15942028985507245,1.0,0.5,1.0,0.0,0.0,1.0,0.0,1.0,1.0,1.0,1.0,0.0
696,0.048309178743961345,0.0,0.0,0.0,0.5,1.0,1.0,1.0,0.0,0.0,0.0,0.0,0.0
697,0.024154589371980673,1.0,0.5,0.5,0.5,0.0,0.0,0.0,0.0,1.0,0.0,0.0,0.0
698,0.14009661835748793,0.0,0.5,1.0,1.0,1.0,0.0,0.0,0.0,0.0,0.0,1.0,1.0
699,0.14492753623188404,0.5,0.5,0.5,1.0,1.0,0.0,1.0,0.0,1.0,0.0,1.0,1.0
700,0.2222222222222222,0.0,0.5,0.25,0.5,1.0,0.0,1.0,1.0,0.0,0.0,0.5,1.0
701,0.1111111111111111,0.5,1.0,0.25,0.0,0.0,0.0,0.5,1.0,0.0,1.0,0.0,0.0
702,0.1545893719806763,1.0,0.5,0.5,1.0,0.0,1.0,0.0,0.0,1.0,1.0,0.0,1.0
703,0.26086956521739124,0.5,0.5,0.75,0.5,1.0,1.0,0.0,1.0,1.0,1.0,0.5,1.0
704,0.23671497584541057,0.0,0.5,0.75,0.5,1.0,1.0,0.5,1.0,0.0,1.0,1.0,1.0
705,0.20772946859903385,0.5,0.0,0.5,0.5,0.0,1.0,1.0,1.0,0.0,0.0,1.0,1.0
706,0.1111111111111111,1.0,1.0,0.25,0.0,0.0,0.0,1.0,1.0,1.0,1.0,0.5,0.0
707,0.03864734299516909,0.0,0.0,0.5,0.5,1.0,1.0,0.5,0.0,0.0,0.0,0.5,0.0
708,0.1159420289855072,1.0,1.0,0.75,1.0,0.0,0.0,0.5,0.0,1.0,1.0,1.0,1.0
709,0.19323671497584538,0.5,0.0,0.0,0.0,1.0,1.0,1.0,1.0,1.0,0.0,0.0,0.0
710,0.024154589371980673,0.5,0.5,0.75,0.5,1.0,1.0,0.5,0.0,1.0,1.0,1.0,0.0
711,0.08695652173913043,0.5,0.0,0.5,1.0,1.0,1.0,1.0,0.0,1.0,0.0,1.0,1.0
712,0.2028985507246377,0.0,0.5,0.0,0.5,1.0,0.0,1.0,1.0,0.0,0.0,0.0,1.0
713,0.21739130434782605,0.0,1.0,0.5,0.0,1.0,0.0,0.5,1.0,0.0,1.0,0.5,0.0
714,0.19806763285024154,1.0,0.5,0.25,1.0,0.0,1.0,0.5,0.0,1.0,1.0,0.0,1.0
715,0.18357487922705312,0.0,0.5,1.0,0.0,1.0,1.0,0.0,1.0,0.0,1.0,1.0,0.0
716,0.09178743961352653,1.0,0.5,0.0,0.5,0.0,1.0,1.0,0.0,1.0,1.0,0.0,0.0
717,0.12077294685990336,0.5,0.0,1.0,0.5,1.0,1.0,0.0,0.0,1.0,0.0,1.0,0.0
718,0.07246376811594202,0.0,0.5,0.5,0.5,1.0,0.0,1.0,0.0,0.0,0.0,1.0,0.0
719,0.2946859903381642,1.0,1.0,0.5,0.5,0.0,0.0,1.0,1.0,1.0,1.0,1.0,1.0
720,0.18840579710144928,0.0,0.0,0.25,0.0,1.0,1.0,1.0,1.0,0.0,0.0,0.5,0.0
721,0.09178743961352653,1.0,1.0,0.75,0.5,0.0,0.0,0.5,0.0,1.0,1.0,1.0,0.0
722,0.14492753623188404,0.0,1.0,0.5,0.0,1.0,0.0,0.0,1.0,0.0,1.0,0.0,0.0
723,0.15942028985507245,0.5,0.5,0.5,1.0,0.0,1.0,0.0,0.0,0.0,1.0,0.0,1.0
724,0.18840579710144928,1.0,0.0,0.5,0.0,0.0,1.0,0.0,1.0,1.0,0.0,0.0,0.0
725,0.18357487922705312,0.0,0.5,0.5,1.0,1.0,0.0,0.0,0.0,0.0,0.0,0.0,1.0
726,0.18357487922705312,0.5,0.0,0.75,0.0,1.0,1.0,0.0,1.0,1.0,0.0,0.5,0.0
727,0.09178743961352653,0.5,0.5,0.75,1.0,0.0,1.0,0.5,0.0,0.0,1.0,1.0,1.0
728,0.23671497584541057,0.0,0.0,0.5,0.5,1.0,1.0,1.0,1.0,0.0,0.0,1.0,1.0
729,0.08212560386473428,0.5,0.5,0.75,0.5,1.0,1.0,0.0,0.0,1.0,1.0,0.5,0.0
730,0.053140096618357446,0.0,0.5,0.25,0.5,1.0,1.0,0.5,0.0,0.0,1.0,0.0,0.0
731,0.09178743961352653,1.0,0.0,0.5,1.0,0.0,1.0,0.0,0.0,1.0,0.0,0.0,1.0
732,0.18357487922705312,0.5,0.5,1.0,0.5,1.0,0.0,0.0,1.0,1.0,0.0,1.0,1.0
733,0.14009661835748793,0.0,0.0,0.5,0.0,1.0,1.0,0.5,1.0,0.0,0.0,0.5,0.0
734,0.0579710144927536,0.5,0.0,0.25,0.5,0.0,1.0,1.0,0.0,0.0,0.0,0.5,0.0
735,0.1545893719806763,0.5,1.0,0.75,1.0,0.0,0.0,0.5,0.0,0.0,1.0,1.0,1.0
736,0.1545893719806763,1.0,0.5,0.5,0.0,0.0,1.0,1.0,1.0,1.0,1.0,1.0,0.0
737,0.14009661835748793,0.0,0.5,0.0,1.0,1.0,1.0,1.0,0.0,0.0,1.0,0.0,1.0
738,0.28019323671497587,1.0,0.5,0.0,0.5,0.0,0.0,1.0,1.0,1.0,0.0,0.0,1.0
739,0.1642512077294686,0.5,0.5,0.75,0.0,1.0,0.0,0.0,1.0,1.0,0.0,0.5,0.0
740,0.2028985507246377,0.5,1.0,0.25,1.0,1.0,0.0,0.5,0.0,1.0,1.0,0.0,1.0
741,0.18357487922705312,0.0,0.0,1.0,0.0,1.0,1.0,0.0,1.0,0.0,0.0,1.0,0.0
742,0.1111111111111111,1.0,1.0,0.25,1.0,0.0,0.0,1.0,0.0,1.0,1.0,0.5,1.0
743,0.14492753623188404,0.5,0.5,0.5,0.0,1.0,1.0,0.5,1.0,1.0,1.0,0.5,0.0
744,0.03381642512077293,1.0,1.0,0.5,0.5,0.0,0.0,0.0,0.0,1.0,1.0,0.0,0.0
745,0.1111111111111111,1.0,1.0,0.75,0.0,0.0,0.0,0.0,1.0,1.0,1.0,0.5,0.0
746,0.10144927536231885,0.5,0.5,0.75,1.0,1.0,0.0,0.5,0.0,1.0,0.0,1.0,1.0
747,0.08695652173913043,0.0,0.5,0.25,0.0,1.0,0.0,1.0,1.0,0.0,0.0,0.5,0.0
748,0.024154589371980673,0.5,1.0,0.5,0.5,0.0,0.0,0.5,0.0,0.0,1.0,0.5,0.0
749,0.1111111111111111,0.5,0.5,0.25,1.0,0.0,1.0,0.5,0.0,0.0,1.0,0.0,1.0
750,0.09661835748792269,0.5,0.5,0.5,0.0,0.0,1.0,0.0,1.0,0.0,1.0,0.0,0.0
751,0.1497584541062802,0.5,0.0,0.5,1.0,0.0,1.0,0.0,0.0,0.0,0.0,0.0,1.0
752,0.14009661835748793,0.5,1.0,0.75,0.0,0.0,0.0,0.0,1.0,0.0,1.0,0.5,0.0
753,0.06763285024154586,1.0,0.0,0.5,0.5,0.0,1.0,0.5,0.0,1.0,0.0,0.5,0.0
754,0.1111111111111111,0.5,0.5,0.25,1.0,1.0,0.0,0.5,0.0,1.0,0.0,0.0,1.0
755,0.2125603864734299,0.0,1.0,0.75,0.5,1.0,0.0,0.0,1.0,0.0,1.0,0.5,1.0
756,0.1642512077294686,1.0,0.5,0.75,0.0,0.0,1.0,0.5,1.0,1.0,1.0,1.0,0.0
757,0.1497584541062802,0.5,0.5,0.0,1.0,1.0,1.0,1.0,0.0,1.0,1.0,0.0,1.0
758,0.2125603864734299,0.5,0.5,0.75,0.5,1.0,1.0,0.0,1.0,1.0,1.0,0.5,1.0
759,0.15942028985507245,1.0,0.5,0.5,0.5,0.0,0.0,0.5,1.0,1.0,0.0,0.5,1.0
760,0.14492753623188404,0.5,1.0,0.25,0.0,1.0,0.0,0.5,1.0,1.0,1.0,0.0,0.0
761,0.2028985507246377,0.0,0.5,0.0,0.5,1.0,0.0,1.0,1.0,0.0,0.0,0.0,1.0
762,0.2946859903381642,1.0,0.5,0.75,0.5,0.0,0.0,0.0,1.0,1.0,0.0,0.5,1.0
763,0.21739130434782605,0.0,1.0,0.5,0.0,1.0,0.0,0.5,1.0,0.0,1.0,0.5,0.0
764,0.19806763285024154,1.0,0.5,0.25,1.0,0.0,1.0,0.5,0.0,1.0,1.0,0.0,1.0
765,0.09178743961352653,1.0,0.5,0.0,0.5,0.0,1.0,1.0,0.0,1.0,1.0,0.0,0.0
766,0.12077294685990336,0.5,0.0,1.0,0.5,1.0,1.0,0.0,0.0,1.0,0.0,1.0,0.0
767,0.07246376811594202,0.0,0.5,0.5,0.5,1.0,0.0,1.0,0.0,0.0,0.0,1.0,0.0
768,0.2028985507246377,1.0,1.0,0.5,1.0,0.0,0.0,1.0,0.0,1.0,1.0,1.0,1.0
769,0.06763285024154586,1.0,0.5,0.5,1.0,0.0,0.0,0.5,0.0,1.0,0.0,0.5,1.0
770,0.1690821256038647,0.0,1.0,0.75,0.5,1.0,0.0,0.5,1.0,0.0,1.0,1.0,1.0
771,0.1497584541062802,1.0,0.0,0.5,0.5,0.0,1.0,1.0,1.0,1.0,0.0,1.0,1.0
772,0.0579710144927536,0.5,0.5,0.25,0.0,1.0,0.0,1.0,1.0,1.0,0.0,0.5,0.0
773,0.014492753623188415,0.0,1.0,0.75,0.5,1.0,0.0,0.5,0.0,0.0,1.0,1.0,0.0
774,0.06280193236714976,0.5,0.5,0.25,0.5,0.0,1.0,1.0,0.0,0.0,1.0,0.5,0.0
775,0.07729468599033817,1.0,0.0,0.25,0.5,0.0,1.0,0.5,0.0,1.0,0.0,0.0,0.0
776,0.10144927536231885,0.5,1.0,1.0,1.0,1.0,0.0,0.0,0.0,1.0,1.0,1.0,1.0
777,0.08695652173913043,0.5,0.5,0.5,0.0,1.0,1.0,1.0,1.0,1.0,1.0,1.0,0.0
778,0.028985507246376774,0.0,0.0,0.5,0.5,1.0,1.0,1.0,0.0,0.0,0.0,1.0,0.0
779,0.13043478260869562,0.5,1.0,0.0,1.0,0.0,0.0,1.0,0.0,0.0,1.0,0.0,1.0
780,0.09178743961352653,0.0,0.5,0.75,0.0,1.0,1.0,0.0,1.0,0.0,1.0,0.5,0.0
781,0.09178743961352653,0.5,0.5,0.75,1.0,0.0,1.0,0.5,0.0,0.0,1.0,1.0,1.0
782,0.18840579710144928,1.0,0.5,0.5,0.5,0.0,1.0,1.0,1.0,1.0,1.0,1.0,1.0
783,0.08212560386473428,0.5,0.5,0.75,0.5,1.0,1.0,0.0,0.0,1.0,1.0,0.5,0.0
784,0.053140096618357446,0.0,0.5,0.25,0.5,1.0,1.0,0.5,0.0,0.0,1.0,0.0,0.0
785,0.09178743961352653,1.0,0.0,0.5,1.0,0.0,1.0,0.0,0.0,1.0,0.0,0.0,1.0
786,0.23188405797101452,0.5,1.0,0.25,0.5,1.0,0.0,1.0,1.0,1.0,1.0,0.5,1.0
787,0.14009661835748793,0.0,0.0,0.5,0.0,1.0,1.0,0.5,1.0,0.0,0.0,0.5,0.0
788,0.053140096618357446,1.0,0.5,0.25,0.5,0.0,0.0,1.0,0.0,1.0,0.0,0.5,0.0
789,0.024154589371980673,0.0,0.0,0.75,0.5,1.0,1.0,0.0,0.0,0.0,0.0,0.5,0.0
790,0.0,0.5,0.5,0.25,0.5,0.0,0.0,0.5,0.0,0.0,0.0,0.0,0.0
791,0.0579710144927536,1.0,0.5,1.0,0.5,0.0,0.0,0.0,0.0,1.0,0.0,1.0,0.0
792,0.2125603864734299,0.5,0.5,0.25,0.5,0.0,1.0,1.0,1.0,0.0,1.0,0.5,1.0
793,0.22705314009661837,1.0,1.0,0.75,0.5,0.0,0.0,0.0,1.0,1.0,1.0,0.5,1.0
794,0.1545893719806763,0.0,0.5,0.75,1.0,1.0,1.0,0.0,0.0,0.0,1.0,0.5,1.0
795,0.09178743961352653,0.5,0.5,0.0,0.0,1.0,0.0,1.0,1.0,1.0,0.0,0.0,0.0
796,0.0579710144927536,0.0,1.0,0.5,0.5,1.0,0.0,0.0,0.0,0.0,1.0,0.0,0.0
797,0.0579710144927536,0.5,0.5,1.0,0.5,0.0,1.0,0.0,0.0,0.0,1.0,1.0,0.0
798,0.10144927536231885,1.0,0.0,0.0,1.0,0.0,1.0,1.0,0.0,1.0,0.0,0.0,1.0
799,0.09661835748792269,0.0,0.5,0.5,0.0,1.0,0.0,0.0,1.0,0.0,0.0,0.0,0.0
800,0.09178743961352653,0.5,0.5,1.0,0.0,0.0,0.0,0.0,1.0,0.0,0.0,1.0,0.0
801,0.014492753623188415,0.5,1.0,0.25,0.5,0.0,0.0,1.0,0.0,0.0,1.0,0.5,0.0
802,0.09661835748792269,1.0,0.5,0.5,0.5,0.0,1.0,0.5,0.0,1.0,1.0,0.5,0.0
803,0.17874396135265697,0.5,0.5,1.0,0.5,0.0,0.0,0.0,1.0,0.0,0.0,1.0,1.0
804,0.06280193236714976,0.0,1.0,0.5,0.0,1.0,0.0,1.0,1.0,0.0,1.0,1.0,0.0
805,0.08695652173913043,1.0,0.5,0.5,1.0,0.0,1.0,1.0,0.0,1.0,1.0,1.0,1.0
806,0.10144927536231885,0.0,0.5,0.0,0.0,1.0,1.0,1.0,1.0,0.0,1.0,0.0,0.0
807,0.10144927536231885,0.5,0.5,0.75,1.0,0.0,1.0,0.0,0.0,0.0,1.0,0.5,1.0
808,0.10628019323671495,1.0,0.5,0.5,0.0,0.0,1.0,0.5,1.0,1.0,1.0,0.5,0.0
809,0.028985507246376774,0.5,0.0,0.75,0.5,1.0,1.0,0.5,0.0,1.0,0.0,1.0,0.0
810,0.048309178743961345,0.5,1.0,0.0,0.5,1.0,0.0,1.0,0.0,1.0,1.0,0.0,0.0
811,0.09178743961352653,0.5,0.0,0.5,0.5,1.0,1.0,0.0,0.0,1.0,0.0,0.0,0.0
812,0.21739130434782605,0.5,0.5,0.75,1.0,1.0,0.0,0.0,0.0,1.0,0.0,0.5,1.0
813,0.024154589371980673,0.5,0.5,0.75,0.5,1.0,1.0,0.5,0.0,1.0,1.0,1.0,0.0
814,0.08695652173913043,0.5,0.0,0.5,1.0,1.0,1.0,1.0,0.0,1.0,0.0,1.0,1.0
815,0.2028985507246377,0.0,0.5,0.0,0.5,1.0,0.0,1.0,1.0,0.0,0.0,0.0,1.0
816,0.2946859903381642,1.0,0.5,0.75,0.5,0.0,0.0,0.0,1.0,1.0,0.0,0.5,1.0
817,0.21739130434782605,0.0,1.0,0.5,0.0,1.0,0.0,0.5,1.0,0.0,1.0,0.5,0.0
818,0.19806763285024154,1.0,0.5,0.25,1.0,0.0,1.0,0.5,0.0,1.0,1.0,0.0,1.0
819,0.09178743961352653,1.0,0.5,0.0,0.5,0.0,1.0,1.0,0.0,1.0,1.0,0.0,0.0
820,0.12077294685990336,0.5,0.0,1.0,0.5,1.0,1.0,0.0,0.0,1.0,0.0,1.0,0.0
821,0.07246376811594202,0.0,0.5,0.5,0.5,1.0,0.0,1.0,0.0,0.0,0.0,1.0,0.0
822,0.2028985507246377,1.0,1.0,0.5,1.0,0.0,0.0,1.0,0.0,1.0,1.0,1.0,1.0
823,0.17391304347826086,1.0,0.5,0.75,1.0,0.0,1.0,0.0,0.0,1.0,1.0,0.5,1.0
824,0.21739130434782605,0.5,0.5,0.25,0.5,1.0,1.0,0.5,1.0,1.0,1.0,0.0,1.0
825,0.1111111111111111,0.5,0.0,0.75,0.0,1.0,1.0,0.0,1.0,1.0,0.0,0.5,0.0
826,0.06280193236714976,0.5,1.0,0.5,0.5,1.0,0.0,0.5,0.0,1.0,1.0,0.5,0.0
827,0.9082125603864735,0.5,0.0,0.25,1.0,1.0,1.0,0.5,0.0,1.0,0.0,0.0,1.0
828,1.0,0.5,0.5,0.75,0.5,1.0,0.0,0.0,1.0,1.0,0.0,0.5,1.0
829,0.1545893719806763,0.0,0.0,0.75,1.0,1.0,1.0,0.0,0.0,0.0,0.0,0.5,1.0
830,0.18357487922705312,1.0,1.0,0.75,0.0,0.0,0.0,0.5,1.0,1.0,1.0,1.0,0.0
831,0.09661835748792269,0.0,0.0,0.25,0.5,1.0,1.0,1.0,0.0,0.0,0.0,0.5,0.0
832,0.1497584541062802,0.5,0.5,0.5,1.0,1.0,1.0,0.5,0.0,1.0,1.0,0.5,1.0
833,0.20772946859903385,0.0,0.5,0.25,1.0,1.0,1.0,1.0,0.0,0.0,1.0,0.5,1.0
834,0.2125603864734299,0.5,0.5,0.25,0.0,0.0,1.0,0.5,1.0,0.0,1.0,0.0,0.0
835,0.13526570048309178,0.5,0.0,0.75,0.5,0.0,1.0,0.0,0.0,0.0,0.0,0.5,0.0
836,0.1159420289855072,0.5,0.0,0.5,1.0,1.0,1.0,0.0,0.0,1.0,0.0,0.0,1.0
837,0.07246376811594202,0.0,0.5,1.0,0.0,1.0,0.0,0.0,1.0,0.0,0.0,1.0,0.0
838,0.08212560386473428,0.5,0.5,0.5,1.0,0.0,0.0,1.0,0.0,0.0,0.0,1.0,1.0
839,0.18357487922705312,0.5,0.5,0.25,0.5,0.0,0.0,1.0,1.0,0.0,0.0,0.5,1.0
840,0.15942028985507245,0.5,1.0,0.5,0.0,0.0,0.0,0.5,1.0,0.0,1.0,0.5,0.0
841,0.028985507246376774,0.0,0.0,0.75,0.5,1.0,1.0,0.5,0.0,0.0,0.0,1.0,0.0
842,0.053140096618357446,1.0,0.5,0.25,0.5,0.0,0.0,1.0,0.0,1.0,0.0,0.5,0.0
843,0.07246376811594202,0.5,1.0,0.25,0.5,1.0,0.0,0.5,0.0,1.0,1.0,0.0,0.0
844,0.024154589371980673,0.0,0.0,0.75,0.5,1.0,1.0,0.0,0.0,0.0,0.0,0.5,0.0
845,0.0,0.5,0.5,0.25,0.5,0.0,0.0,0.5,0.0,0.0,0.0,0.0,0.0
846,0.0579710144927536,1.0,0.5,1.0,0.5,0.0,0.0,0.0,0.0,1.0,0.0,1.0,0.0
847,0.1642512077294686,0.0,1.0,0.5,1.0,1.0,0.0,1.0,0.0,0.0,1.0,1.0,1.0
848,0.2125603864734299,0.5,0.5,0.25,0.5,0.0,1.0,1.0,1.0,0.0,1.0,0.5,1.0
849,0.1690821256038647,0.5,0.5,0.25,0.5,0.0,0.0,0.5,1.0,0.0,0.0,0.0,1.0
850,0.07729468599033817,0.0,1.0,0.25,1.0,1.0,0.0,0.5,0.0,0.0,1.0,0.0,1.0
851,0.07729468599033817,0.5,0.5,0.75,0.0,0.0,1.0,0.0,1.0,0.0,1.0,0.5,0.0
852,0.10628019323671495,1.0,0.0,0.25,1.0,0.0,1.0,0.5,0.0,1.0,0.0,0.0,1.0
853,0.08695652173913043,0.5,0.5,0.75,1.0,1.0,1.0,0.5,0.0,1.0,1.0,1.0,1.0
854,0.15942028985507245,0.0,0.5,0.25,0.5,1.0,1.0,1.0,1.0,0.0,1.0,0.5,1.0
855,0.10628019323671495,1.0,0.0,0.75,0.0,0.0,1.0,0.5,1.0,1.0,0.0,1.0,0.0
856,0.07246376811594202,0.0,0.5,0.0,0.5,1.0,0.0,1.0,0.0,0.0,0.0,0.0,0.0
857,0.1497584541062802,0.5,0.5,1.0,1.0,0.0,0.0,0.0,0.0,0.0,0.0,1.0,1.0
858,0.07246376811594202,0.5,0.5,0.25,1.0,1.0,1.0,1.0,0.0,1.0,1.0,0.5,1.0
859,0.14492753623188404,1.0,0.5,0.5,0.5,0.0,0.0,0.5,1.0,1.0,0.0,0.5,1.0
860,0.2028985507246377,0.0,0.5,0.25,0.5,1.0,0.0,0.5,1.0,0.0,0.0,0.0,1.0
861,0.24637681159420288,1.0,1.0,1.0,0.5,0.0,0.0,0.0,1.0,1.0,1.0,1.0,1.0
862,0.13526570048309178,0.5,0.5,0.0,0.0,1.0,1.0,1.0,1.0,1.0,1.0,0.0,0.0
863,0.019323671497584516,0.0,0.0,0.5,0.5,1.0,1.0,0.0,0.0,0.0,0.0,0.0,0.0
864,0.1111111111111111,1.0,1.0,0.5,1.0,0.0,0.0,0.0,0.0,1.0,1.0,0.0,1.0
865,0.15942028985507245,0.5,0.0,1.0,0.0,1.0,1.0,0.0,1.0,1.0,0.0,1.0,0.0
866,0.024154589371980673,0.5,0.5,0.75,0.5,1.0,1.0,0.5,0.0,1.0,1.0,1.0,0.0
867,0.2028985507246377,0.0,0.5,0.0,0.5,1.0,0.0,1.0,1.0,0.0,0.0,0.0,1.0
868,0.21739130434782605,0.0,1.0,0.5,0.0,1.0,0.0,0.5,1.0,0.0,1.0,0.5,0.0
869,0.19806763285024154,1.0,0.5,0.25,1.0,0.0,1.0,0.5,0.0,1.0,1.0,0.0,1.0
870,0.18357487922705312,0.0,0.5,1.0,0.0,1.0,1.0,0.0,1.0,0.0,1.0,1.0,0.0
871,0.09178743961352653,1.0,0.5,0.0,0.5,0.0,1.0,1.0,0.0,1.0,1.0,0.0,0.0
872,0.12077294685990336,0.5,0.0,1.0,0.5,1.0,1.0,0.0,0.0,1.0,0.0,1.0,0.0
873,0.07246376811594202,0.0,0.5,0.5,0.5,1.0,0.0,1.0,0.0,0.0,0.0,1.0,0.0
874,0.2028985507246377,1.0,1.0,0.5,1.0,0.0,0.0,1.0,0.0,1.0,1.0,1.0,1.0
875,0.10628019323671495,0.5,1.0,0.5,1.0,0.0,0.0,1.0,0.0,0.0,1.0,1.0,1.0
876,0.2028985507246377,0.5,0.0,0.5,0.5,0.0,1.0,1.0,1.0,0.0,0.0,1.0,1.0
877,0.18840579710144928,0.5,1.0,0.0,0.5,0.0,0.0,1.0,1.0,0.0,1.0,0.0,1.0
878,0.18357487922705312,0.5,0.0,0.5,0.5,0.0,1.0,0.0,1.0,0.0,0.0,0.0,1.0
879,0.13526570048309178,0.5,0.5,0.75,0.0,0.0,0.0,0.0,1.0,0.0,0.0,0.5,0.0
880,0.12560386473429952,0.5,0.5,0.5,1.0,0.0,0.0,0.5,0.0,0.0,0.0,0.5,1.0
881,0.13043478260869562,1.0,0.5,0.75,0.0,0.0,0.0,0.5,1.0,1.0,0.0,1.0,0.0
882,0.10144927536231885,0.0,1.0,0.0,0.5,1.0,0.0,1.0,0.0,0.0,1.0,0.0,0.0
883,0.10628019323671495,0.5,0.0,0.5,0.5,0.0,1.0,0.0,0.0,0.0,0.0,0.0,0.0
884,0.07246376811594202,0.5,1.0,0.75,0.5,0.0,0.0,0.0,0.0,0.0,1.0,0.5,0.0
885,0.08212560386473428,0.5,0.5,0.75,0.5,0.0,1.0,0.5,0.0,0.0,1.0,1.0,0.0
886,0.1545893719806763,0.5,1.0,0.75,1.0,0.0,0.0,0.5,0.0,0.0,1.0,1.0,1.0
887,0.1545893719806763,1.0,0.5,0.5,0.0,0.0,1.0,1.0,1.0,1.0,1.0,1.0,0.0
888,0.14009661835748793,0.0,0.5,0.0,1.0,1.0,1.0,1.0,0.0,0.0,1.0,0.0,1.0
889,0.2753623188405797,0.5,0.0,1.0,0.5,0.0,1.0,0.0,1.0,0.0,0.0,1.0,1.0
890,0.28019323671497587,1.0,0.5,0.0,0.5,0.0,0.0,1.0,1.0,1.0,0.0,0.0,1.0
891,0.2028985507246377,0.5,1.0,0.25,1.0,1.0,0.0,0.5,0.0,1.0,1.0,0.0,1.0
892,0.18357487922705312,0.0,0.0,1.0,0.0,1.0,1.0,0.0,1.0,0.0,0.0,1.0,0.0
893,0.1111111111111111,1.0,1.0,0.25,1.0,0.0,0.0,1.0,0.0,1.0,1.0,0.5,1.0
894,0.14492753623188404,0.5,0.5,0.5,0.0,1.0,1.0,0.5,1.0,1.0,1.0,0.5,0.0
895,0.03864734299516909,0.5,1.0,0.5,0.5,1.0,0.0,1.0,0.0,1.0,1.0,1.0,0.0
896,0.08212560386473428,0.0,1.0,1.0,0.0,1.0,0.0,0.0,1.0,0.0,1.0,1.0,0.0
897,0.20772946859903385,0.5,1.0,0.75,0.5,1.0,0.0,0.5,1.0,1.0,1.0,1.0,1.0
898,0.14009661835748793,0.0,0.5,0.25,0.0,1.0,1.0,1.0,1.0,0.0,1.0,0.5,0.0
899,0.1159420289855072,0.5,0.0,0.25,1.0,0.0,1.0,0.5,0.0,0.0,0.0,0.0,1.0
900,0.28019323671497587,1.0,1.0,0.25,0.5,0.0,0.0,0.5,1.0,1.0,1.0,0.0,1.0
901,0.15942028985507245,1.0,1.0,1.0,0.0,0.0,0.0,0.0,1.0,1.0,1.0,1.0,0.0
902,0.1545893719806763,0.0,0.0,0.5,1.0,1.0,1.0,1.0,0.0,0.0,0.0,1.0,1.0
903,0.23188405797101452,1.0,0.5,0.25,0.5,0.0,0.0,1.0,1.0,1.0,0.0,0.5,1.0
904,0.22705314009661837,0.5,0.5,0.25,0.5,1.0,0.0,0.5,1.0,1.0,0.0,0.0,1.0
905,0.1159420289855072,0.5,0.5,0.5,0.0,1.0,0.0,0.0,1.0,1.0,0.0,0.0,0.0
906,0.10144927536231885,0.0,0.5,0.75,1.0,1.0,0.0,0.0,0.0,0.0,0.0,0.5,1.0
907,0.1545893719806763,1.0,1.0,0.5,0.5,0.0,0.0,0.5,1.0,1.0,1.0,0.5,1.0
908,0.07246376811594202,0.0,0.5,0.5,0.0,1.0,1.0,0.5,1.0,0.0,1.0,0.5,0.0
909,0.13526570048309178,0.5,0.5,0.5,1.0,0.0,1.0,0.5,0.0,0.0,1.0,0.5,1.0
910,0.1642512077294686,0.5,0.0,0.75,0.0,0.0,1.0,0.5,1.0,0.0,0.0,1.0,0.0
911,0.12077294685990336,1.0,1.0,0.25,0.5,0.0,0.0,1.0,0.0,1.0,1.0,0.5,0.0
912,0.08212560386473428,1.0,0.0,0.5,0.0,0.0,1.0,0.5,1.0,1.0,0.0,0.5,0.0
913,0.07246376811594202,0.5,0.5,0.5,1.0,1.0,0.0,0.5,0.0,1.0,0.0,0.5,1.0
914,0.1642512077294686,0.5,1.0,0.25,0.5,1.0,0.0,0.5,1.0,1.0,1.0,0.0,1.0
915,0.23671497584541057,0.0,0.5,0.5,0.5,1.0,1.0,0.0,1.0,0.0,1.0,0.0,1.0
916,0.0,0.0,0.5,0.25,0.5,1.0,0.0,1.0,0.0,0.0,0.0,0.5,0.0
917,0.004830917874396101,0.5,0.5,0.75,0.5,0.0,0.0,0.5,0.0,0.0,0.0,1.0,0.0
918,0.024154589371980673,0.5,0.5,0.0,0.5,0.0,0.0,1.0,0.0,0.0,0.0,0.0,0.0
919,0.014492753623188415,0.5,1.0,0.5,0.5,0.0,0.0,0.0,0.0,0.0,1.0,0.0,0.0
920,0.12560386473429952,0.5,0.5,1.0,1.0,0.0,1.0,0.0,0.0,0.0,1.0,1.0,1.0
921,0.2222222222222222,1.0,0.5,0.25,0.5,0.0,1.0,1.0,1.0,1.0,1.0,0.5,1.0
922,0.024154589371980673,0.5,0.5,0.75,0.5,1.0,1.0,0.5,0.0,1.0,1.0,1.0,0.0
923,0.08695652173913043,0.5,0.0,0.5,1.0,1.0,1.0,1.0,0.0,1.0,0.0,1.0,1.0
924,0.2028985507246377,0.0,0.5,0.0,0.5,1.0,0.0,1.0,1.0,0.0,0.0,0.0,1.0
925,0.2946859903381642,1.0,0.5,0.75,0.5,0.0,0.0,0.0,1.0,1.0,0.0,0.5,1.0
926,0.19806763285024154,1.0,0.5,0.25,1.0,0.0,1.0,0.5,0.0,1.0,1.0,0.0,1.0
927,0.18357487922705312,0.0,0.5,1.0,0.0,1.0,1.0,0.0,1.0,0.0,1.0,1.0,0.0
928,0.09178743961352653,1.0,0.5,0.0,0.5,0.0,1.0,1.0,0.0,1.0,1.0,0.0,0.0
929,0.12077294685990336,0.5,0.0,1.0,0.5,1.0,1.0,0.0,0.0,1.0,0.0,1.0,0.0
930,0.07246376811594202,0.0,0.5,0.5,0.5,1.0,0.0,1.0,0.0,0.0,0.0,1.0,0.0
931,0.13526570048309178,0.0,0.5,0.75,1.0,1.0,0.0,0.5,0.0,0.0,0.0,1.0,1.0
932,0.23671497584541057,1.0,1.0,0.25,0.5,0.0,0.0,1.0,1.0,1.0,1.0,0.5,1.0
933,0.27053140096618356,0.5,0.5,0.25,0.5,1.0,1.0,0.5,1.0,1.0,1.0,0.0,1.0
934,0.1642512077294686,0.0,0.5,0.5,0.0,1.0,1.0,0.0,1.0,0.0,1.0,0.0,0.0
935,0.17391304347826086,0.0,0.5,1.0,1.0,1.0,1.0,0.0,0.0,0.0,1.0,1.0,1.0
936,0.1159420289855072,0.5,0.5,0.75,0.0,0.0,1.0,0.5,1.0,0.0,1.0,1.0,0.0
937,0.12560386473429952,0.5,0.5,0.5,0.0,0.0,0.0,1.0,1.0,0.0,0.0,1.0,0.0
938,0.06763285024154586,0.5,0.5,0.25,0.5,0.0,0.0,1.0,0.0,0.0,0.0,0.5,0.0
939,0.0579710144927536,1.0,1.0,0.5,0.5,0.0,0.0,0.5,0.0,1.0,1.0,0.5,0.0
940,0.09661835748792269,0.0,1.0,0.0,1.0,1.0,0.0,1.0,0.0,0.0,1.0,0.0,1.0
941,0.19806763285024154,0.5,0.5,1.0,0.5,0.0,1.0,0.0,1.0,0.0,1.0,1.0,1.0
942,0.23188405797101452,0.5,0.5,0.25,0.5,0.0,1.0,1.0,1.0,0.0,1.0,0.5,1.0
943,0.24637681159420288,0.5,0.0,0.25,0.5,0.0,1.0,0.5,1.0,0.0,0.0,0.0,1.0
944,0.1497584541062802,1.0,0.5,0.5,0.0,0.0,0.0,0.0,1.0,1.0,0.0,0.0,0.0
945,0.1111111111111111,0.5,0.5,0.75,0.5,1.0,0.0,0.0,0.0,1.0,0.0,0.5,0.0
946,0.13526570048309178,1.0,0.5,0.5,0.5,0.0,0.0,1.0,1.0,1.0,0.0,1.0,1.0
947,0.06280193236714976,0.0,1.0,0.5,0.0,1.0,0.0,1.0,1.0,0.0,1.0,1.0,0.0
948,0.08695652173913043,1.0,0.5,0.5,1.0,0.0,1.0,1.0,0.0,1.0,1.0,1.0,1.0
949,0.10144927536231885,0.0,0.5,0.0,0.0,1.0,1.0,1.0,1.0,0.0,1.0,0.0,0.0
950,0.10144927536231885,0.5,0.5,0.75,1.0,0.0,1.0,0.0,0.0,0.0,1.0,0.5,1.0
951,0.048309178743961345,0.5,1.0,0.0,0.5,1.0,0.0,1.0,0.0,1.0,1.0,0.0,0.0
952,0.09178743961352653,0.5,0.0,0.5,0.5,1.0,1.0,0.0,0.0,1.0,0.0,0.0,0.0
953,0.21739130434782605,0.5,0.5,0.75,1.0,1.0,0.0,0.0,0.0,1.0,0.0,0.5,1.0
954,0.1690821256038647,1.0,1.0,0.25,0.0,0.0,0.0,0.5,1.0,1.0,1.0,0.0,0.0
955,0.13526570048309178,0.0,0.5,0.5,1.0,1.0,1.0,0.0,0.0,0.0,1.0,0.0,1.0
956,0.1159420289855072,1.0,0.0,0.5,0.0,0.0,1.0,0.0,1.0,1.0,0.0,0.0,0.0
957,0.08695652173913043,0.5,0.5,1.0,1.0,1.0,0.0,0.0,0.0,1.0,0.0,1.0,1.0
958,0.13526570048309178,0.0,0.5,0.5,0.5,1.0,0.0,1.0,1.0,0.0,0.0,1.0,1.0
959,0.1690821256038647,0.5,1.0,0.5,0.5,0.0,0.0,1.0,1.0,0.0,1.0,1.0,1.0
960,0.09178743961352653,1.0,1.0,0.75,1.0,0.0,0.0,0.0,0.0,1.0,1.0,0.5,1.0
961,0.10628019323671495,0.0,0.0,0.75,0.0,1.0,1.0,0.5,1.0,0.0,0.0,1.0,0.0
962,0.1159420289855072,0.5,1.0,0.25,1.0,0.0,0.0,1.0,0.0,0.0,1.0,0.5,1.0
963,0.22705314009661837,1.0,0.0,0.25,0.5,0.0,1.0,0.5,1.0,1.0,0.0,0.0,1.0
964,0.19323671497584538,1.0,0.0,1.0,0.5,0.0,1.0,0.0,1.0,1.0,0.0,1.0,1.0
965,0.10144927536231885,0.5,1.0,0.5,0.0,1.0,0.0,1.0,1.0,1.0,1.0,1.0,0.0
966,0.07246376811594202,0.5,0.5,0.25,1.0,1.0,1.0,1.0,0.0,1.0,1.0,0.5,1.0
967,0.13526570048309178,0.0,0.0,0.5,0.5,1.0,1.0,0.5,1.0,0.0,0.0,0.5,1.0
968,0.14492753623188404,1.0,0.5,0.5,0.5,0.0,0.0,0.5,1.0,1.0,0.0,0.5,1.0
969,0.2028985507246377,0.0,0.5,0.25,0.5,1.0,0.0,0.5,1.0,0.0,0.0,0.0,1.0
970,0.24637681159420288,1.0,1.0,1.0,0.5,0.0,0.0,0.0,1.0,1.0,1.0,1.0,1.0
971,0.13526570048309178,0.5,0.5,0.0,0.0,1.0,1.0,1.0,1.0,1.0,1.0,0.0,0.0
972,0.019323671497584516,0.0,0.0,0.5,0.5,1.0,1.0,0.0,0.0,0.0,0.0,0.0,0.0
973,0.1111111111111111,1.0,1.0,0.5,1.0,0.0,0.0,0.0,0.0,1.0,1.0,0.0,1.0
974,0.15942028985507245,0.5,0.0,1.0,0.0,1.0,1.0,0.0,1.0,1.0,0.0,1.0,0.0
975,0.04347826086956519,0.5,0.5,0.0,0.5,0.0,1.0,1.0,0.0,0.0,1.0,0.0,0.0
976,0.0579710144927536,1.0,0.0,0.5,0.5,0.0,1.0,0.0,0.0,1.0,0.0,0.0,0.0
977,0.048309178743961345,0.0,0.5,1.0,0.5,1.0,0.0,0.0,0.0,0.0,0.0,1.0,0.0
978,0.1159420289855072,1.0,0.5,0.0,1.0,0.0,0.0,1.0,0.0,1.0,0.0,0.0,1.0
979,0.09661835748792269,0.5,1.0,1.0,0.0,1.0,0.0,0.0,1.0,1.0,1.0,1.0,0.0
980,0.04347826086956519,0.5,0.0,0.5,0.5,1.0,1.0,1.0,0.0,1.0,0.0,1.0,0.0
981,0.27053140096618356,0.5,1.0,0.25,1.0,1.0,0.0,1.0,0.0,1.0,1.0,0.5,1.0
982,0.3719806763285024,0.0,0.5,0.5,0.5,1.0,1.0,0.5,1.0,0.0,1.0,0.5,1.0
983,0.2028985507246377,0.5,0.5,0.75,0.5,0.0,1.0,0.5,1.0,0.0,1.0,1.0,1.0
984,0.08212560386473428,1.0,0.5,0.0,0.0,0.0,1.0,1.0,1.0,1.0,1.0,0.0,0.0
985,0.2946859903381642,1.0,1.0,0.5,0.5,0.0,0.0,1.0,1.0,1.0,1.0,1.0,1.0
986,0.18840579710144928,0.0,0.0,0.25,0.0,1.0,1.0,1.0,1.0,0.0,0.0,0.5,0.0
987,0.09178743961352653,1.0,1.0,0.75,0.5,0.0,0.0,0.5,0.0,1.0,1.0,1.0,0.0
988,0.17391304347826086,0.0,0.5,0.5,1.0,1.0,1.0,1.0,0.0,0.0,1.0,1.0,1.0
989,0.23188405797101452,1.0,0.0,0.0,0.5,0.0,1.0,1.0,1.0,1.0,0.0,0.0,1.0
990,0.14492753623188404,0.0,1.0,0.5,0.0,1.0,0.0,0.0,1.0,0.0,1.0,0.0,0.0
991,0.15942028985507245,0.5,0.5,0.5,1.0,0.0,1.0,0.0,0.0,0.0,1.0,0.0,1.0
992,0.18840579710144928,1.0,0.0,0.5,0.0,0.0,1.0,0.0,1.0,1.0,0.0,0.0,0.0
993,0.18357487922705312,0.0,0.5,0.5,1.0,1.0,0.0,0.0,0.0,0.0,0.0,0.0,1.0
994,0.2850241545893719,1.0,1.0,0.5,0.5,0.0,0.0,0.0,1.0,1.0,1.0,0.0,1.0
995,0.18357487922705312,0.5,0.0,0.75,0.0,1.0,1.0,0.0,1.0,1.0,0.0,0.5,0.0
996,0.09178743961352653,0.0,0.5,0.75,0.0,1.0,1.0,0.0,1.0,0.0,1.0,0.5,0.0
997,0.09178743961352653,0.5,0.5,0.75,1.0,0.0,1.0,0.5,0.0,0.0,1.0,1.0,1.0
998,0.17874396135265697,1.0,1.0,0.0,0.0,0.0,0.0,1.0,1.0,1.0,1.0,0.0,0.0
999,0.08212560386473428,0.5,0.5,0.75,0.5,1.0,1.0,0.0,0.0,1.0,1.0,0.5,0.0
1000,0.053140096618357446,0.0,0.5,0.25,0.5,1.0,1.0,0.5,0.0,0.0,1.0,0.0,0.0
1001,0.18357487922705312,0.5,0.5,1.0,0.5,1.0,0.0,0.0,1.0,1.0,0.0,1.0,1.0
1002,0.23188405797101452,0.5,1.0,0.25,0.5,1.0,0.0,1.0,1.0,1.0,1.0,0.5,1.0
1003,0.14009661835748793,0.0,0.0,0.5,0.0,1.0,1.0,0.5,1.0,0.0,0.0,0.5,0.0
1004,0.028985507246376774,0.5,0.5,0.75,0.5,0.0,0.0,0.0,0.0,0.0,0.0,0.5,0.0
1005,0.14009661835748793,0.5,1.0,0.75,1.0,0.0,0.0,0.5,0.0,0.0,1.0,1.0,1.0
1006,0.12560386473429952,0.5,0.5,0.0,0.0,0.0,1.0,1.0,1.0,0.0,1.0,0.0,0.0
1007,0.1111111111111111,0.5,0.0,1.0,1.0,0.0,1.0,0.0,0.0,0.0,0.0,1.0,1.0
1008,0.14009661835748793,0.5,1.0,0.5,0.0,0.0,0.0,1.0,1.0,0.0,1.0,1.0,0.0
1009,0.07729468599033817,1.0,0.0,0.25,0.5,0.0,1.0,1.0,0.0,1.0,0.0,0.5,0.0
1010,0.053140096618357446,0.5,0.5,0.25,0.5,1.0,0.0,0.5,0.0,1.0,0.0,0.0,0.0
1011,0.014492753623188415,0.5,0.5,1.0,0.5,1.0,0.0,0.0,0.0,1.0,0.0,1.0,0.0
1012,0.1159420289855072,0.5,0.5,0.25,1.0,1.0,0.0,1.0,0.0,1.0,0.0,0.5,1.0
1013,0.2560386473429952,0.0,1.0,0.25,0.5,1.0,0.0,0.5,1.0,0.0,1.0,0.0,1.0
1014,0.21739130434782605,1.0,0.0,0.5,0.5,0.0,1.0,0.0,1.0,1.0,0.0,0.0,1.0
1015,0.024154589371980673,0.0,0.0,1.0,0.5,1.0,1.0,0.0,0.0,0.0,0.0,1.0,0.0
1016,0.2753623188405797,0.5,1.0,0.5,1.0,1.0,0.0,1.0,0.0,1.0,1.0,1.0,1.0
1017,0.10144927536231885,0.0,0.0,0.0,0.5,1.0,1.0,1.0,1.0,0.0,0.0,0.0,1.0
1018,0.15942028985507245,0.5,1.0,0.5,0.5,0.0,0.0,0.0,1.0,0.0,1.0,0.0,1.0
1019,0.17874396135265697,0.5,0.5,0.75,0.5,0.0,1.0,0.0,1.0,0.0,1.0,0.5,1.0
1020,0.12560386473429952,1.0,0.0,0.5,0.5,0.0,1.0,0.5,1.0,1.0,0.0,0.5,1.0
1021,0.1111111111111111,0.5,1.0,0.5,0.5,1.0,0.0,0.5,1.0,1.0,1.0,0.5,1.0
1022,0.0579710144927536,0.5,0.0,0.25,0.0,1.0,1.0,0.5,1.0,1.0,0.0,0.0,0.0
1023,0.019323671497584516,0.0,1.0,1.0,0.5,1.0,0.0,0.0,0.0,0.0,1.0,1.0,0.0
1024,0.09178743961352653,1.0,0.5,0.75,1.0,0.0,0.0,0.5,0.0,1.0,0.0,1.0,1.0
1025,0.26086956521739124,1.0,0.5,1.0,0.5,0.0,1.0,0.0,1.0,1.0,1.0,1.0,1.0
1026,0.26086956521739124,0.0,0.5,0.5,0.5,1.0,0.0,0.0,1.0,0.0,0.0,0.0,1.0
1027,0.13043478260869562,0.5,0.5,0.5,0.0,0.0,0.0,0.0,1.0,0.0,0.0,0.0,0.0
1028,0.053140096618357446,1.0,1.0,0.75,0.5,0.0,0.0,0.0,0.0,1.0,1.0,0.5,0.0
1029,0.12560386473429952,0.0,0.0,0.5,1.0,1.0,1.0,0.5,0.0,0.0,0.0,0.5,1.0
1030,0.08212560386473428,1.0,0.5,0.5,0.0,0.0,0.0,0.5,1.0,1.0,0.0,0.5,0.0
1031,0.0,0.0,1.0,0.5,0.5,1.0,0.0,0.5,0.0,0.0,1.0,0.5,0.0
1032,0.10144927536231885,1.0,0.0,0.5,1.0,0.0,1.0,0.5,0.0,1.0,0.0,0.5,1.0
1033,0.1159420289855072,1.0,0.5,0.0,1.0,0.0,0.0,1.0,0.0,1.0,0.0,0.0,1.0
1034,0.09661835748792269,0.5,1.0,1.0,0.0,1.0,0.0,0.0,1.0,1.0,1.0,1.0,0.0
1035,0.04347826086956519,0.5,0.0,0.5,0.5,1.0,1.0,1.0,0.0,1.0,0.0,1.0,0.0
1036,0.27053140096618356,0.5,1.0,0.25,1.0,1.0,0.0,1.0,0.0,1.0,1.0,0.5,1.0
1037,0.3719806763285024,0.0,0.5,0.5,0.5,1.0,1.0,0.5,1.0,0.0,1.0,0.5,1.0
1038,0.2028985507246377,0.5,0.5,0.75,0.5,0.0,1.0,0.5,1.0,0.0,1.0,1.0,1.0
1039,0.08212560386473428,1.0,0.5,0.0,0.0,0.0,1.0,1.0,1.0,1.0,1.0,0.0,0.0
1040,0.17874396135265697,0.5,0.0,0.75,1.0,1.0,1.0,0.0,0.0,1.0,0.0,0.5,1.0
1041,0.09661835748792269,0.0,0.5,0.25,1.0,1.0,0.0,1.0,0.0,0.0,0.0,0.5,1.0
1042,0.1111111111111111,0.5,1.0,0.75,0.0,0.0,0.0,0.5,1.0,0.0,1.0,1.0,0.0
1043,0.07246376811594202,0.5,0.5,0.5,1.0,0.0,1.0,1.0,0.0,0.0,1.0,1.0,1.0
1044,0.1690821256038647,0.5,0.0,0.5,0.5,1.0,1.0,0.0,1.0,1.0,0.0,0.0,1.0
1045,0.10628019323671495,0.0,1.0,0.75,0.0,1.0,0.0,0.0,1.0,0.0,1.0,0.5,0.0
1046,0.0579710144927536,1.0,0.5,0.75,0.5,0.0,1.0,0.5,0.0,1.0,1.0,1.0,0.0
1047,0.07246376811594202,0.5,0.0,0.25,0.5,1.0,1.0,1.0,0.0,1.0,0.0,0.5,0.0
1048,0.1111111111111111,0.5,1.0,0.75,1.0,1.0,0.0,0.5,0.0,1.0,1.0,1.0,1.0
1049,0.13526570048309178,0.0,0.0,0.25,0.0,1.0,1.0,1.0,1.0,0.0,0.0,0.5,0.0
1050,0.17874396135265697,0.5,1.0,0.5,1.0,0.0,0.0,0.5,0.0,0.0,1.0,0.5,1.0
1051,0.17391304347826086,1.0,0.5,0.75,1.0,0.0,1.0,0.0,0.0,1.0,1.0,0.5,1.0
1052,0.21739130434782605,0.5,0.5,0.25,0.5,1.0,1.0,0.5,1.0,1.0,1.0,0.0,1.0
1053,0.1111111111111111,0.5,0.0,0.75,0.0,1.0,1.0,0.0,1.0,1.0,0.0,0.5,0.0
1054,0.06280193236714976,0.5,1.0,0.5,0.5,1.0,0.0,0.5,0.0,1.0,1.0,0.5,0.0
1055,0.9082125603864735,0.5,0.0,0.25,1.0,1.0,1.0,0.5,0.0,1.0,0.0,0.0,1.0
1056,1.0,0.5,0.5,0.75,0.5,1.0,0.0,0.0,1.0,1.0,0.0,0.5,1.0
1057,0.17391304347826086,0.5,1.0,0.25,0.0,1.0,0.0,0.5,1.0,1.0,1.0,0.0,0.0
1058,0.1545893719806763,0.0,0.0,0.75,1.0,1.0,1.0,0.0,0.0,0.0,0.0,0.5,1.0
1059,0.18357487922705312,1.0,1.0,0.75,0.0,0.0,0.0,0.5,1.0,1.0,1.0,1.0,0.0
1060,0.09661835748792269,0.0,0.0,0.25,0.5,1.0,1.0,1.0,0.0,0.0,0.0,0.5,0.0
1061,0.0579710144927536,0.5,0.0,0.25,0.5,0.0,1.0,1.0,0.0,0.0,0.0,0.5,0.0
1062,0.1545893719806763,0.5,1.0,0.75,1.0,0.0,0.0,0.5,0.0,0.0,1.0,1.0,1.0
1063,0.1545893719806763,1.0,0.5,0.5,0.0,0.0,1.0,1.0,1.0,1.0,1.0,1.0,0.0
1064,0.14009661835748793,0.0,0.5,0.0,1.0,1.0,1.0,1.0,0.0,0.0,1.0,0.0,1.0
1065,0.1642512077294686,0.5,0.5,0.75,0.0,1.0,0.0,0.0,1.0,1.0,0.0,0.5,0.0
1066,0.18357487922705312,0.0,0.0,1.0,0.0,1.0,1.0,0.0,1.0,0.0,0.0,1.0,0.0
1067,0.1111111111111111,1.0,1.0,0.25,1.0,0.0,0.0,1.0,0.0,1.0,1.0,0.5,1.0
1068,0.14492753623188404,0.5,0.5,0.5,0.0,1.0,1.0,0.5,1.0,1.0,1.0,0.5,0.0
1069,0.12077294685990336,0.5,0.5,1.0,0.0,1.0,1.0,0.0,1.0,1.0,1.0,1.0,0.0
1070,0.1545893719806763,1.0,0.5,0.5,1.0,0.0,0.0,1.0,0.0,1.0,0.0,1.0,1.0
1071,0.20772946859903385,0.0,0.5,0.0,0.5,1.0,0.0,1.0,1.0,0.0,0.0,0.0,1.0
1072,0.10144927536231885,1.0,1.0,0.75,0.0,0.0,0.0,0.0,1.0,1.0,1.0,0.5,0.0
1073,0.06280193236714976,0.5,0.0,0.75,0.5,1.0,1.0,0.5,0.0,1.0,0.0,1.0,0.0
1074,0.17391304347826086,0.0,0.5,0.25,1.0,1.0,0.0,1.0,0.0,0.0,0.0,0.5,1.0
1075,0.03864734299516909,0.5,1.0,0.5,0.5,1.0,0.0,1.0,0.0,1.0,1.0,1.0,0.0
1076,0.09661835748792269,0.5,0.0,0.0,1.0,1.0,1.0,1.0,0.0,1.0,0.0,0.0,1.0
1077,0.20772946859903385,0.5,1.0,0.75,0.5,1.0,0.0,0.5,1.0,1.0,1.0,1.0,1.0
1078,0.14009661835748793,0.0,0.5,0.25,0.0,1.0,1.0,1.0,1.0,0.0,1.0,0.5,0.0
1079,0.1159420289855072,0.5,0.0,0.25,1.0,0.0,1.0,0.5,0.0,0.0,0.0,0.0,1.0
1080,0.24154589371980673,0.5,1.0,1.0,0.5,0.0,0.0,0.0,1.0,0.0,1.0,1.0,1.0
1081,0.13526570048309178,0.5,0.0,0.25,0.0,0.0,1.0,1.0,1.0,0.0,0.0,0.5,0.0
1082,0.13526570048309178,0.5,0.5,0.5,1.0,0.0,0.0,0.5,0.0,0.0,0.0,0.5,1.0
1083,0.28019323671497587,1.0,1.0,0.25,0.5,0.0,0.0,0.5,1.0,1.0,1.0,0.0,1.0
1084,0.04347826086956519,0.5,0.5,0.0,0.5,0.0,1.0,1.0,0.0,0.0,1.0,0.0,0.0
1085,0.0579710144927536,1.0,0.0,0.5,0.5,0.0,1.0,0.0,0.0,1.0,0.0,0.0,0.0
1086,0.048309178743961345,0.0,0.5,1.0,0.5,1.0,0.0,0.0,0.0,0.0,0.0,1.0,0.0
1087,0.1159420289855072,1.0,0.5,0.0,1.0,0.0,0.0,1.0,0.0,1.0,0.0,0.0,1.0
1088,0.09661835748792269,0.5,1.0,1.0,0.0,1.0,0.0,0.0,1.0,1.0,1.0,1.0,0.0
1089,0.04347826086956519,0.5,0.0,0.5,0.5,1.0,1.0,1.0,0.0,1.0,0.0,1.0,0.0
1090,0.27053140096618356,0.5,1.0,0.25,1.0,1.0,0.0,1.0,0.0,1.0,1.0,0.5,1.0
1091,0.3719806763285024,0.0,0.5,0.5,0.5,1.0,1.0,0.5,1.0,0.0,1.0,0.5,1.0
1092,0.2028985507246377,0.5,0.5,0.75,0.5,0.0,1.0,0.5,1.0,0.0,1.0,1.0,1.0
1093,0.08212560386473428,1.0,0.5,0.0,0.0,0.0,1.0,1.0,1.0,1.0,1.0,0.0,0.0
1094,0.17874396135265697,0.5,0.0,0.75,1.0,1.0,1.0,0.0,0.0,1.0,0.0,0.5,1.0
1095,0.1545893719806763,0.0,0.5,0.75,1.0,1.0,1.0,0.0,0.0,0.0,1.0,0.5,1.0
1096,0.0579710144927536,0.5,0.5,1.0,0.5,0.0,1.0,0.0,0.0,0.0,1.0,1.0,0.0
1097,0.10144927536231885,1.0,0.0,0.0,1.0,0.0,1.0,1.0,0.0,1.0,0.0,0.0,1.0
1098,0.09661835748792269,0.0,0.5,0.5,0.0,1.0,0.0,0.0,1.0,0.0,0.0,0.0,0.0
1099,0.10628019323671495,0.5,0.5,0.5,1.0,0.0,0.0,0.0,0.0,0.0,0.0,0.0,1.0
1100,0.09178743961352653,0.5,0.5,1.0,0.0,0.0,0.0,0.0,1.0,0.0,0.0,1.0,0.0
1101,0.014492753623188415,0.5,1.0,0.25,0.5,0.0,0.0,1.0,0.0,0.0,1.0,0.5,0.0
1102,0.09661835748792269,1.0,0.5,0.5,0.5,0.0,1.0,0.5,0.0,1.0,1.0,0.5,0.0
1103,0.06280193236714976,0.0,1.0,0.5,0.0,1.0,0.0,1.0,1.0,0.0,1.0,1.0,0.0
1104,0.10144927536231885,0.0,0.5,0.0,0.0,1.0,1.0,1.0,1.0,0.0,1.0,0.0,0.0
1105,0.10144927536231885,0.5,0.5,0.75,1.0,0.0,1.0,0.0,0.0,0.0,1.0,0.5,1.0
1106,0.10628019323671495,1.0,0.5,0.5,0.0,0.0,1.0,0.5,1.0,1.0,1.0,0.5,0.0
1107,0.028985507246376774,0.5,0.0,0.75,0.5,1.0,1.0,0.5,0.0,1.0,0.0,1.0,0.0
1108,0.048309178743961345,0.5,1.0,0.0,0.5,1.0,0.0,1.0,0.0,1.0,1.0,0.0,0.0
1109,0.09178743961352653,0.5,0.0,0.5,0.5,1.0,1.0,0.0,0.0,1.0,0.0,0.0,0.0
1110,0.21739130434782605,0.5,0.5,0.75,1.0,1.0,0.0,0.0,0.0,1.0,0.0,0.5,1.0
1111,0.07729468599033817,0.0,1.0,0.25,1.0,1.0,0.0,0.5,0.0,0.0,1.0,0.0,1.0
1112,0.15942028985507245,0.5,0.0,1.0,0.5,1.0,1.0,0.0,1.0,1.0,0.0,1.0,1.0
1113,0.07729468599033817,0.5,1.0,0.25,0.0,1.0,0.0,1.0,1.0,1.0,1.0,0.5,0.0
1114,0.15942028985507245,0.0,0.5,0.25,0.5,1.0,1.0,1.0,1.0,0.0,1.0,0.5,1.0
1115,0.10628019323671495,1.0,0.0,0.75,0.0,0.0,1.0,0.5,1.0,1.0,0.0,1.0,0.0
1116,0.048309178743961345,0.5,1.0,0.5,1.0,1.0,0.0,0.5,0.0,1.0,1.0,0.5,1.0
1117,0.14492753623188404,0.0,0.5,0.25,0.5,1.0,1.0,0.5,1.0,0.0,1.0,0.0,1.0
1118,0.10628019323671495,0.5,0.5,1.0,0.0,0.0,1.0,0.0,1.0,0.0,1.0,1.0,0.0
1119,0.12560386473429952,1.0,0.5,0.0,1.0,0.0,1.0,1.0,0.0,1.0,1.0,0.0,1.0
1120,0.21739130434782605,0.0,0.0,0.75,0.5,1.0,1.0,0.0,1.0,0.0,0.0,0.5,1.0
1121,0.2028985507246377,1.0,0.5,0.25,0.5,0.0,0.0,0.5,1.0,1.0,0.0,0.0,1.0
1122,0.1690821256038647,0.5,1.0,1.0,0.5,1.0,0.0,0.0,1.0,1.0,1.0,1.0,1.0
1123,0.06763285024154586,0.0,0.0,0.0,0.0,1.0,1.0,1.0,1.0,0.0,0.0,0.0,0.0
1124,0.13043478260869562,1.0,0.5,1.0,1.0,0.0,0.0,0.0,0.0,1.0,0.0,1.0,1.0
1125,0.09661835748792269,0.0,0.0,0.25,1.0,1.0,1.0,1.0,0.0,0.0,0.0,0.5,1.0
1126,0.12077294685990336,1.0,0.5,0.75,0.5,0.0,0.0,0.5,1.0,1.0,0.0,1.0,1.0
1127,0.14009661835748793,1.0,1.0,0.25,1.0,0.0,0.0,0.5,0.0,1.0,1.0,0.0,1.0
1128,0.2850241545893719,0.0,0.5,0.75,0.5,1.0,1.0,0.0,1.0,0.0,1.0,0.5,1.0
1129,0.053140096618357446,0.5,1.0,0.5,0.5,1.0,0.0,0.0,0.0,1.0,1.0,0.0,0.0
1130,0.06763285024154586,0.0,0.5,0.75,0.5,1.0,1.0,0.0,0.0,0.0,1.0,0.5,0.0
1131,0.06763285024154586,0.5,0.0,0.25,0.5,0.0,1.0,0.5,0.0,0.0,0.0,0.0,0.0
1132,0.12077294685990336,1.0,0.5,0.5,1.0,0.0,0.0,0.0,0.0,1.0,0.0,0.0,1.0
1133,0.25120772946859904,0.5,0.0,0.75,0.5,1.0,1.0,0.5,1.0,1.0,0.0,1.0,1.0
1134,0.2125603864734299,0.0,1.0,0.5,0.5,1.0,0.0,1.0,1.0,0.0,1.0,1.0,1.0
1135,0.28019323671497587,0.5,0.5,0.0,0.5,0.0,1.0,1.0,1.0,0.0,1.0,0.0,1.0
1136,0.13526570048309178,1.0,0.5,0.75,1.0,0.0,0.0,0.0,0.0,1.0,0.0,0.5,1.0
1137,0.14009661835748793,0.5,0.5,0.75,0.0,1.0,0.0,0.5,1.0,1.0,0.0,1.0,0.0
1138,0.07246376811594202,0.5,1.0,0.25,0.5,1.0,0.0,1.0,0.0,1.0,1.0,0.5,0.0
1139,0.07729468599033817,0.5,0.0,0.25,0.5,1.0,1.0,0.5,0.0,1.0,0.0,0.0,0.0
1140,0.04347826086956519,0.0,0.5,0.75,0.5,1.0,0.0,0.0,0.0,0.0,0.0,0.5,0.0
1141,0.03381642512077293,0.5,1.0,0.75,0.5,0.0,0.0,0.5,0.0,0.0,1.0,1.0,0.0
1142,0.053140096618357446,0.0,0.5,0.25,0.5,1.0,1.0,0.5,0.0,0.0,1.0,0.0,0.0
1143,0.14009661835748793,0.0,0.0,0.5,0.0,1.0,1.0,0.5,1.0,0.0,0.0,0.5,0.0
1144,0.08695652173913043,0.0,0.5,0.25,0.0,1.0,0.0,1.0,1.0,0.0,0.0,0.5,0.0
1145,0.024154589371980673,0.5,1.0,0.5,0.5,0.0,0.0,0.5,0.0,0.0,1.0,0.5,0.0
1146,0.09661835748792269,0.5,0.5,0.5,0.0,0.0,1.0,0.0,1.0,0.0,1.0,0.0,0.0
1147,0.1545893719806763,1.0,1.0,0.75,0.0,0.0,0.0,0.5,1.0,1.0,1.0,1.0,0.0
1148,0.15942028985507245,0.5,0.0,0.25,1.0,1.0,1.0,1.0,0.0,1.0,0.0,0.5,1.0
1149,0.12077294685990336,0.5,0.5,0.5,0.0,1.0,0.0,0.5,1.0,1.0,0.0,0.5,0.0
1150,0.13043478260869562,0.0,1.0,0.5,1.0,1.0,0.0,0.5,0.0,0.0,1.0,0.5,1.0
1151,0.2222222222222222,0.5,0.0,0.75,0.5,0.0,1.0,0.5,1.0,0.0,0.0,1.0,1.0
1152,0.024154589371980673,0.5,1.0,0.75,0.5,0.0,0.0,0.0,0.0,0.0,1.0,0.5,0.0
1153,0.04347826086956519,0.5,0.0,0.75,0.5,0.0,1.0,0.5,0.0,0.0,0.0,1.0,0.0
1154,0.21739130434782605,0.0,0.0,0.5,0.5,1.0,1.0,0.0,1.0,0.0,0.0,0.0,1.0
1155,0.12560386473429952,1.0,0.5,1.0,0.0,0.0,0.0,0.0,1.0,1.0,0.0,1.0,0.0
1156,0.0,0.5,0.5,0.25,0.5,0.0,0.0,0.5,0.0,0.0,0.0,0.0,0.0
1157,0.1642512077294686,0.0,1.0,0.5,1.0,1.0,0.0,1.0,0.0,0.0,1.0,1.0,1.0
1158,0.2125603864734299,0.5,0.5,0.25,0.5,0.0,1.0,1.0,1.0,0.0,1.0,0.5,1.0
1159,0.20772946859903385,0.5,0.0,0.5,0.5,0.0,1.0,0.5,1.0,0.0,0.0,0.5,1.0
1160,0.1690821256038647,0.5,0.5,0.25,0.5,0.0,0.0,0.5,1.0,0.0,0.0,0.0,1.0
1161,0.22705314009661837,1.0,1.0,0.75,0.5,0.0,0.0,0.0,1.0,1.0,1.0,0.5,1.0
1162,0.09178743961352653,0.0,0.5,0.25,1.0,1.0,0.0,0.5,0.0,0.0,0.0,0.0,1.0
1163,0.12560386473429952,1.0,0.0,0.75,1.0,0.0,1.0,0.0,0.0,1.0,0.0,0.5,1.0
1164,0.1545893719806763,0.5,1.0,0.75,0.0,1.0,0.0,0.5,1.0,1.0,1.0,1.0,0.0
1165,0.13043478260869562,0.5,0.5,0.5,1.0,1.0,1.0,1.0,0.0,1.0,1.0,1.0,1.0
1166,0.17874396135265697,0.5,0.5,0.75,0.5,0.0,0.0,0.5,1.0,0.0,0.0,1.0,1.0
1167,0.08695652173913043,0.5,1.0,0.25,0.0,0.0,0.0,1.0,1.0,0.0,1.0,0.5,0.0
1168,0.08695652173913043,1.0,0.5,0.5,1.0,0.0,1.0,0.5,0.0,1.0,1.0,0.5,1.0
1169,0.09178743961352653,0.0,0.0,0.25,0.0,1.0,1.0,0.5,1.0,0.0,0.0,0.0,0.0
1170,0.14009661835748793,0.5,1.0,1.0,1.0,0.0,0.0,0.0,0.0,0.0,1.0,1.0,1.0
1171,0.26086956521739124,0.5,0.5,0.75,1.0,1.0,1.0,0.0,0.0,1.0,1.0,0.5,1.0
1172,0.25120772946859904,0.5,0.0,0.75,0.5,1.0,1.0,0.5,1.0,1.0,0.0,1.0,1.0
1173,0.2125603864734299,0.0,1.0,0.5,0.5,1.0,0.0,1.0,1.0,0.0,1.0,1.0,1.0
1174,0.28019323671497587,0.5,0.5,0.0,0.5,0.0,1.0,1.0,1.0,0.0,1.0,0.0,1.0
1175,0.18840579710144928,0.5,0.0,0.5,0.0,0.0,1.0,0.0,1.0,0.0,0.0,0.0,0.0
1176,0.14009661835748793,0.5,0.5,0.75,0.0,1.0,0.0,0.5,1.0,1.0,0.0,1.0,0.0
1177,0.07246376811594202,0.5,1.0,0.25,0.5,1.0,0.0,1.0,0.0,1.0,1.0,0.5,0.0
1178,0.07729468599033817,0.5,0.0,0.25,0.5,1.0,1.0,0.5,0.0,1.0,0.0,0.0,0.0
1179,0.024154589371980673,0.0,0.0,1.0,0.5,1.0,1.0,0.0,0.0,0.0,0.0,1.0,0.0
1180,0.23671497584541057,1.0,0.5,0.5,0.5,0.0,0.0,1.0,0.0,1.0,0.0,1.0,0.0
1181,0.2753623188405797,0.5,1.0,0.5,1.0,1.0,0.0,1.0,0.0,1.0,1.0,1.0,1.0
1182,0.15942028985507245,0.5,1.0,0.5,0.5,0.0,0.0,0.0,1.0,0.0,1.0,0.0,1.0
1183,0.17874396135265697,0.5,0.5,0.75,0.5,0.0,1.0,0.0,1.0,0.0,1.0,0.5,1.0
1184,0.12560386473429952,1.0,0.0,0.5,0.5,0.0,1.0,0.5,1.0,1.0,0.0,0.5,1.0
1185,0.07729468599033817,1.0,0.5,0.5,0.5,0.0,1.0,1.0,0.0,1.0,1.0,1.0,0.0
1186,0.09178743961352653,1.0,0.5,0.75,1.0,0.0,0.0,0.5,0.0,1.0,0.0,1.0,1.0
1187,0.22705314009661837,0.0,1.0,0.0,0.5,1.0,0.0,1.0,1.0,0.0,1.0,0.0,1.0
1188,0.27053140096618356,0.5,0.0,0.0,0.5,1.0,1.0,1.0,1.0,1.0,0.0,0.0,1.0
1189,0.26086956521739124,0.0,0.5,0.5,0.5,1.0,0.0,0.0,1.0,0.0,0.0,0.0,1.0
1190,0.13043478260869562,0.5,0.5,0.5,0.0,0.0,0.0,0.0,1.0,0.0,0.0,0.0,0.0
1191,0.053140096618357446,1.0,1.0,0.75,0.5,0.0,0.0,0.0,0.0,1.0,1.0,0.5,0.0
1192,0.12560386473429952,0.0,0.0,0.5,1.0,1.0,1.0,0.5,0.0,0.0,0.0,0.5,1.0
1193,0.0,0.0,1.0,0.5,0.5,1.0,0.0,0.5,0.0,0.0,1.0,0.5,0.0
1194,0.10144927536231885,1.0,0.0,0.5,1.0,0.0,1.0,0.5,0.0,1.0,0.0,0.5,1.0
1195,0.1545893719806763,1.0,1.0,0.75,0.0,0.0,0.0,0.5,1.0,1.0,1.0,1.0,0.0
1196,0.15942028985507245,0.5,0.0,0.25,1.0,1.0,1.0,1.0,0.0,1.0,0.0,0.5,1.0
1197,0.12077294685990336,0.5,0.5,0.5,0.0,1.0,0.0,0.5,1.0,1.0,0.0,0.5,0.0
1198,0.13043478260869562,0.0,1.0,0.5,1.0,1.0,0.0,0.5,0.0,0.0,1.0,0.5,1.0
1199,0.2222222222222222,0.5,0.0,0.75,0.5,0.0,1.0,0.5,1.0,0.0,0.0,1.0,1.0
1200,0.04347826086956519,0.5,0.0,0.75,0.5,0.0,1.0,0.5,0.0,0.0,0.0,1.0,0.0
1201,0.13043478260869562,1.0,1.0,0.0,1.0,0.0,0.0,1.0,0.0,1.0,1.0,0.0,1.0
1202,0.21739130434782605,0.0,0.0,0.5,0.5,1.0,1.0,0.0,1.0,0.0,0.0,0.0,1.0
1203,0.2222222222222222,0.5,0.0,0.0,0.5,0.0,1.0,1.0,1.0,0.0,0.0,0.0,1.0
1204,0.12560386473429952,1.0,0.5,0.75,0.0,0.0,0.0,0.0,1.0,1.0,0.0,0.5,0.0
1205,0.09178743961352653,0.5,0.5,0.25,1.0,1.0,0.0,0.5,0.0,1.0,0.0,0.0,1.0
1206,0.10144927536231885,0.5,1.0,0.5,0.0,1.0,0.0,0.0,1.0,1.0,1.0,0.0,0.0
1207,0.048309178743961345,0.0,0.0,0.0,0.5,1.0,1.0,1.0,0.0,0.0,0.0,0.0,0.0
1208,0.024154589371980673,1.0,0.5,0.5,0.5,0.0,0.0,0.0,0.0,1.0,0.0,0.0,0.0
1209,0.0579710144927536,0.5,0.0,0.0,0.5,1.0,1.0,1.0,0.0,1.0,0.0,0.0,0.0
1210,0.14492753623188404,0.0,1.0,1.0,1.0,1.0,0.0,0.0,0.0,0.0,1.0,1.0,1.0
1211,0.13043478260869562,0.5,0.5,0.25,0.0,0.0,1.0,1.0,1.0,0.0,1.0,0.5,0.0
1212,0.19323671497584538,0.5,0.0,0.75,0.5,0.0,1.0,0.0,1.0,0.0,0.0,0.5,1.0
1213,0.14009661835748793,1.0,1.0,0.5,0.0,0.0,0.0,0.5,1.0,1.0,1.0,0.5,0.0
1214,0.1111111111111111,0.0,0.5,0.75,0.0,1.0,0.0,0.5,1.0,0.0,0.0,1.0,0.0
1215,0.13526570048309178,0.0,0.5,0.75,1.0,1.0,0.0,0.5,0.0,0.0,0.0,1.0,1.0
1216,0.23671497584541057,1.0,1.0,0.25,0.5,0.0,0.0,1.0,1.0,1.0,1.0,0.5,1.0
1217,0.1642512077294686,0.0,0.5,0.5,0.0,1.0,1.0,0.0,1.0,0.0,1.0,0.0,0.0
1218,0.08212560386473428,1.0,0.5,0.5,0.5,0.0,1.0,0.0,0.0,1.0,1.0,0.0,0.0
1219,0.17391304347826086,0.0,0.5,1.0,1.0,1.0,1.0,0.0,0.0,0.0,1.0,1.0,1.0
1220,0.12560386473429952,1.0,0.0,0.5,0.0,0.0,1.0,1.0,1.0,1.0,0.0,1.0,0.0
1221,0.12560386473429952,0.0,0.5,0.0,1.0,1.0,0.0,1.0,0.0,0.0,0.0,0.0,1.0
1222,0.2222222222222222,0.5,1.0,0.75,0.5,0.0,0.0,0.0,1.0,0.0,1.0,0.5,1.0
1223,0.1159420289855072,0.5,0.5,0.75,0.0,0.0,1.0,0.5,1.0,0.0,1.0,1.0,0.0
1224,0.004830917874396101,0.5,0.0,0.0,0.5,0.0,1.0,1.0,0.0,0.0,0.0,0.0,0.0
1225,0.17391304347826086,1.0,0.5,0.75,1.0,0.0,1.0,0.0,0.0,1.0,1.0,0.5,1.0
1226,0.21739130434782605,0.5,0.5,0.25,0.5,1.0,1.0,0.5,1.0,1.0,1.0,0.0,1.0
1227,0.06280193236714976,0.5,1.0,0.5,0.5,1.0,0.0,0.5,0.0,1.0,1.0,0.5,0.0
1228,0.9082125603864735,0.5,0.0,0.25,1.0,1.0,1.0,0.5,0.0,1.0,0.0,0.0,1.0
1229,1.0,0.5,0.5,0.75,0.5,1.0,0.0,0.0,1.0,1.0,0.0,0.5,1.0
1230,0.17391304347826086,0.5,1.0,0.25,0.0,1.0,0.0,0.5,1.0,1.0,1.0,0.0,0.0
1231,0.1545893719806763,0.0,0.0,0.75,1.0,1.0,1.0,0.0,0.0,0.0,0.0,0.5,1.0
1232,0.18357487922705312,1.0,1.0,0.75,0.0,0.0,0.0,0.5,1.0,1.0,1.0,1.0,0.0
1233,0.1159420289855072,1.0,0.0,0.0,0.0,0.0,1.0,1.0,1.0,1.0,0.0,0.0,0.0
1234,0.03864734299516909,0.0,0.5,0.5,0.5,1.0,0.0,0.0,0.0,0.0,0.0,0.0,0.0
1235,0.1159420289855072,0.0,0.0,0.5,1.0,1.0,1.0,0.0,0.0,0.0,0.0,0.0,1.0
1236,0.1111111111111111,1.0,1.0,0.75,0.0,0.0,0.0,0.0,1.0,1.0,1.0,0.5,0.0
1237,0.028985507246376774,0.5,0.0,0.5,0.5,1.0,1.0,0.5,0.0,1.0,0.0,0.5,0.0
1238,0.10144927536231885,0.5,0.5,0.75,1.0,1.0,0.0,0.5,0.0,1.0,0.0,1.0,1.0
1239,0.08695652173913043,0.0,0.5,0.25,0.0,1.0,0.0,1.0,1.0,0.0,0.0,0.5,0.0
1240,0.024154589371980673,0.5,1.0,0.5,0.5,0.0,0.0,0.5,0.0,0.0,1.0,0.5,0.0
1241,0.09661835748792269,0.5,0.5,0.5,0.0,0.0,1.0,0.0,1.0,0.0,1.0,0.0,0.0
1242,0.07729468599033817,0.0,1.0,0.25,1.0,1.0,0.0,0.5,0.0,0.0,1.0,0.0,1.0
1243,0.19806763285024154,0.5,1.0,0.5,0.5,1.0,0.0,0.0,1.0,1.0,1.0,0.0,1.0
1244,0.15942028985507245,0.5,0.0,1.0,0.5,1.0,1.0,0.0,1.0,1.0,0.0,1.0,1.0
1245,0.07729468599033817,0.5,1.0,0.25,0.0,1.0,0.0,1.0,1.0,1.0,1.0,0.5,0.0
1246,0.08695652173913043,0.5,0.5,0.75,1.0,1.0,1.0,0.5,0.0,1.0,1.0,1.0,1.0
1247,0.15942028985507245,0.0,0.5,0.25,0.5,1.0,1.0,1.0,1.0,0.0,1.0,0.5,1.0
1248,0.10628019323671495,1.0,0.0,0.75,0.0,0.0,1.0,0.5,1.0,1.0,0.0,1.0,0.0
1249,0.1497584541062802,0.5,0.5,1.0,1.0,0.0,0.0,0.0,0.0,0.0,0.0,1.0,1.0
1250,0.0,1.0,0.0,0.75,0.5,0.0,1.0,0.5,0.0,1.0,0.0,1.0,0.0
1251,0.0,0.5,0.5,0.25,0.5,1.0,0.0,1.0,0.0,1.0,0.0,0.5,0.0
1252,0.048309178743961345,0.5,1.0,0.5,1.0,1.0,0.0,0.5,0.0,1.0,1.0,0.5,1.0
1253,0.14492753623188404,0.0,0.5,0.25,0.5,1.0,1.0,0.5,1.0,0.0,1.0,0.0,1.0
1254,0.10628019323671495,0.5,0.5,1.0,0.0,0.0,1.0,0.0,1.0,0.0,1.0,1.0,0.0
1255,0.12560386473429952,1.0,0.5,0.0,1.0,0.0,1.0,1.0,0.0,1.0,1.0,0.0,1.0
1256,0.2028985507246377,1.0,0.5,0.25,0.5,0.0,0.0,0.5,1.0,1.0,0.0,0.0,1.0
1257,0.1690821256038647,0.5,1.0,1.0,0.5,1.0,0.0,0.0,1.0,1.0,1.0,1.0,1.0
1258,0.13043478260869562,1.0,0.5,1.0,1.0,0.0,0.0,0.0,0.0,1.0,0.0,1.0,1.0
1259,0.13526570048309178,0.0,0.5,0.75,1.0,1.0,0.0,0.5,0.0,0.0,0.0,1.0,1.0
1260,0.23671497584541057,1.0,1.0,0.25,0.5,0.0,0.0,1.0,1.0,1.0,1.0,0.5,1.0
1261,0.27053140096618356,0.5,0.5,0.25,0.5,1.0,1.0,0.5,1.0,1.0,1.0,0.0,1.0
1262,0.1642512077294686,0.0,0.5,0.5,0.0,1.0,1.0,0.0,1.0,0.0,1.0,0.0,0.0
1263,0.08212560386473428,1.0,0.5,0.5,0.5,0.0,1.0,0.0,0.0,1.0,1.0,0.0,0.0
1264,0.12560386473429952,1.0,0.0,0.5,0.0,0.0,1.0,1.0,1.0,1.0,0.0,1.0,0.0
1265,0.12560386473429952,0.0,0.5,0.0,1.0,1.0,0.0,1.0,0.0,0.0,0.0,0.0,1.0
1266,0.1159420289855072,0.5,0.5,0.75,0.0,0.0,1.0,0.5,1.0,0.0,1.0,1.0,0.0
1267,0.053140096618357446,1.0,0.5,0.25,0.5,0.0,0.0,1.0,0.0,1.0,0.0,0.5,0.0
1268,0.07246376811594202,0.5,1.0,0.25,0.5,1.0,0.0,0.5,0.0,1.0,1.0,0.0,0.0
1269,0.024154589371980673,0.0,0.0,0.75,0.5,1.0,1.0,0.0,0.0,0.0,0.0,0.5,0.0
1270,0.0579710144927536,1.0,0.5,1.0,0.5,0.0,0.0,0.0,0.0,1.0,0.0,1.0,0.0
1271,0.1642512077294686,0.0,1.0,0.5,1.0,1.0,0.0,1.0,0.0,0.0,1.0,1.0,1.0
1272,0.2125603864734299,0.5,0.5,0.25,0.5,0.0,1.0,1.0,1.0,0.0,1.0,0.5,1.0
1273,0.20772946859903385,0.5,0.0,0.5,0.5,0.0,1.0,0.5,1.0,0.0,0.0,0.5,1.0
1274,0.1690821256038647,0.5,0.5,0.25,0.5,0.0,0.0,0.5,1.0,0.0,0.0,0.0,1.0
1275,0.22705314009661837,1.0,1.0,0.75,0.5,0.0,0.0,0.0,1.0,1.0,1.0,0.5,1.0
1276,0.1545893719806763,0.0,0.5,0.75,1.0,1.0,1.0,0.0,0.0,0.0,1.0,0.5,1.0
1277,0.09178743961352653,0.5,0.5,0.0,0.0,1.0,0.0,1.0,1.0,1.0,0.0,0.0,0.0
1278,0.0579710144927536,0.0,1.0,0.5,0.5,1.0,0.0,0.0,0.0,0.0,1.0,0.0,0.0
1279,0.09661835748792269,0.0,0.5,0.5,0.0,1.0,0.0,0.0,1.0,0.0,0.0,0.0,0.0
1280,0.10628019323671495,0.5,0.5,0.5,1.0,0.0,0.0,0.0,0.0,0.0,0.0,0.0,1.0
1281,0.09661835748792269,1.0,0.5,0.5,0.5,0.0,1.0,0.5,0.0,1.0,1.0,0.5,0.0
1282,0.07729468599033817,1.0,0.5,0.25,1.0,0.0,0.0,1.0,0.0,1.0,0.0,0.5,1.0
1283,0.04347826086956519,1.0,0.0,0.0,0.5,0.0,1.0,1.0,0.0,1.0,0.0,0.0,0.0
1284,0.07246376811594202,0.5,1.0,0.75,0.5,1.0,0.0,0.0,0.0,1.0,1.0,0.5,0.0
1285,0.1642512077294686,0.0,0.5,0.5,1.0,1.0,1.0,0.5,0.0,0.0,1.0,0.5,1.0
1286,0.17391304347826086,0.0,0.5,0.25,0.0,1.0,1.0,0.5,1.0,0.0,1.0,0.0,0.0
1287,0.19323671497584538,1.0,0.5,1.0,1.0,0.0,1.0,0.0,0.0,1.0,1.0,1.0,1.0
1288,0.048309178743961345,1.0,0.5,0.0,0.5,0.0,0.0,1.0,0.0,1.0,0.0,0.0,0.0
1289,0.10144927536231885,0.5,0.5,0.25,0.0,1.0,1.0,0.5,1.0,1.0,1.0,0.0,0.0
1290,0.15942028985507245,0.5,0.5,1.0,1.0,1.0,1.0,0.0,0.0,1.0,1.0,1.0,1.0
1291,0.2753623188405797,0.0,0.5,0.0,0.5,1.0,1.0,1.0,1.0,0.0,1.0,0.0,1.0
1292,0.06763285024154586,0.0,0.5,0.5,1.0,1.0,0.0,0.5,0.0,0.0,0.0,0.5,1.0
1293,0.14009661835748793,0.0,1.0,0.25,1.0,1.0,0.0,1.0,0.0,0.0,1.0,0.5,1.0
1294,0.09661835748792269,0.5,1.0,0.5,1.0,0.0,0.0,0.0,0.0,0.0,1.0,0.0,1.0
1295,0.2125603864734299,1.0,0.5,0.5,0.5,0.0,1.0,0.0,1.0,1.0,1.0,0.0,1.0
1296,0.19323671497584538,0.5,0.5,0.75,0.0,1.0,1.0,0.0,1.0,1.0,1.0,0.5,0.0
1297,0.1690821256038647,0.0,0.5,0.75,1.0,1.0,1.0,0.5,0.0,0.0,1.0,1.0,1.0
1298,0.1545893719806763,0.5,0.0,0.5,0.0,0.0,1.0,1.0,1.0,0.0,0.0,1.0,0.0
1299,0.14009661835748793,0.0,0.0,1.0,1.0,1.0,1.0,0.0,0.0,0.0,0.0,1.0,1.0
1300,0.14009661835748793,0.5,0.5,0.25,0.0,0.0,0.0,1.0,1.0,0.0,0.0,0.5,0.0
1301,0.13043478260869562,1.0,1.0,0.5,1.0,0.0,0.0,0.5,0.0,1.0,1.0,0.5,1.0
1302,0.13043478260869562,0.0,0.5,0.75,0.0,1.0,1.0,0.5,1.0,0.0,1.0,1.0,0.0
1303,0.09178743961352653,0.5,0.5,0.75,1.0,0.0,1.0,0.5,0.0,0.0,1.0,1.0,1.0
1304,0.18840579710144928,1.0,0.5,0.5,0.5,0.0,1.0,1.0,1.0,1.0,1.0,1.0,1.0
1305,0.17874396135265697,1.0,1.0,0.0,0.0,0.0,0.0,1.0,1.0,1.0,1.0,0.0,0.0
1306,0.08212560386473428,0.5,0.5,0.75,0.5,1.0,1.0,0.0,0.0,1.0,1.0,0.5,0.0
1307,0.053140096618357446,0.0,0.5,0.25,0.5,1.0,1.0,0.5,0.0,0.0,1.0,0.0,0.0
1308,0.09178743961352653,1.0,0.0,0.5,1.0,0.0,1.0,0.0,0.0,1.0,0.0,0.0,1.0
1309,0.14009661835748793,0.0,0.0,0.5,0.0,1.0,1.0,0.5,1.0,0.0,0.0,0.5,0.0
1310,0.028985507246376774,0.0,0.0,0.75,0.5,1.0,1.0,0.5,0.0,0.0,0.0,1.0,0.0
1311,0.053140096618357446,1.0,0.5,0.25,0.5,0.0,0.0,1.0,0.0,1.0,0.0,0.5,0.0
1312,0.024154589371980673,0.0,0.0,0.75,0.5,1.0,1.0,0.0,0.0,0.0,0.0,0.5,0.0
1313,0.0,0.5,0.5,0.25,0.5,0.0,0.0,0.5,0.0,0.0,0.0,0.0,0.0
1314,0.0579710144927536,1.0,0.5,1.0,0.5,0.0,0.0,0.0,0.0,1.0,0.0,1.0,0.0
1315,0.1642512077294686,0.0,1.0,0.5,1.0,1.0,0.0,1.0,0.0,0.0,1.0,1.0,1.0
1316,0.2125603864734299,0.5,0.5,0.25,0.5,0.0,1.0,1.0,1.0,0.0,1.0,0.5,1.0
1317,0.1690821256038647,0.5,0.5,0.25,0.5,0.0,0.0,0.5,1.0,0.0,0.0,0.0,1.0
1318,0.22705314009661837,1.0,1.0,0.75,0.5,0.0,0.0,0.0,1.0,1.0,1.0,0.5,1.0
1319,0.1545893719806763,0.5,0.0,0.25,0.5,1.0,1.0,0.5,1.0,1.0,0.0,0.0,1.0
1320,0.22705314009661837,0.0,0.5,0.75,0.5,1.0,0.0,0.5,1.0,0.0,0.0,1.0,1.0
1321,0.20772946859903385,1.0,0.5,0.0,0.0,0.0,0.0,1.0,1.0,1.0,0.0,0.0,0.0
1322,0.15942028985507245,0.0,1.0,0.5,1.0,1.0,0.0,0.0,0.0,0.0,1.0,0.0,1.0
1323,0.13043478260869562,1.0,0.5,0.75,0.0,0.0,1.0,0.5,1.0,1.0,1.0,1.0,0.0
1324,0.06280193236714976,0.0,0.5,0.0,0.5,1.0,1.0,1.0,0.0,0.0,1.0,0.0,0.0
1325,0.15942028985507245,1.0,0.0,1.0,1.0,0.0,1.0,0.0,0.0,1.0,0.0,1.0,1.0
1326,0.19323671497584538,1.0,0.0,1.0,0.5,0.0,1.0,0.0,1.0,1.0,0.0,1.0,1.0
1327,0.07246376811594202,0.5,0.5,0.25,1.0,1.0,1.0,1.0,0.0,1.0,1.0,0.5,1.0
1328,0.13526570048309178,0.0,0.0,0.5,0.5,1.0,1.0,0.5,1.0,0.0,0.0,0.5,1.0
1329,0.2028985507246377,0.0,0.5,0.25,0.5,1.0,0.0,0.5,1.0,0.0,0.0,0.0,1.0
1330,0.24637681159420288,1.0,1.0,1.0,0.5,0.0,0.0,0.0,1.0,1.0,1.0,1.0,1.0
1331,0.13526570048309178,0.5,0.5,0.0,0.0,1.0,1.0,1.0,1.0,1.0,1.0,0.0,0.0
1332,0.019323671497584516,0.0,0.0,0.5,0.5,1.0,1.0,0.0,0.0,0.0,0.0,0.0,0.0
1333,0.15942028985507245,0.5,0.0,1.0,0.0,1.0,1.0,0.0,1.0,1.0,0.0,1.0,0.0
1334,0.019323671497584516,0.0,0.5,0.5,0.5,1.0,1.0,1.0,0.0,0.0,1.0,1.0,0.0
1335,0.1545893719806763,0.5,0.5,0.0,1.0,0.0,1.0,1.0,0.0,0.0,1.0,0.0,1.0
1336,0.22705314009661837,1.0,0.5,0.75,0.5,0.0,1.0,0.0,1.0,1.0,1.0,0.5,1.0
1337,0.19323671497584538,0.5,0.5,0.75,0.5,1.0,1.0,0.5,1.0,1.0,1.0,1.0,1.0
1338,0.25120772946859904,0.5,0.0,0.5,0.5,1.0,1.0,1.0,1.0,1.0,0.0,1.0,1.0
1339,0.17391304347826086,0.0,0.5,0.0,0.0,1.0,0.0,1.0,1.0,0.0,0.0,0.0,0.0
1340,0.08212560386473428,0.5,0.5,1.0,0.5,0.0,0.0,0.0,0.0,0.0,0.0,1.0,0.0
1341,0.10628019323671495,0.5,0.5,0.25,1.0,0.0,0.0,1.0,0.0,0.0,0.0,0.5,1.0
1342,0.2028985507246377,0.5,0.5,0.25,0.5,1.0,1.0,1.0,1.0,1.0,1.0,0.5,1.0
1343,0.19806763285024154,0.5,0.0,0.5,0.5,1.0,1.0,0.5,1.0,1.0,0.0,0.5,1.0
1344,0.2946859903381642,0.0,0.5,1.0,0.5,1.0,0.0,0.0,1.0,0.0,0.0,1.0,1.0
1345,0.41062801932367143,1.0,1.0,0.0,0.5,0.0,0.0,1.0,1.0,1.0,1.0,0.0,1.0
1346,0.2995169082125604,0.0,0.5,1.0,0.5,1.0,1.0,0.0,1.0,0.0,1.0,1.0,1.0
1347,0.048309178743961345,0.5,0.5,0.5,0.0,0.0,1.0,1.0,1.0,0.0,1.0,1.0,0.0
1348,0.07729468599033817,0.5,0.0,0.25,1.0,0.0,1.0,1.0,0.0,0.0,0.0,0.5,1.0
1349,0.2028985507246377,0.5,0.0,0.5,0.5,0.0,1.0,1.0,1.0,0.0,0.0,1.0,1.0
1350,0.18840579710144928,0.5,1.0,0.0,0.5,0.0,0.0,1.0,1.0,0.0,1.0,0.0,1.0
1351,0.18357487922705312,0.5,0.0,0.5,0.5,0.0,1.0,0.0,1.0,0.0,0.0,0.0,1.0
1352,0.13526570048309178,0.5,0.5,0.75,0.0,0.0,0.0,0.0,1.0,0.0,0.0,0.5,0.0
1353,0.12560386473429952,0.5,0.5,0.5,1.0,0.0,0.0,0.5,0.0,0.0,0.0,0.5,1.0
1354,0.13043478260869562,1.0,0.5,0.75,0.0,0.0,0.0,0.5,1.0,1.0,0.0,1.0,0.0
1355,0.10628019323671495,0.5,0.0,0.5,0.5,0.0,1.0,0.0,0.0,0.0,0.0,0.0,0.0
1356,0.07246376811594202,0.5,1.0,0.75,0.5,0.0,0.0,0.0,0.0,0.0,1.0,0.5,0.0
1357,0.08212560386473428,0.5,0.5,0.75,0.5,0.0,1.0,0.5,0.0,0.0,1.0,1.0,0.0
1358,0.18840579710144928,1.0,0.5,0.5,0.5,0.0,1.0,1.0,1.0,1.0,1.0,1.0,1.0
1359,0.23671497584541057,0.0,0.0,0.5,0.5,1.0,1.0,1.0,1.0,0.0,0.0,1.0,1.0
1360,0.17874396135265697,1.0,1.0,0.0,0.0,0.0,0.0,1.0,1.0,1.0,1.0,0.0,0.0
1361,0.08212560386473428,0.5,0.5,0.75,0.5,1.0,1.0,0.0,0.0,1.0,1.0,0.5,0.0
1362,0.053140096618357446,0.0,0.5,0.25,0.5,1.0,1.0,0.5,0.0,0.0,1.0,0.0,0.0
1363,0.09178743961352653,1.0,0.0,0.5,1.0,0.0,1.0,0.0,0.0,1.0,0.0,0.0,1.0
1364,0.18357487922705312,0.5,0.5,1.0,0.5,1.0,0.0,0.0,1.0,1.0,0.0,1.0,1.0
1365,0.23188405797101452,0.5,1.0,0.25,0.5,1.0,0.0,1.0,1.0,1.0,1.0,0.5,1.0
1366,0.12077294685990336,0.5,0.5,0.5,0.0,1.0,0.0,0.5,1.0,1.0,0.0,0.5,0.0
1367,0.2222222222222222,0.5,0.0,0.75,0.5,0.0,1.0,0.5,1.0,0.0,0.0,1.0,1.0
1368,0.10144927536231885,0.5,0.5,0.0,0.0,0.0,0.0,1.0,1.0,0.0,0.0,0.0,0.0
1369,0.024154589371980673,0.5,1.0,0.75,0.5,0.0,0.0,0.0,0.0,0.0,1.0,0.5,0.0
1370,0.04347826086956519,0.5,0.0,0.75,0.5,0.0,1.0,0.5,0.0,0.0,0.0,1.0,0.0
1371,0.13043478260869562,1.0,1.0,0.0,1.0,0.0,0.0,1.0,0.0,1.0,1.0,0.0,1.0
1372,0.21739130434782605,0.0,0.0,0.5,0.5,1.0,1.0,0.0,1.0,0.0,0.0,0.0,1.0
1373,0.12560386473429952,1.0,0.5,1.0,0.0,0.0,0.0,0.0,1.0,1.0,0.0,1.0,0.0
1374,0.024154589371980673,1.0,1.0,0.5,0.5,0.0,0.0,1.0,0.0,1.0,1.0,1.0,0.0
1375,0.053140096618357446,0.0,0.5,0.0,0.5,1.0,1.0,1.0,0.0,0.0,1.0,0.0,0.0
1376,0.20772946859903385,0.5,0.0,0.25,0.5,0.0,1.0,1.0,1.0,0.0,0.0,0.5,1.0
1377,0.10628019323671495,1.0,0.5,0.25,0.0,0.0,0.0,0.5,1.0,1.0,0.0,0.0,0.0
1378,0.13526570048309178,0.5,1.0,0.75,1.0,1.0,0.0,0.0,0.0,1.0,1.0,0.5,1.0
1379,0.13043478260869562,1.0,1.0,0.5,0.0,0.0,0.0,0.0,1.0,1.0,1.0,0.0,0.0
1380,0.09661835748792269,0.5,0.5,0.5,1.0,1.0,1.0,0.0,0.0,1.0,1.0,0.0,1.0
1381,0.1642512077294686,0.0,0.0,1.0,0.5,1.0,1.0,0.0,1.0,0.0,0.0,1.0,1.0
1382,0.13526570048309178,0.5,0.0,0.75,0.0,0.0,1.0,0.0,1.0,0.0,0.0,0.5,0.0
1383,0.03864734299516909,0.5,1.0,0.5,0.5,0.0,0.0,0.5,0.0,0.0,1.0,0.5,0.0
1384,0.13043478260869562,1.0,0.0,0.25,1.0,0.0,1.0,0.5,0.0,1.0,0.0,0.0,1.0
1385,0.13043478260869562,0.5,1.0,0.0,1.0,1.0,0.0,1.0,0.0,1.0,1.0,0.0,1.0
1386,0.19323671497584538,0.5,0.5,1.0,0.5,1.0,1.0,0.0,1.0,1.0,1.0,1.0,1.0
1387,0.053140096618357446,1.0,1.0,1.0,0.5,0.0,0.0,0.0,0.0,1.0,1.0,1.0,0.0
1388,0.1545893719806763,0.0,0.0,0.75,1.0,1.0,1.0,0.0,0.0,0.0,0.0,0.5,1.0
1389,0.18357487922705312,1.0,1.0,0.75,0.0,0.0,0.0,0.5,1.0,1.0,1.0,1.0,0.0
1390,0.09661835748792269,0.0,0.0,0.25,0.5,1.0,1.0,1.0,0.0,0.0,0.0,0.5,0.0
1391,0.1497584541062802,0.5,0.5,0.5,1.0,1.0,1.0,0.5,0.0,1.0,1.0,0.5,1.0
1392,0.18840579710144928,0.5,0.5,0.75,0.0,1.0,1.0,0.5,1.0,1.0,1.0,1.0,0.0
1393,0.2125603864734299,0.5,0.5,0.25,0.0,0.0,1.0,0.5,1.0,0.0,1.0,0.0,0.0
1394,0.13526570048309178,0.5,0.0,0.75,0.5,0.0,1.0,0.0,0.0,0.0,0.0,0.5,0.0
1395,0.1159420289855072,0.5,0.0,0.5,1.0,1.0,1.0,0.0,0.0,1.0,0.0,0.0,1.0
1396,0.07246376811594202,0.0,0.5,1.0,0.0,1.0,0.0,0.0,1.0,0.0,0.0,1.0,0.0
1397,0.15942028985507245,0.5,1.0,0.5,0.0,0.0,0.0,0.5,1.0,0.0,1.0,0.5,0.0
1398,0.12560386473429952,0.5,0.5,0.5,0.0,0.0,0.0,1.0,1.0,0.0,0.0,1.0,0.0
1399,0.0579710144927536,1.0,1.0,0.5,0.5,0.0,0.0,0.5,0.0,1.0,1.0,0.5,0.0
1400,0.07729468599033817,0.0,0.5,0.75,0.5,1.0,1.0,0.5,0.0,0.0,1.0,1.0,0.0
1401,0.053140096618357446,1.0,0.0,0.5,0.5,0.0,1.0,1.0,0.0,1.0,0.0,1.0,0.0
1402,0.09661835748792269,0.0,1.0,0.0,1.0,1.0,0.0,1.0,0.0,0.0,1.0,0.0,1.0
1403,0.19806763285024154,0.5,0.5,1.0,0.5,0.0,1.0,0.0,1.0,0.0,1.0,1.0,1.0
1404,0.23188405797101452,0.5,0.5,0.25,0.5,0.0,1.0,1.0,1.0,0.0,1.0,0.5,1.0
1405,0.24637681159420288,0.5,0.0,0.25,0.5,0.0,1.0,0.5,1.0,0.0,0.0,0.0,1.0
1406,0.1111111111111111,0.5,0.5,0.75,0.5,1.0,0.0,0.0,0.0,1.0,0.0,0.5,0.0
1407,0.13043478260869562,0.5,0.5,0.75,1.0,0.0,0.0,0.5,0.0,0.0,0.0,1.0,1.0
1408,0.10628019323671495,1.0,0.5,0.25,0.0,0.0,0.0,1.0,1.0,1.0,0.0,0.5,0.0
1409,0.10144927536231885,0.0,1.0,0.0,0.0,1.0,0.0,1.0,1.0,0.0,1.0,0.0,0.0
1410,0.10144927536231885,1.0,0.5,0.5,0.0,0.0,1.0,0.0,1.0,1.0,1.0,0.0,0.0
1411,0.13043478260869562,0.5,0.0,0.5,0.0,1.0,1.0,1.0,1.0,1.0,0.0,1.0,0.0
1412,0.10628019323671495,0.5,1.0,0.5,1.0,0.0,0.0,1.0,0.0,0.0,1.0,1.0,1.0
1413,0.2028985507246377,0.5,0.0,0.5,0.5,0.0,1.0,1.0,1.0,0.0,0.0,1.0,1.0
1414,0.18840579710144928,0.5,1.0,0.0,0.5,0.0,0.0,1.0,1.0,0.0,1.0,0.0,1.0
1415,0.13526570048309178,0.5,0.5,0.75,0.0,0.0,0.0,0.0,1.0,0.0,0.0,0.5,0.0
1416,0.12560386473429952,0.5,0.5,0.5,1.0,0.0,0.0,0.5,0.0,0.0,0.0,0.5,1.0
1417,0.13043478260869562,1.0,0.5,0.75,0.0,0.0,0.0,0.5,1.0,1.0,0.0,1.0,0.0
1418,0.10628019323671495,0.5,0.0,0.5,0.5,0.0,1.0,0.0,0.0,0.0,0.0,0.0,0.0
1419,0.07246376811594202,0.5,1.0,0.75,0.5,0.0,0.0,0.0,0.0,0.0,1.0,0.5,0.0
1420,0.08212560386473428,0.5,0.5,0.75,0.5,0.0,1.0,0.5,0.0,0.0,1.0,1.0,0.0
1421,0.06763285024154586,0.0,0.5,0.75,0.0,1.0,0.0,0.0,1.0,0.0,0.0,0.5,0.0
1422,0.028985507246376774,1.0,0.5,0.5,0.5,0.0,0.0,0.5,0.0,1.0,0.0,0.5,0.0
1423,0.028985507246376774,0.5,1.0,0.5,0.5,1.0,0.0,0.5,0.0,1.0,1.0,0.5,0.0
1424,0.08212560386473428,0.5,0.0,0.5,1.0,0.0,1.0,0.5,0.0,0.0,0.0,0.5,1.0
1425,0.07729468599033817,0.5,0.5,0.25,0.0,0.0,0.0,0.5,1.0,0.0,0.0,0.0,0.0
1426,0.08212560386473428,0.5,1.0,0.75,1.0,0.0,0.0,0.0,0.0,0.0,1.0,0.5,1.0
1427,0.19323671497584538,1.0,0.5,0.75,0.5,0.0,1.0,0.5,1.0,1.0,1.0,1.0,1.0
1428,0.9082125603864735,0.5,0.0,0.25,1.0,1.0,1.0,0.5,0.0,1.0,0.0,0.0,1.0
1429,0.1545893719806763,0.0,0.0,0.75,1.0,1.0,1.0,0.0,0.0,0.0,0.0,0.5,1.0
1430,0.18357487922705312,1.0,1.0,0.75,0.0,0.0,0.0,0.5,1.0,1.0,1.0,1.0,0.0
1431,0.09661835748792269,0.0,0.0,0.25,0.5,1.0,1.0,1.0,0.0,0.0,0.0,0.5,0.0
1432,0.19323671497584538,1.0,0.5,1.0,0.5,0.0,0.0,0.0,1.0,1.0,0.0,1.0,1.0
1433,0.08212560386473428,0.5,0.0,0.5,1.0,0.0,1.0,0.5,0.0,0.0,0.0,0.5,1.0
1434,0.07729468599033817,0.5,0.5,0.25,0.0,0.0,0.0,0.5,1.0,0.0,0.0,0.0,0.0
1435,0.08212560386473428,0.5,1.0,0.75,1.0,0.0,0.0,0.0,0.0,0.0,1.0,0.5,1.0
1436,0.19323671497584538,1.0,0.5,0.75,0.5,0.0,1.0,0.5,1.0,1.0,1.0,1.0,1.0
1437,0.14009661835748793,0.5,1.0,0.75,1.0,0.0,0.0,0.5,0.0,0.0,1.0,1.0,1.0
1438,0.14009661835748793,0.5,1.0,0.5,0.0,0.0,0.0,1.0,1.0,0.0,1.0,1.0,0.0
1439,0.07729468599033817,1.0,0.0,0.25,0.5,0.0,1.0,1.0,0.0,1.0,0.0,0.5,0.0
1440,0.053140096618357446,0.5,0.5,0.25,0.5,1.0,0.0,0.5,0.0,1.0,0.0,0.0,0.0
1441,0.014492753623188415,0.5,0.5,1.0,0.5,1.0,0.0,0.0,0.0,1.0,0.0,1.0,0.0
1442,0.1159420289855072,0.5,0.5,0.25,1.0,1.0,0.0,1.0,0.0,1.0,0.0,0.5,1.0
1443,0.2560386473429952,0.0,1.0,0.25,0.5,1.0,0.0,0.5,1.0,0.0,1.0,0.0,1.0
1444,0.21739130434782605,1.0,0.0,0.5,0.5,0.0,1.0,0.0,1.0,1.0,0.0,0.0,1.0
1445,0.0579710144927536,0.5,0.0,0.25,0.5,0.0,1.0,1.0,0.0,0.0,0.0,0.5,0.0
1446,0.1545893719806763,1.0,0.5,0.5,0.0,0.0,1.0,1.0,1.0,1.0,1.0,1.0,0.0
1447,0.2753623188405797,0.5,0.0,1.0,0.5,0.0,1.0,0.0,1.0,0.0,0.0,1.0,1.0
1448,0.28019323671497587,1.0,0.5,0.0,0.5,0.0,0.0,1.0,1.0,1.0,0.0,0.0,1.0
1449,0.1642512077294686,0.5,0.5,0.75,0.0,1.0,0.0,0.0,1.0,1.0,0.0,0.5,0.0
1450,0.2028985507246377,0.5,1.0,0.25,1.0,1.0,0.0,0.5,0.0,1.0,1.0,0.0,1.0
1451,0.18357487922705312,0.0,0.0,1.0,0.0,1.0,1.0,0.0,1.0,0.0,0.0,1.0,0.0
1452,0.1111111111111111,1.0,1.0,0.25,1.0,0.0,0.0,1.0,0.0,1.0,1.0,0.5,1.0
1453,0.14492753623188404,0.5,0.5,0.5,0.0,1.0,1.0,0.5,1.0,1.0,1.0,0.5,0.0
1454,0.08212560386473428,1.0,0.5,0.25,1.0,0.0,0.0,0.5,0.0,1.0,0.0,0.0,1.0
1455,0.09661835748792269,0.5,1.0,0.75,0.0,1.0,0.0,0.0,1.0,1.0,1.0,0.5,0.0
1456,0.03864734299516909,0.0,0.0,0.25,0.5,1.0,1.0,0.5,0.0,0.0,0.0,0.0,0.0
1457,0.028985507246376774,1.0,0.5,0.75,0.5,0.0,0.0,0.0,0.0,1.0,0.0,0.5,0.0
1458,0.019323671497584516,0.5,0.5,0.75,0.5,1.0,0.0,0.5,0.0,1.0,0.0,1.0,0.0
1459,0.009661835748792258,0.0,1.0,0.5,0.5,1.0,0.0,1.0,0.0,0.0,1.0,1.0,0.0
1460,0.1159420289855072,1.0,1.0,0.25,1.0,0.0,0.0,1.0,0.0,1.0,1.0,0.5,1.0
1461,0.2222222222222222,0.0,0.0,0.75,0.5,1.0,1.0,0.5,1.0,0.0,0.0,1.0,1.0
1462,0.1497584541062802,0.5,1.0,0.0,0.0,0.0,0.0,1.0,1.0,0.0,1.0,0.0,0.0
1463,0.09661835748792269,0.5,1.0,0.75,0.0,1.0,0.0,0.0,1.0,1.0,1.0,0.5,0.0
1464,0.1497584541062802,0.0,0.0,0.25,1.0,1.0,1.0,0.5,0.0,0.0,0.0,0.0,1.0
1465,0.19806763285024154,1.0,0.5,0.75,0.5,0.0,0.0,0.0,1.0,1.0,0.0,0.5,1.0
1466,0.22705314009661837,0.0,0.5,0.75,0.5,1.0,0.0,0.5,1.0,0.0,0.0,1.0,1.0
1467,0.20772946859903385,1.0,0.5,0.0,0.0,0.0,0.0,1.0,1.0,1.0,0.0,0.0,0.0
1468,0.19806763285024154,0.5,0.5,0.75,0.5,0.0,1.0,0.0,1.0,0.0,1.0,0.5,1.0
1469,0.13043478260869562,1.0,0.5,0.75,0.0,0.0,1.0,0.5,1.0,1.0,1.0,1.0,0.0
1470,0.06280193236714976,0.0,0.5,0.0,0.5,1.0,1.0,1.0,0.0,0.0,1.0,0.0,0.0
1471,0.15942028985507245,1.0,0.0,1.0,1.0,0.0,1.0,0.0,0.0,1.0,0.0,1.0,1.0
1472,0.12560386473429952,0.5,0.5,0.5,0.0,0.0,0.0,1.0,1.0,0.0,0.0,1.0,0.0
1473,0.06763285024154586,0.5,0.5,0.25,0.5,0.0,0.0,1.0,0.0,0.0,0.0,0.5,0.0
1474,0.0579710144927536,1.0,1.0,0.5,0.5,0.0,0.0,0.5,0.0,1.0,1.0,0.5,0.0
1475,0.07729468599033817,0.0,0.5,0.75,0.5,1.0,1.0,0.5,0.0,0.0,1.0,1.0,0.0
1476,0.053140096618357446,1.0,0.0,0.5,0.5,0.0,1.0,1.0,0.0,1.0,0.0,1.0,0.0
1477,0.09661835748792269,0.0,1.0,0.0,1.0,1.0,0.0,1.0,0.0,0.0,1.0,0.0,1.0
1478,0.19806763285024154,0.5,0.5,1.0,0.5,0.0,1.0,0.0,1.0,0.0,1.0,1.0,1.0
1479,0.24637681159420288,0.5,0.0,0.25,0.5,0.0,1.0,0.5,1.0,0.0,0.0,0.0,1.0
1480,0.1497584541062802,1.0,0.5,0.5,0.0,0.0,0.0,0.0,1.0,1.0,0.0,0.0,0.0
1481,0.1111111111111111,0.5,0.5,0.75,0.5,1.0,0.0,0.0,0.0,1.0,0.0,0.5,0.0
1482,0.15942028985507245,0.5,0.0,0.25,1.0,1.0,1.0,1.0,0.0,1.0,0.0,0.5,1.0
1483,0.12077294685990336,0.5,0.5,0.5,0.0,1.0,0.0,0.5,1.0,1.0,0.0,0.5,0.0
1484,0.13043478260869562,0.0,1.0,0.5,1.0,1.0,0.0,0.5,0.0,0.0,1.0,0.5,1.0
1485,0.2222222222222222,0.5,0.0,0.75,0.5,0.0,1.0,0.5,1.0,0.0,0.0,1.0,1.0
1486,0.10144927536231885,0.5,0.5,0.0,0.0,0.0,0.0,1.0,1.0,0.0,0.0,0.0,0.0
1487,0.024154589371980673,0.5,1.0,0.75,0.5,0.0,0.0,0.0,0.0,0.0,1.0,0.5,0.0
1488,0.04347826086956519,0.5,0.0,0.75,0.5,0.0,1.0,0.5,0.0,0.0,0.0,1.0,0.0
1489,0.13043478260869562,1.0,1.0,0.0,1.0,0.0,0.0,1.0,0.0,1.0,1.0,0.0,1.0
1490,0.028985507246376774,0.0,0.0,0.75,0.5,1.0,1.0,0.5,0.0,0.0,0.0,1.0,0.0
1491,0.053140096618357446,1.0,0.5,0.25,0.5,0.0,0.0,1.0,0.0,1.0,0.0,0.5,0.0
1492,0.07246376811594202,0.5,1.0,0.25,0.5,1.0,0.0,0.5,0.0,1.0,1.0,0.0,0.0
1493,0.024154589371980673,0.0,0.0,0.75,0.5,1.0,1.0,0.0,0.0,0.0,0.0,0.5,0.0
1494,0.0,0.5,0.5,0.25,0.5,0.0,0.0,0.5,0.0,0.0,0.0,0.0,0.0
1495,0.0579710144927536,1.0,0.5,1.0,0.5,0.0,0.0,0.0,0.0,1.0,0.0,1.0,0.0
1496,0.1642512077294686,0.0,1.0,0.5,1.0,1.0,0.0,1.0,0.0,0.0,1.0,1.0,1.0
1497,0.2125603864734299,0.5,0.5,0.25,0.5,0.0,1.0,1.0,1.0,0.0,1.0,0.5,1.0
1498,0.1690821256038647,0.5,0.5,0.25,0.5,0.0,0.0,0.5,1.0,0.0,0.0,0.0,1.0
1499,0.09178743961352653,0.5,0.5,0.0,0.0,1.0,0.0,1.0,1.0,1.0,0.0,0.0,0.0
1500,0.0579710144927536,0.5,0.5,1.0,0.5,0.0,1.0,0.0,0.0,0.0,1.0,1.0,0.0
1501,0.10144927536231885,1.0,0.0,0.0,1.0,0.0,1.0,1.0,0.0,1.0,0.0,0.0,1.0
1502,0.09661835748792269,0.0,0.5,0.5,0.0,1.0,0.0,0.0,1.0,0.0,0.0,0.0,0.0
1503,0.10628019323671495,0.5,0.5,0.5,1.0,0.0,0.0,0.0,0.0,0.0,0.0,0.0,1.0
1504,0.09178743961352653,0.5,0.5,1.0,0.0,0.0,0.0,0.0,1.0,0.0,0.0,1.0,0.0
1505,0.014492753623188415,0.5,1.0,0.25,0.5,0.0,0.0,1.0,0.0,0.0,1.0,0.5,0.0
1506,0.09661835748792269,1.0,0.5,0.5,0.5,0.0,1.0,0.5,0.0,1.0,1.0,0.5,0.0
1507,0.09661835748792269,0.5,1.0,0.75,0.0,1.0,0.0,0.0,1.0,1.0,1.0,0.5,0.0
1508,0.03864734299516909,0.0,0.0,0.25,0.5,1.0,1.0,0.5,0.0,0.0,0.0,0.0,0.0
1509,0.019323671497584516,0.5,0.5,0.75,0.5,1.0,0.0,0.5,0.0,1.0,0.0,1.0,0.0
1510,0.009661835748792258,0.0,1.0,0.5,0.5,1.0,0.0,1.0,0.0,0.0,1.0,1.0,0.0
1511,0.019323671497584516,0.5,0.0,0.5,0.5,0.0,1.0,1.0,0.0,0.0,0.0,1.0,0.0
1512,0.1159420289855072,1.0,1.0,0.25,1.0,0.0,0.0,1.0,0.0,1.0,1.0,0.5,1.0
1513,0.2222222222222222,0.0,0.0,0.75,0.5,1.0,1.0,0.5,1.0,0.0,0.0,1.0,1.0
1514,0.1497584541062802,0.5,1.0,0.0,0.0,0.0,0.0,1.0,1.0,0.0,1.0,0.0,0.0
1515,0.19323671497584538,1.0,0.0,1.0,0.5,0.0,1.0,0.0,1.0,1.0,0.0,1.0,1.0
1516,0.07246376811594202,0.5,0.5,0.25,1.0,1.0,1.0,1.0,0.0,1.0,1.0,0.5,1.0
1517,0.14492753623188404,1.0,0.5,0.5,0.5,0.0,0.0,0.5,1.0,1.0,0.0,0.5,1.0
1518,0.24637681159420288,1.0,1.0,1.0,0.5,0.0,0.0,0.0,1.0,1.0,1.0,1.0,1.0
1519,0.13526570048309178,0.5,0.5,0.0,0.0,1.0,1.0,1.0,1.0,1.0,1.0,0.0,0.0
1520,0.019323671497584516,0.0,0.0,0.5,0.5,1.0,1.0,0.0,0.0,0.0,0.0,0.0,0.0
1521,0.1111111111111111,1.0,1.0,0.5,1.0,0.0,0.0,0.0,0.0,1.0,1.0,0.0,1.0
1522,0.15942028985507245,0.5,0.0,1.0,0.0,1.0,1.0,0.0,1.0,1.0,0.0,1.0,0.0
1523,0.2028985507246377,0.5,0.0,0.5,0.5,0.0,1.0,1.0,1.0,0.0,0.0,1.0,1.0
1524,0.18840579710144928,0.5,1.0,0.0,0.5,0.0,0.0,1.0,1.0,0.0,1.0,0.0,1.0
1525,0.18357487922705312,0.5,0.0,0.5,0.5,0.0,1.0,0.0,1.0,0.0,0.0,0.0,1.0
1526,0.13526570048309178,0.5,0.5,0.75,0.0,0.0,0.0,0.0,1.0,0.0,0.0,0.5,0.0
1527,0.12560386473429952,0.5,0.5,0.5,1.0,0.0,0.0,0.5,0.0,0.0,0.0,0.5,1.0
1528,0.10144927536231885,0.0,1.0,0.0,0.5,1.0,0.0,1.0,0.0,0.0,1.0,0.0,0.0
1529,0.10628019323671495,0.5,0.0,0.5,0.5,0.0,1.0,0.0,0.0,0.0,0.0,0.0,0.0
1530,0.07246376811594202,0.5,1.0,0.75,0.5,0.0,0.0,0.0,0.0,0.0,1.0,0.5,0.0
1531,0.08212560386473428,0.5,0.5,0.75,0.5,0.0,1.0,0.5,0.0,0.0,1.0,1.0,0.0
1532,0.09178743961352653,0.0,0.5,0.75,0.0,1.0,1.0,0.0,1.0,0.0,1.0,0.5,0.0
1533,0.09178743961352653,0.5,0.5,0.75,1.0,0.0,1.0,0.5,0.0,0.0,1.0,1.0,1.0
1534,0.23671497584541057,0.0,0.0,0.5,0.5,1.0,1.0,1.0,1.0,0.0,0.0,1.0,1.0
1535,0.17874396135265697,1.0,1.0,0.0,0.0,0.0,0.0,1.0,1.0,1.0,1.0,0.0,0.0
1536,0.08212560386473428,0.5,0.5,0.75,0.5,1.0,1.0,0.0,0.0,1.0,1.0,0.5,0.0
1537,0.053140096618357446,0.0,0.5,0.25,0.5,1.0,1.0,0.5,0.0,0.0,1.0,0.0,0.0
1538,0.09178743961352653,1.0,0.0,0.5,1.0,0.0,1.0,0.0,0.0,1.0,0.0,0.0,1.0
1539,0.18357487922705312,0.5,0.5,1.0,0.5,1.0,0.0,0.0,1.0,1.0,0.0,1.0,1.0
1540,0.23188405797101452,0.5,1.0,0.25,0.5,1.0,0.0,1.0,1.0,1.0,1.0,0.5,1.0
1541,0.14009661835748793,0.0,0.0,0.5,0.0,1.0,1.0,0.5,1.0,0.0,0.0,0.5,0.0
1542,0.17874396135265697,0.5,0.5,1.0,0.5,0.0,0.0,0.0,1.0,0.0,0.0,1.0,1.0
1543,0.13526570048309178,1.0,0.5,0.5,0.5,0.0,0.0,1.0,1.0,1.0,0.0,1.0,1.0
1544,0.06280193236714976,0.0,1.0,0.5,0.0,1.0,0.0,1.0,1.0,0.0,1.0,1.0,0.0
1545,0.08695652173913043,1.0,0.5,0.5,1.0,0.0,1.0,1.0,0.0,1.0,1.0,1.0,1.0
1546,0.10144927536231885,0.0,0.5,0.0,0.0,1.0,1.0,1.0,1.0,0.0,1.0,0.0,0.0
1547,0.09178743961352653,0.5,0.0,0.5,0.5,1.0,1.0,0.0,0.0,1.0,0.0,0.0,0.0
1548,0.21739130434782605,0.5,0.5,0.75,1.0,1.0,0.0,0.0,0.0,1.0,0.0,0.5,1.0
1549,0.17391304347826086,0.5,0.0,0.25,0.5,1.0,1.0,1.0,1.0,1.0,0.0,0.5,1.0
1550,0.2028985507246377,0.5,0.5,0.75,0.5,1.0,0.0,0.5,1.0,1.0,0.0,1.0,1.0
1551,0.2125603864734299,0.5,1.0,0.0,0.5,1.0,0.0,1.0,1.0,1.0,1.0,0.0,1.0
1552,0.07729468599033817,0.5,1.0,1.0,0.5,1.0,0.0,0.0,0.0,1.0,1.0,1.0,0.0
1553,0.15942028985507245,0.0,0.0,0.0,1.0,1.0,1.0,1.0,0.0,0.0,0.0,0.0,1.0
1554,0.13526570048309178,0.0,0.5,0.5,1.0,1.0,1.0,0.0,0.0,0.0,1.0,0.0,1.0
1555,0.1159420289855072,1.0,0.0,0.5,0.0,0.0,1.0,0.0,1.0,1.0,0.0,0.0,0.0
1556,0.08695652173913043,0.5,0.5,1.0,1.0,1.0,0.0,0.0,0.0,1.0,0.0,1.0,1.0
1557,0.13526570048309178,0.0,0.5,0.5,0.5,1.0,0.0,1.0,1.0,0.0,0.0,1.0,1.0
1558,0.1690821256038647,0.5,1.0,0.5,0.5,0.0,0.0,1.0,1.0,0.0,1.0,1.0,1.0
1559,0.12560386473429952,0.5,0.0,0.0,0.0,0.0,1.0,1.0,1.0,0.0,0.0,0.0,0.0
1560,0.09178743961352653,1.0,1.0,0.75,1.0,0.0,0.0,0.0,0.0,1.0,1.0,0.5,1.0
1561,0.10628019323671495,0.0,0.0,0.75,0.0,1.0,1.0,0.5,1.0,0.0,0.0,1.0,0.0
1562,0.1159420289855072,0.5,1.0,0.25,1.0,0.0,0.0,1.0,0.0,0.0,1.0,0.5,1.0
1563,0.22705314009661837,1.0,0.0,0.25,0.5,0.0,1.0,0.5,1.0,1.0,0.0,0.0,1.0
1564,0.06280193236714976,1.0,1.0,0.5,0.0,0.0,0.0,1.0,1.0,1.0,1.0,1.0,0.0
1565,0.019323671497584516,0.0,0.5,0.5,0.5,1.0,1.0,1.0,0.0,0.0,1.0,1.0,0.0
1566,0.1545893719806763,0.5,0.5,0.0,1.0,0.0,1.0,1.0,0.0,0.0,1.0,0.0,1.0
1567,0.22705314009661837,1.0,0.5,0.75,0.5,0.0,1.0,0.0,1.0,1.0,1.0,0.5,1.0
1568,0.19323671497584538,0.5,0.5,0.75,0.5,1.0,1.0,0.5,1.0,1.0,1.0,1.0,1.0
1569,0.17391304347826086,0.0,0.5,0.0,0.0,1.0,0.0,1.0,1.0,0.0,0.0,0.0,0.0
1570,0.10628019323671495,0.5,0.5,0.25,1.0,0.0,0.0,1.0,0.0,0.0,0.0,0.5,1.0
1571,0.06280193236714976,0.5,0.5,0.5,0.0,0.0,0.0,0.5,1.0,0.0,0.0,0.5,0.0
1572,0.06763285024154586,0.5,1.0,0.25,0.5,0.0,0.0,0.5,0.0,0.0,1.0,0.0,0.0
1573,0.10628019323671495,0.5,1.0,0.5,1.0,0.0,0.0,1.0,0.0,0.0,1.0,1.0,1.0
1574,0.2028985507246377,0.5,0.0,0.5,0.5,0.0,1.0,1.0,1.0,0.0,0.0,1.0,1.0
1575,0.18840579710144928,0.5,1.0,0.0,0.5,0.0,0.0,1.0,1.0,0.0,1.0,0.0,1.0
1576,0.18357487922705312,0.5,0.0,0.5,0.5,0.0,1.0,0.0,1.0,0.0,0.0,0.0,1.0
1577,0.13526570048309178,0.5,0.5,0.75,0.0,0.0,0.0,0.0,1.0,0.0,0.0,0.5,0.0
1578,0.12560386473429952,0.5,0.5,0.5,1.0,0.0,0.0,0.5,0.0,0.0,0.0,0.5,1.0
1579,0.13043478260869562,1.0,0.5,0.75,0.0,0.0,0.0,0.5,1.0,1.0,0.0,1.0,0.0
1580,0.10144927536231885,0.0,1.0,0.0,0.5,1.0,0.0,1.0,0.0,0.0,1.0,0.0,0.0
1581,0.10628019323671495,0.5,0.0,0.5,0.5,0.0,1.0,0.0,0.0,0.0,0.0,0.0,0.0
1582,0.07246376811594202,0.5,1.0,0.75,0.5,0.0,0.0,0.0,0.0,0.0,1.0,0.5,0.0
1583,0.08212560386473428,0.5,0.5,0.75,0.5,0.0,1.0,0.5,0.0,0.0,1.0,1.0,0.0
1584,0.1545893719806763,0.5,1.0,0.75,1.0,0.0,0.0,0.5,0.0,0.0,1.0,1.0,1.0
1585,0.1545893719806763,1.0,0.5,0.5,0.0,0.0,1.0,1.0,1.0,1.0,1.0,1.0,0.0
1586,0.14009661835748793,0.0,0.5,0.0,1.0,1.0,1.0,1.0,0.0,0.0,1.0,0.0,1.0
1587,0.2753623188405797,0.5,0.0,1.0,0.5,0.0,1.0,0.0,1.0,0.0,0.0,1.0,1.0
1588,0.28019323671497587,1.0,0.5,0.0,0.5,0.0,0.0,1.0,1.0,1.0,0.0,0.0,1.0
1589,0.1642512077294686,0.5,0.5,0.75,0.0,1.0,0.0,0.0,1.0,1.0,0.0,0.5,0.0
1590,0.2028985507246377,0.5,1.0,0.25,1.0,1.0,0.0,0.5,0.0,1.0,1.0,0.0,1.0
1591,0.1111111111111111,1.0,1.0,0.25,1.0,0.0,0.0,1.0,0.0,1.0,1.0,0.5,1.0
1592,0.1545893719806763,0.0,0.5,0.75,1.0,1.0,1.0,0.0,0.0,0.0,1.0,0.5,1.0
1593,0.20772946859903385,1.0,0.0,0.75,0.5,0.0,1.0,0.5,1.0,1.0,0.0,1.0,1.0
1594,0.09178743961352653,0.5,0.5,0.0,0.0,1.0,0.0,1.0,1.0,1.0,0.0,0.0,0.0
1595,0.0579710144927536,0.0,1.0,0.5,0.5,1.0,0.0,0.0,0.0,0.0,1.0,0.0,0.0
1596,0.0579710144927536,0.5,0.5,1.0,0.5,0.0,1.0,0.0,0.0,0.0,1.0,1.0,0.0
1597,0.10144927536231885,1.0,0.0,0.0,1.0,0.0,1.0,1.0,0.0,1.0,0.0,0.0,1.0
1598,0.10628019323671495,0.5,0.5,0.5,1.0,0.0,0.0,0.0,0.0,0.0,0.0,0.0,1.0
1599,0.09178743961352653,0.5,0.5,1.0,0.0,0.0,0.0,0.0,1.0,0.0,0.0,1.0,0.0
1600,0.014492753623188415,0.5,1.0,0.25,0.5,0.0,0.0,1.0,0.0,0.0,1.0,0.5,0.0
1601,0.09661835748792269,1.0,0.5,0.5,0.5,0.0,1.0,0.5,0.0,1.0,1.0,0.5,0.0
1602,0.1690821256038647,1.0,1.0,0.25,0.0,0.0,0.0,0.5,1.0,1.0,1.0,0.0,0.0
1603,0.13526570048309178,0.0,0.5,0.5,1.0,1.0,1.0,0.0,0.0,0.0,1.0,0.0,1.0
1604,0.1159420289855072,1.0,0.0,0.5,0.0,0.0,1.0,0.0,1.0,1.0,0.0,0.0,0.0
1605,0.12560386473429952,0.5,0.0,0.0,0.0,0.0,1.0,1.0,1.0,0.0,0.0,0.0,0.0
1606,0.09178743961352653,1.0,1.0,0.75,1.0,0.0,0.0,0.0,0.0,1.0,1.0,0.5,1.0
1607,0.10628019323671495,0.0,0.0,0.75,0.0,1.0,1.0,0.5,1.0,0.0,0.0,1.0,0.0
1608,0.1159420289855072,0.5,1.0,0.25,1.0,0.0,0.0,1.0,0.0,0.0,1.0,0.5,1.0
1609,0.12560386473429952,1.0,0.0,0.75,1.0,0.0,1.0,0.0,0.0,1.0,0.0,0.5,1.0
1610,0.13043478260869562,0.5,0.5,0.5,1.0,1.0,1.0,1.0,0.0,1.0,1.0,1.0,1.0
1611,0.19323671497584538,0.0,0.0,0.25,0.5,1.0,1.0,1.0,1.0,0.0,0.0,0.5,1.0
1612,0.17874396135265697,0.5,0.5,0.75,0.5,0.0,0.0,0.5,1.0,0.0,0.0,1.0,1.0
1613,0.08695652173913043,0.5,1.0,0.25,0.0,0.0,0.0,1.0,1.0,0.0,1.0,0.5,0.0
1614,0.08695652173913043,1.0,0.5,0.5,1.0,0.0,1.0,0.5,0.0,1.0,1.0,0.5,1.0
1615,0.09178743961352653,0.0,0.0,0.25,0.0,1.0,1.0,0.5,1.0,0.0,0.0,0.0,0.0
1616,0.14009661835748793,0.5,1.0,1.0,1.0,0.0,0.0,0.0,0.0,0.0,1.0,1.0,1.0
1617,0.09661835748792269,0.0,0.0,0.75,1.0,1.0,1.0,0.5,0.0,0.0,0.0,1.0,1.0
1618,0.1111111111111111,1.0,0.0,0.25,0.0,0.0,1.0,1.0,1.0,1.0,0.0,0.5,0.0
1619,0.024154589371980673,0.0,1.0,0.25,0.5,1.0,0.0,0.5,0.0,0.0,1.0,0.0,0.0
1620,0.009661835748792258,0.5,0.0,1.0,0.5,0.0,1.0,0.0,0.0,0.0,0.0,1.0,0.0
1621,0.1159420289855072,1.0,0.5,0.5,1.0,0.0,0.0,1.0,0.0,1.0,0.0,1.0,1.0
1622,0.21739130434782605,0.0,1.0,0.25,0.5,1.0,0.0,1.0,1.0,0.0,1.0,0.5,1.0
1623,0.12560386473429952,0.5,0.5,0.5,0.0,0.0,1.0,0.5,1.0,0.0,1.0,0.5,0.0
1624,0.14009661835748793,0.5,1.0,0.75,1.0,0.0,0.0,0.5,0.0,0.0,1.0,1.0,1.0
1625,0.12560386473429952,0.5,0.5,0.0,0.0,0.0,1.0,1.0,1.0,0.0,1.0,0.0,0.0
1626,0.1111111111111111,0.5,0.0,1.0,1.0,0.0,1.0,0.0,0.0,0.0,0.0,1.0,1.0
1627,0.14009661835748793,0.5,1.0,0.5,0.0,0.0,0.0,1.0,1.0,0.0,1.0,1.0,0.0
1628,0.07729468599033817,1.0,0.0,0.25,0.5,0.0,1.0,1.0,0.0,1.0,0.0,0.5,0.0
1629,0.053140096618357446,0.5,0.5,0.25,0.5,1.0,0.0,0.5,0.0,1.0,0.0,0.0,0.0
1630,0.014492753623188415,0.5,0.5,1.0,0.5,1.0,0.0,0.0,0.0,1.0,0.0,1.0,0.0
1631,0.1159420289855072,0.5,0.5,0.25,1.0,1.0,0.0,1.0,0.0,1.0,0.0,0.5,1.0
1632,0.2560386473429952,0.0,1.0,0.25,0.5,1.0,0.0,0.5,1.0,0.0,1.0,0.0,1.0
1633,0.21739130434782605,1.0,0.0,0.5,0.5,0.0,1.0,0.0,1.0,1.0,0.0,0.0,1.0
1634,0.1545893719806763,0.5,1.0,0.75,1.0,0.0,0.0,0.5,0.0,0.0,1.0,1.0,1.0
1635,0.1545893719806763,1.0,0.5,0.5,0.0,0.0,1.0,1.0,1.0,1.0,1.0,1.0,0.0
1636,0.14009661835748793,0.0,0.5,0.0,1.0,1.0,1.0,1.0,0.0,0.0,1.0,0.0,1.0
1637,0.28019323671497587,1.0,0.5,0.0,0.5,0.0,0.0,1.0,1.0,1.0,0.0,0.0,1.0
1638,0.1642512077294686,0.5,0.5,0.75,0.0,1.0,0.0,0.0,1.0,1.0,0.0,0.5,0.0
1639,0.2028985507246377,0.5,1.0,0.25,1.0,1.0,0.0,0.5,0.0,1.0,1.0,0.0,1.0
1640,0.18357487922705312,0.0,0.0,1.0,0.0,1.0,1.0,0.0,1.0,0.0,0.0,1.0,0.0
1641,0.1111111111111111,1.0,1.0,0.25,1.0,0.0,0.0,1.0,0.0,1.0,1.0,0.5,1.0
1642,0.14492753623188404,0.5,0.5,0.5,0.0,1.0,1.0,0.5,1.0,1.0,1.0,0.5,0.0
1643,0.2222222222222222,0.5,0.0,0.0,0.5,0.0,1.0,1.0,1.0,0.0,0.0,0.0,1.0
1644,0.12560386473429952,1.0,0.5,0.75,0.0,0.0,0.0,0.0,1.0,1.0,0.0,0.5,0.0
1645,0.09178743961352653,0.5,0.5,0.25,1.0,1.0,0.0,0.5,0.0,1.0,0.0,0.0,1.0
1646,0.10144927536231885,0.5,1.0,0.5,0.0,1.0,0.0,0.0,1.0,1.0,1.0,0.0,0.0
1647,0.03381642512077293,0.0,0.5,0.5,0.5,1.0,1.0,0.0,0.0,0.0,1.0,0.0,0.0
1648,0.04347826086956519,1.0,0.0,1.0,0.5,0.0,1.0,0.0,0.0,1.0,0.0,1.0,0.0
1649,0.13526570048309178,0.0,1.0,0.0,1.0,1.0,0.0,1.0,0.0,0.0,1.0,0.0,1.0
1650,0.15942028985507245,1.0,0.5,1.0,0.0,0.0,1.0,0.0,1.0,1.0,1.0,1.0,0.0
1651,0.048309178743961345,0.0,0.0,0.0,0.5,1.0,1.0,1.0,0.0,0.0,0.0,0.0,0.0
1652,0.024154589371980673,1.0,0.5,0.5,0.5,0.0,0.0,0.0,0.0,1.0,0.0,0.0,0.0
1653,0.14009661835748793,0.0,0.5,1.0,1.0,1.0,0.0,0.0,0.0,0.0,0.0,1.0,1.0
1654,0.07729468599033817,0.0,1.0,0.25,1.0,1.0,0.0,0.5,0.0,0.0,1.0,0.0,1.0
1655,0.07729468599033817,0.5,0.5,0.75,0.0,0.0,1.0,0.0,1.0,0.0,1.0,0.5,0.0
1656,0.15942028985507245,0.5,0.0,1.0,0.5,1.0,1.0,0.0,1.0,1.0,0.0,1.0,1.0
1657,0.07729468599033817,0.5,1.0,0.25,0.0,1.0,0.0,1.0,1.0,1.0,1.0,0.5,0.0
1658,0.08695652173913043,0.5,0.5,0.75,1.0,1.0,1.0,0.5,0.0,1.0,1.0,1.0,1.0
1659,0.15942028985507245,0.0,0.5,0.25,0.5,1.0,1.0,1.0,1.0,0.0,1.0,0.5,1.0
1660,0.07246376811594202,0.0,0.5,0.0,0.5,1.0,0.0,1.0,0.0,0.0,0.0,0.0,0.0
1661,0.1497584541062802,0.5,0.5,1.0,1.0,0.0,0.0,0.0,0.0,0.0,0.0,1.0,1.0
1662,0.2125603864734299,0.0,1.0,0.25,0.0,1.0,0.0,0.5,1.0,0.0,1.0,0.0,0.0
1663,0.1111111111111111,1.0,0.5,1.0,1.0,0.0,1.0,0.0,0.0,1.0,1.0,1.0,1.0
1664,0.12077294685990336,0.5,0.5,1.0,0.0,1.0,1.0,0.0,1.0,1.0,1.0,1.0,0.0
1665,0.03381642512077293,0.0,0.0,0.5,0.5,1.0,1.0,1.0,0.0,0.0,0.0,1.0,0.0
1666,0.1545893719806763,1.0,0.5,0.5,1.0,0.0,0.0,1.0,0.0,1.0,0.0,1.0,1.0
1667,0.06280193236714976,0.5,0.0,0.75,0.5,1.0,1.0,0.5,0.0,1.0,0.0,1.0,0.0
1668,0.17391304347826086,0.0,0.5,0.25,1.0,1.0,0.0,1.0,0.0,0.0,0.0,0.5,1.0
1669,0.2125603864734299,0.5,1.0,0.75,0.5,0.0,0.0,0.5,1.0,0.0,1.0,1.0,1.0
1670,0.10144927536231885,0.5,0.5,0.5,0.0,1.0,0.0,1.0,1.0,1.0,0.0,1.0,0.0
1671,0.08212560386473428,0.0,0.5,0.5,1.0,1.0,0.0,1.0,0.0,0.0,0.0,1.0,1.0
1672,0.15942028985507245,0.5,1.0,0.25,0.5,0.0,0.0,1.0,1.0,0.0,1.0,0.5,1.0
1673,0.08695652173913043,0.5,0.0,0.5,0.0,0.0,1.0,0.5,1.0,0.0,0.0,0.5,0.0
1674,0.08695652173913043,0.0,1.0,0.75,0.5,1.0,0.0,0.0,0.0,0.0,1.0,0.5,0.0
1675,0.0579710144927536,1.0,0.5,0.75,0.5,0.0,1.0,0.0,0.0,1.0,1.0,0.5,0.0
1676,0.09661835748792269,0.0,0.5,0.25,1.0,1.0,1.0,0.5,0.0,0.0,1.0,0.0,1.0
1677,0.1111111111111111,0.5,0.0,0.5,0.5,0.0,1.0,0.0,1.0,0.0,0.0,0.0,1.0
1678,0.19806763285024154,1.0,1.0,0.5,0.5,0.0,0.0,0.0,1.0,1.0,1.0,0.0,1.0
1679,0.14009661835748793,0.5,1.0,0.75,1.0,0.0,0.0,0.5,0.0,0.0,1.0,1.0,1.0
1680,0.12560386473429952,0.5,0.5,0.0,0.0,0.0,1.0,1.0,1.0,0.0,1.0,0.0,0.0
1681,0.14009661835748793,0.5,1.0,0.5,0.0,0.0,0.0,1.0,1.0,0.0,1.0,1.0,0.0
1682,0.07729468599033817,1.0,0.0,0.25,0.5,0.0,1.0,1.0,0.0,1.0,0.0,0.5,0.0
1683,0.053140096618357446,0.5,0.5,0.25,0.5,1.0,0.0,0.5,0.0,1.0,0.0,0.0,0.0
1684,0.014492753623188415,0.5,0.5,1.0,0.5,1.0,0.0,0.0,0.0,1.0,0.0,1.0,0.0
1685,0.1159420289855072,0.5,0.5,0.25,1.0,1.0,0.0,1.0,0.0,1.0,0.0,0.5,1.0
1686,0.2560386473429952,0.0,1.0,0.25,0.5,1.0,0.0,0.5,1.0,0.0,1.0,0.0,1.0
1687,0.21739130434782605,1.0,0.0,0.5,0.5,0.0,1.0,0.0,1.0,1.0,0.0,0.0,1.0
1688,0.2125603864734299,0.0,1.0,0.25,0.0,1.0,0.0,0.5,1.0,0.0,1.0,0.0,0.0
1689,0.1111111111111111,1.0,0.5,1.0,1.0,0.0,1.0,0.0,0.0,1.0,1.0,1.0,1.0
1690,0.19806763285024154,0.5,0.5,0.0,0.5,1.0,1.0,1.0,1.0,1.0,1.0,0.0,1.0
1691,0.12077294685990336,0.5,0.5,1.0,0.0,1.0,1.0,0.0,1.0,1.0,1.0,1.0,0.0
1692,0.03381642512077293,0.0,0.0,0.5,0.5,1.0,1.0,1.0,0.0,0.0,0.0,1.0,0.0
1693,0.1545893719806763,1.0,0.5,0.5,1.0,0.0,0.0,1.0,0.0,1.0,0.0,1.0,1.0
1694,0.20772946859903385,0.0,0.5,0.0,0.5,1.0,0.0,1.0,1.0,0.0,0.0,0.0,1.0
1695,0.10144927536231885,1.0,1.0,0.75,0.0,0.0,0.0,0.0,1.0,1.0,1.0,0.5,0.0
1696,0.06280193236714976,0.5,0.0,0.75,0.5,1.0,1.0,0.5,0.0,1.0,0.0,1.0,0.0
1697,0.2125603864734299,0.5,1.0,0.75,0.5,0.0,0.0,0.5,1.0,0.0,1.0,1.0,1.0
1698,0.12560386473429952,0.5,0.5,0.0,0.5,1.0,0.0,1.0,1.0,1.0,0.0,0.0,1.0
1699,0.1690821256038647,0.0,1.0,0.5,0.5,1.0,0.0,0.0,1.0,0.0,1.0,0.0,1.0
1700,0.1111111111111111,0.5,0.0,1.0,0.0,0.0,1.0,0.0,1.0,0.0,0.0,1.0,0.0
1701,0.07729468599033817,1.0,0.5,0.25,1.0,0.0,0.0,1.0,0.0,1.0,0.0,0.5,1.0
1702,0.08212560386473428,0.0,1.0,0.75,0.0,1.0,0.0,0.5,1.0,0.0,1.0,1.0,0.0
1703,0.04347826086956519,1.0,0.0,0.0,0.5,0.0,1.0,1.0,0.0,1.0,0.0,0.0,0.0
1704,0.07246376811594202,0.5,1.0,0.75,0.5,1.0,0.0,0.0,0.0,1.0,1.0,0.5,0.0
1705,0.23671497584541057,1.0,0.5,0.5,0.5,0.0,1.0,0.5,1.0,1.0,1.0,0.5,1.0
1706,0.19323671497584538,1.0,0.5,1.0,1.0,0.0,1.0,0.0,0.0,1.0,1.0,1.0,1.0
1707,0.2125603864734299,0.0,1.0,0.25,0.0,1.0,0.0,0.5,1.0,0.0,1.0,0.0,0.0
1708,0.1111111111111111,1.0,0.5,1.0,1.0,0.0,1.0,0.0,0.0,1.0,1.0,1.0,1.0
1709,0.12077294685990336,0.5,0.5,1.0,0.0,1.0,1.0,0.0,1.0,1.0,1.0,1.0,0.0
1710,0.03381642512077293,0.0,0.0,0.5,0.5,1.0,1.0,1.0,0.0,0.0,0.0,1.0,0.0
1711,0.1545893719806763,1.0,0.5,0.5,1.0,0.0,0.0,1.0,0.0,1.0,0.0,1.0,1.0
1712,0.20772946859903385,0.0,0.5,0.0,0.5,1.0,0.0,1.0,1.0,0.0,0.0,0.0,1.0
1713,0.10144927536231885,1.0,1.0,0.75,0.0,0.0,0.0,0.0,1.0,1.0,1.0,0.5,0.0
1714,0.06280193236714976,0.5,0.0,0.75,0.5,1.0,1.0,0.5,0.0,1.0,0.0,1.0,0.0
1715,0.17391304347826086,0.0,0.5,0.25,1.0,1.0,0.0,1.0,0.0,0.0,0.0,0.5,1.0
1716,0.2125603864734299,0.5,1.0,0.75,0.5,0.0,0.0,0.5,1.0,0.0,1.0,1.0,1.0
1717,0.10144927536231885,0.5,0.5,0.5,0.0,1.0,0.0,1.0,1.0,1.0,0.0,1.0,0.0
1718,0.08212560386473428,0.0,0.5,0.5,1.0,1.0,0.0,1.0,0.0,0.0,0.0,1.0,1.0
1719,0.15942028985507245,0.5,1.0,0.25,0.5,0.0,0.0,1.0,1.0,0.0,1.0,0.5,1.0
1720,0.08695652173913043,0.5,0.0,0.5,0.0,0.0,1.0,0.5,1.0,0.0,0.0,0.5,0.0
1721,0.014492753623188415,1.0,0.5,0.25,0.5,0.0,0.0,0.5,0.0,1.0,0.0,0.0,0.0
1722,0.08695652173913043,0.0,1.0,0.75,0.5,1.0,0.0,0.0,0.0,0.0,1.0,0.5,0.0
1723,0.08212560386473428,0.5,0.5,0.25,0.5,0.0,1.0,0.5,0.0,0.0,1.0,0.0,0.0
1724,0.09661835748792269,0.0,0.5,0.25,1.0,1.0,1.0,0.5,0.0,0.0,1.0,0.0,1.0
1725,0.1111111111111111,0.5,0.0,0.5,0.5,0.0,1.0,0.0,1.0,0.0,0.0,0.0,1.0
1726,0.19806763285024154,1.0,1.0,0.5,0.5,0.0,0.0,0.0,1.0,1.0,1.0,0.0,1.0
1727,0.03864734299516909,0.0,0.0,0.0,0.5,1.0,1.0,1.0,0.0,0.0,0.0,0.0,0.0
1728,0.18357487922705312,0.0,1.0,0.25,0.5,1.0,0.0,0.5,1.0,0.0,1.0,0.0,1.0
1729,0.1159420289855072,1.0,0.5,0.5,1.0,0.0,0.0,0.5,0.0,1.0,0.0,0.5,1.0
1730,0.1111111111111111,0.5,0.5,0.75,0.0,0.0,0.0,0.0,1.0,0.0,0.0,0.5,0.0
1731,0.15942028985507245,0.0,0.5,0.5,0.5,1.0,0.0,0.0,1.0,0.0,0.0,0.0,1.0
1732,0.14492753623188404,0.5,0.0,0.25,0.5,1.0,1.0,0.5,1.0,1.0,0.0,0.0,1.0
1733,0.1111111111111111,0.5,1.0,0.5,1.0,1.0,0.0,0.5,0.0,1.0,1.0,0.5,1.0
1734,0.10628019323671495,0.5,0.0,0.75,0.0,1.0,1.0,0.0,1.0,1.0,0.0,0.5,0.0
1735,0.10628019323671495,0.5,0.5,0.5,1.0,1.0,1.0,0.0,0.0,1.0,1.0,0.0,1.0
1736,0.12077294685990336,0.5,1.0,0.0,0.0,1.0,0.0,1.0,1.0,1.0,1.0,0.0,0.0
1737,0.14009661835748793,0.5,0.5,0.75,0.0,0.0,1.0,0.5,1.0,0.0,1.0,1.0,0.0
1738,0.2753623188405797,0.5,0.5,0.75,0.5,0.0,1.0,0.0,1.0,0.0,1.0,0.5,1.0
1739,0.21739130434782605,0.0,0.5,0.25,1.0,1.0,1.0,0.5,0.0,0.0,1.0,0.0,1.0
1740,0.08695652173913043,1.0,0.5,0.5,0.5,0.0,1.0,0.5,0.0,1.0,1.0,0.5,0.0
1741,0.048309178743961345,0.0,0.5,0.75,0.5,1.0,1.0,0.0,0.0,0.0,1.0,0.5,0.0
1742,0.08212560386473428,0.5,1.0,0.25,0.5,1.0,0.0,0.5,0.0,1.0,1.0,0.0,0.0
1743,0.07729468599033817,1.0,0.5,0.25,0.5,0.0,0.0,1.0,0.0,1.0,0.0,0.5,0.0
1744,0.13526570048309178,0.5,0.5,1.0,0.0,0.0,0.0,0.0,1.0,0.0,0.0,1.0,0.0
1745,0.20772946859903385,0.5,0.5,0.25,0.5,0.0,0.0,0.5,1.0,0.0,0.0,0.0,1.0
1746,0.23671497584541057,0.5,0.0,0.25,0.5,0.0,1.0,1.0,1.0,0.0,0.0,0.5,1.0
1747,0.28019323671497587,0.0,1.0,0.75,0.5,1.0,0.0,0.5,1.0,0.0,1.0,1.0,1.0
1748,0.13526570048309178,0.0,0.5,0.5,1.0,1.0,0.0,0.0,0.0,0.0,0.0,0.0,1.0
1749,0.12077294685990336,0.5,1.0,0.25,0.5,1.0,0.0,0.5,1.0,1.0,1.0,0.0,1.0
1750,0.17391304347826086,1.0,0.5,0.5,0.5,0.0,0.0,0.5,1.0,1.0,0.0,0.5,1.0
1751,0.17874396135265697,0.5,0.0,0.5,0.5,0.0,1.0,0.5,1.0,0.0,0.0,0.5,1.0
1752,0.09661835748792269,0.0,0.5,0.75,1.0,1.0,1.0,0.0,0.0,0.0,1.0,0.5,1.0
1753,0.028985507246376774,1.0,0.5,0.0,0.5,0.0,1.0,1.0,0.0,1.0,1.0,0.0,0.0
1754,0.1159420289855072,0.0,1.0,0.5,0.0,1.0,0.0,1.0,1.0,0.0,1.0,1.0,0.0
1755,0.2028985507246377,0.5,0.0,0.5,0.5,1.0,1.0,1.0,1.0,1.0,0.0,1.0,1.0
1756,0.07729468599033817,1.0,0.5,0.5,0.5,0.0,0.0,0.5,0.0,1.0,0.0,0.5,0.0
1757,0.09178743961352653,0.0,0.5,0.25,0.5,1.0,0.0,1.0,0.0,0.0,0.0,0.5,0.0
1758,0.07729468599033817,0.0,0.5,0.0,0.5,1.0,1.0,1.0,0.0,0.0,1.0,0.0,0.0
1759,0.09178743961352653,1.0,0.5,0.75,0.5,0.0,1.0,0.5,0.0,1.0,1.0,1.0,0.0
1760,0.12560386473429952,0.0,1.0,0.25,0.0,1.0,0.0,1.0,1.0,0.0,1.0,0.5,0.0
1761,0.19806763285024154,0.5,0.5,0.75,0.5,1.0,0.0,0.5,1.0,1.0,0.0,1.0,1.0
1762,0.19806763285024154,1.0,0.0,0.5,0.5,0.0,1.0,0.5,1.0,1.0,0.0,0.5,1.0
1763,0.20772946859903385,0.0,0.5,0.75,0.5,1.0,1.0,0.0,1.0,0.0,1.0,0.5,1.0
1764,0.21739130434782605,0.5,0.5,0.0,0.5,1.0,1.0,1.0,1.0,1.0,1.0,0.0,1.0
1765,0.19323671497584538,0.5,0.5,0.75,1.0,1.0,1.0,0.5,0.0,1.0,1.0,1.0,1.0
1766,0.024154589371980673,0.5,0.5,0.25,0.5,1.0,1.0,1.0,0.0,1.0,1.0,0.5,0.0
1767,0.08695652173913043,0.5,1.0,0.5,0.0,1.0,0.0,1.0,1.0,1.0,1.0,1.0,0.0
1768,0.2946859903381642,0.0,0.5,0.25,0.5,1.0,0.0,0.5,1.0,0.0,0.0,0.0,1.0
1769,0.21739130434782605,1.0,0.0,0.5,1.0,0.0,1.0,0.5,0.0,1.0,0.0,0.5,1.0
1770,0.19806763285024154,0.0,0.5,0.75,0.0,1.0,1.0,0.0,1.0,0.0,1.0,0.5,0.0
1771,0.18357487922705312,1.0,0.5,0.0,1.0,0.0,1.0,1.0,0.0,1.0,1.0,0.0,1.0
1772,0.12077294685990336,0.5,1.0,0.0,0.5,1.0,0.0,1.0,0.0,1.0,1.0,0.0,0.0
1773,0.07246376811594202,1.0,0.5,0.5,0.5,0.0,0.0,1.0,0.0,1.0,0.0,1.0,0.0
1774,0.2028985507246377,0.0,0.0,0.5,0.0,1.0,1.0,1.0,1.0,0.0,0.0,1.0,0.0
1775,0.04347826086956519,0.5,0.5,1.0,0.5,0.0,1.0,0.0,0.0,0.0,1.0,1.0,0.0
1776,0.0579710144927536,0.0,1.0,0.5,0.5,1.0,0.0,0.0,0.0,0.0,1.0,0.0,0.0
1777,0.048309178743961345,1.0,0.5,0.0,0.5,0.0,0.0,1.0,0.0,1.0,0.0,0.0,0.0
1778,0.09661835748792269,0.5,0.0,0.0,1.0,1.0,1.0,1.0,0.0,1.0,0.0,0.0,1.0
1779,0.04347826086956519,0.5,1.0,0.5,0.5,1.0,0.0,1.0,0.0,1.0,1.0,1.0,0.0
1780,0.27053140096618356,0.5,0.0,0.75,0.0,1.0,1.0,0.5,1.0,1.0,0.0,1.0,0.0
1781,0.3719806763285024,1.0,0.5,0.5,0.5,0.0,1.0,0.5,1.0,1.0,1.0,0.5,1.0
1782,0.2028985507246377,0.5,0.5,0.25,0.5,0.0,1.0,1.0,1.0,0.0,1.0,0.5,1.0
1783,0.08212560386473428,0.0,0.5,1.0,1.0,1.0,1.0,0.0,0.0,0.0,1.0,1.0,1.0
1784,0.17874396135265697,0.5,1.0,0.25,0.0,1.0,0.0,0.5,1.0,1.0,1.0,0.0,0.0
1785,0.18357487922705312,0.0,1.0,0.25,0.5,1.0,0.0,0.5,1.0,0.0,1.0,0.0,1.0
1786,0.14492753623188404,0.5,0.0,0.25,0.5,1.0,1.0,0.5,1.0,1.0,0.0,0.0,1.0
1787,0.10628019323671495,0.5,0.0,0.75,0.0,1.0,1.0,0.0,1.0,1.0,0.0,0.5,0.0
1788,0.10628019323671495,0.5,0.5,0.5,1.0,1.0,1.0,0.0,0.0,1.0,1.0,0.0,1.0
1789,0.12077294685990336,0.5,1.0,0.0,0.0,1.0,0.0,1.0,1.0,1.0,1.0,0.0,0.0
1790,0.12560386473429952,0.5,0.5,0.5,1.0,0.0,0.0,1.0,0.0,0.0,0.0,1.0,1.0
1791,0.06763285024154586,0.5,0.5,0.75,0.5,0.0,0.0,0.5,0.0,0.0,0.0,1.0,0.0
1792,0.0579710144927536,0.0,0.0,0.5,0.5,1.0,1.0,0.5,0.0,0.0,0.0,0.5,0.0
1793,0.053140096618357446,0.0,1.0,0.5,0.5,1.0,0.0,1.0,0.0,0.0,1.0,1.0,0.0
1794,0.09661835748792269,1.0,0.0,1.0,0.0,0.0,1.0,0.0,1.0,1.0,0.0,1.0,0.0
1795,0.19806763285024154,0.5,0.5,0.0,0.5,0.0,1.0,1.0,1.0,0.0,1.0,0.0,1.0
1796,0.23188405797101452,0.5,0.5,0.75,0.5,0.0,1.0,0.5,1.0,0.0,1.0,1.0,1.0
1797,0.24637681159420288,0.5,1.0,0.75,0.5,0.0,0.0,0.0,1.0,0.0,1.0,0.5,1.0
1798,0.0579710144927536,0.5,1.0,0.75,0.5,0.0,0.0,0.5,0.0,0.0,1.0,1.0,0.0
1799,0.1545893719806763,0.0,0.5,0.5,1.0,1.0,1.0,1.0,0.0,0.0,1.0,1.0,1.0
1800,0.2753623188405797,0.5,1.0,0.0,0.5,0.0,0.0,1.0,1.0,0.0,1.0,0.0,1.0
1801,0.28019323671497587,0.0,0.5,1.0,0.5,1.0,0.0,0.0,1.0,0.0,0.0,1.0,1.0
1802,0.14492753623188404,0.5,0.5,0.5,1.0,1.0,1.0,0.5,0.0,1.0,1.0,0.5,1.0
1803,0.09178743961352653,1.0,0.5,0.75,0.0,0.0,0.0,0.0,1.0,1.0,0.0,0.5,0.0
1804,0.19323671497584538,1.0,1.0,0.75,0.5,0.0,0.0,0.5,1.0,1.0,1.0,1.0,1.0
1805,0.17874396135265697,0.5,0.5,0.25,0.5,0.0,0.0,1.0,1.0,0.0,0.0,0.5,1.0
1806,0.08695652173913043,0.5,0.0,0.75,1.0,0.0,1.0,0.5,0.0,0.0,0.0,1.0,1.0
1807,0.08695652173913043,0.0,0.5,0.5,0.0,1.0,1.0,0.5,1.0,0.0,1.0,0.5,0.0
1808,0.03864734299516909,0.0,0.0,0.0,0.5,1.0,1.0,1.0,0.0,0.0,0.0,0.0,0.0
1809,0.09661835748792269,1.0,0.5,1.0,0.0,0.0,1.0,0.0,1.0,1.0,1.0,1.0,0.0
1810,0.18357487922705312,0.0,1.0,0.25,0.5,1.0,0.0,0.5,1.0,0.0,1.0,0.0,1.0
1811,0.1159420289855072,1.0,0.5,0.5,1.0,0.0,0.0,0.5,0.0,1.0,0.0,0.5,1.0
1812,0.1111111111111111,0.5,0.5,0.75,0.0,0.0,0.0,0.0,1.0,0.0,0.0,0.5,0.0
1813,0.15942028985507245,0.0,0.5,0.5,0.5,1.0,0.0,0.0,1.0,0.0,0.0,0.0,1.0
1814,0.14492753623188404,0.5,0.0,0.25,0.5,1.0,1.0,0.5,1.0,1.0,0.0,0.0,1.0
1815,0.1111111111111111,0.5,1.0,0.5,1.0,1.0,0.0,0.5,0.0,1.0,1.0,0.5,1.0
1816,0.10628019323671495,0.5,0.0,0.75,0.0,1.0,1.0,0.0,1.0,1.0,0.0,0.5,0.0
1817,0.10628019323671495,0.5,0.5,0.5,1.0,1.0,1.0,0.0,0.0,1.0,1.0,0.0,1.0
1818,0.12077294685990336,0.5,1.0,0.0,0.0,1.0,0.0,1.0,1.0,1.0,1.0,0.0,0.0
1819,0.2946859903381642,0.0,0.0,0.5,0.5,1.0,1.0,1.0,1.0,0.0,0.0,1.0,1.0
1820,0.18840579710144928,1.0,1.0,0.75,1.0,0.0,0.0,0.5,0.0,1.0,1.0,1.0,1.0
1821,0.09178743961352653,0.0,0.0,0.25,0.5,1.0,1.0,1.0,0.0,0.0,0.0,0.5,0.0
1822,0.17391304347826086,1.0,0.5,0.5,0.0,0.0,1.0,1.0,1.0,1.0,1.0,1.0,0.0
1823,0.23188405797101452,0.0,1.0,1.0,0.5,1.0,0.0,0.0,1.0,0.0,1.0,1.0,1.0
1824,0.15942028985507245,0.5,0.5,0.5,0.0,0.0,1.0,0.0,1.0,0.0,1.0,0.0,0.0
1825,0.18840579710144928,0.0,1.0,0.5,1.0,1.0,0.0,0.0,0.0,0.0,1.0,0.0,1.0
1826,0.18357487922705312,1.0,0.5,0.5,0.0,0.0,0.0,0.0,1.0,1.0,0.0,0.0,0.0
1827,0.2850241545893719,0.0,0.0,0.5,0.5,1.0,1.0,0.0,1.0,0.0,0.0,0.0,1.0
1828,0.18357487922705312,0.5,1.0,0.25,1.0,1.0,0.0,0.5,0.0,1.0,1.0,0.0,1.0
1829,0.1545893719806763,1.0,0.5,0.25,0.0,0.0,1.0,0.5,1.0,1.0,1.0,0.0,0.0
1830,0.20772946859903385,0.0,1.0,0.25,0.5,1.0,0.0,1.0,1.0,0.0,1.0,0.5,1.0
1831,0.09178743961352653,0.5,0.5,1.0,1.0,1.0,0.0,0.0,0.0,1.0,0.0,1.0,1.0
1832,0.0579710144927536,1.0,0.0,0.5,0.5,0.0,1.0,0.0,0.0,1.0,0.0,0.0,0.0
1833,0.0579710144927536,0.5,0.5,0.0,0.5,0.0,1.0,1.0,0.0,0.0,1.0,0.0,0.0
1834,0.10144927536231885,0.0,1.0,1.0,0.0,1.0,0.0,0.0,1.0,0.0,1.0,1.0,0.0
1835,0.09661835748792269,1.0,0.5,0.5,1.0,0.0,0.0,0.0,0.0,1.0,0.0,0.0,1.0
1836,0.10628019323671495,0.5,0.5,0.5,0.0,0.0,0.0,0.0,1.0,0.0,0.0,0.0,0.0
1837,0.09178743961352653,0.5,0.5,0.0,1.0,0.0,0.0,1.0,0.0,0.0,0.0,0.0,1.0
1838,0.014492753623188415,0.5,0.0,0.75,0.5,0.0,1.0,0.5,0.0,0.0,0.0,1.0,0.0
1839,0.09661835748792269,0.0,0.5,0.5,0.5,1.0,1.0,0.5,0.0,0.0,1.0,0.5,0.0
1840,0.19323671497584538,0.0,1.0,0.0,0.5,1.0,0.0,1.0,1.0,0.0,1.0,0.0,1.0
1841,0.10144927536231885,0.5,0.0,0.5,1.0,1.0,1.0,1.0,0.0,1.0,0.0,1.0,1.0
1842,0.07246376811594202,0.5,0.5,0.75,0.0,1.0,1.0,0.5,1.0,1.0,1.0,1.0,0.0
1843,0.13526570048309178,1.0,1.0,0.5,0.5,0.0,0.0,0.5,1.0,1.0,1.0,0.5,1.0
1844,0.14492753623188404,0.0,0.5,0.5,0.5,1.0,0.0,0.5,1.0,0.0,0.0,0.5,1.0
1845,0.2028985507246377,1.0,0.5,0.75,0.5,0.0,0.0,0.0,1.0,1.0,0.0,0.5,1.0
1846,0.24637681159420288,0.0,0.0,0.0,0.5,1.0,1.0,1.0,1.0,0.0,0.0,0.0,1.0
1847,0.13526570048309178,0.5,0.5,1.0,1.0,1.0,1.0,0.0,0.0,1.0,1.0,1.0,1.0
1848,0.019323671497584516,1.0,1.0,0.5,0.5,0.0,0.0,0.0,0.0,1.0,1.0,0.0,0.0
1849,0.1111111111111111,0.0,0.0,0.5,0.0,1.0,1.0,0.0,1.0,0.0,0.0,0.0,0.0
1850,0.15942028985507245,0.5,1.0,0.0,1.0,1.0,0.0,1.0,0.0,1.0,1.0,0.0,1.0
1851,0.23671497584541057,1.0,0.5,0.5,0.5,0.0,1.0,0.0,1.0,1.0,1.0,0.0,1.0
1852,0.1497584541062802,0.0,1.0,0.0,1.0,1.0,0.0,1.0,0.0,0.0,1.0,0.0,1.0
1853,0.0,1.0,0.5,0.75,0.5,0.0,0.0,0.5,0.0,1.0,0.0,1.0,0.0
1854,0.004830917874396101,0.5,0.5,0.25,0.5,0.0,0.0,1.0,0.0,0.0,0.0,0.5,0.0
1855,0.024154589371980673,0.5,0.5,1.0,0.5,0.0,0.0,0.0,0.0,0.0,0.0,1.0,0.0
1856,0.12560386473429952,0.5,0.5,0.0,0.0,0.0,1.0,1.0,1.0,0.0,1.0,0.0,0.0
1857,0.2222222222222222,0.0,0.5,0.75,0.5,1.0,1.0,0.5,1.0,0.0,1.0,1.0,1.0
1858,0.03864734299516909,0.0,0.0,0.0,0.5,1.0,1.0,1.0,0.0,0.0,0.0,0.0,0.0
1859,0.09661835748792269,1.0,0.5,1.0,0.0,0.0,1.0,0.0,1.0,1.0,1.0,1.0,0.0
1860,0.18357487922705312,0.0,1.0,0.25,0.5,1.0,0.0,0.5,1.0,0.0,1.0,0.0,1.0
1861,0.1159420289855072,1.0,0.5,0.5,1.0,0.0,0.0,0.5,0.0,1.0,0.0,0.5,1.0
1862,0.1111111111111111,0.5,0.5,0.75,0.0,0.0,0.0,0.0,1.0,0.0,0.0,0.5,0.0
1863,0.1111111111111111,0.5,1.0,0.5,1.0,1.0,0.0,0.5,0.0,1.0,1.0,0.5,1.0
1864,0.10628019323671495,0.5,0.5,0.5,1.0,1.0,1.0,0.0,0.0,1.0,1.0,0.0,1.0
1865,0.12077294685990336,0.5,1.0,0.0,0.0,1.0,0.0,1.0,1.0,1.0,1.0,0.0,0.0
1866,0.024154589371980673,0.5,0.5,0.25,0.5,1.0,1.0,1.0,0.0,1.0,1.0,0.5,0.0
1867,0.08695652173913043,0.5,1.0,0.5,0.0,1.0,0.0,1.0,1.0,1.0,1.0,1.0,0.0
1868,0.2946859903381642,0.0,0.5,0.25,0.5,1.0,0.0,0.5,1.0,0.0,0.0,0.0,1.0
1869,0.21739130434782605,1.0,0.0,0.5,1.0,0.0,1.0,0.5,0.0,1.0,0.0,0.5,1.0
1870,0.19806763285024154,0.0,0.5,0.75,0.0,1.0,1.0,0.0,1.0,0.0,1.0,0.5,0.0
1871,0.18357487922705312,1.0,0.5,0.0,1.0,0.0,1.0,1.0,0.0,1.0,1.0,0.0,1.0
1872,0.09178743961352653,0.0,0.5,1.0,0.5,1.0,1.0,0.0,0.0,0.0,1.0,1.0,0.0
1873,0.12077294685990336,0.5,1.0,0.0,0.5,1.0,0.0,1.0,0.0,1.0,1.0,0.0,0.0
1874,0.07246376811594202,1.0,0.5,0.5,0.5,0.0,0.0,1.0,0.0,1.0,0.0,1.0,0.0
1875,0.2028985507246377,0.0,0.0,0.5,0.0,1.0,1.0,1.0,1.0,0.0,0.0,1.0,0.0
1876,0.09661835748792269,1.0,0.5,0.75,0.0,0.0,0.0,0.5,1.0,1.0,0.0,1.0,0.0
1877,0.1111111111111111,0.5,0.0,0.25,1.0,0.0,1.0,1.0,0.0,0.0,0.0,0.5,1.0
1878,0.1159420289855072,0.0,0.5,1.0,0.5,1.0,1.0,0.0,1.0,0.0,1.0,1.0,1.0
1879,0.1690821256038647,0.5,1.0,0.5,0.5,1.0,0.0,0.0,1.0,1.0,1.0,0.0,1.0
1880,0.10628019323671495,1.0,0.0,0.25,1.0,0.0,1.0,0.5,0.0,1.0,0.0,0.0,1.0
1881,0.0579710144927536,0.0,0.5,0.25,0.5,1.0,1.0,1.0,0.0,0.0,1.0,0.5,0.0
1882,0.07246376811594202,0.5,1.0,0.75,0.5,1.0,0.0,0.5,0.0,1.0,1.0,1.0,0.0
1883,0.13526570048309178,1.0,1.0,0.75,1.0,0.0,0.0,0.5,0.0,1.0,1.0,1.0,1.0
1884,0.17874396135265697,0.5,0.0,0.5,0.0,0.0,1.0,0.5,1.0,0.0,0.0,0.5,0.0
1885,0.1497584541062802,0.5,0.5,0.5,0.0,1.0,1.0,0.5,1.0,1.0,1.0,0.5,0.0
1886,0.18840579710144928,0.5,0.5,0.25,1.0,1.0,1.0,1.0,0.0,1.0,1.0,0.5,1.0
1887,0.20772946859903385,1.0,0.5,0.75,0.0,0.0,1.0,0.5,1.0,1.0,1.0,1.0,0.0
1888,0.2125603864734299,0.5,0.5,0.75,1.0,0.0,1.0,0.0,0.0,0.0,1.0,0.5,1.0
1889,0.13526570048309178,0.5,1.0,0.25,0.5,0.0,0.0,0.5,0.0,0.0,1.0,0.0,0.0
1890,0.1159420289855072,0.0,0.0,0.75,0.5,1.0,1.0,0.0,0.0,0.0,0.0,0.5,0.0
1891,0.07246376811594202,1.0,0.5,0.0,1.0,0.0,0.0,1.0,0.0,1.0,0.0,0.0,1.0
1892,0.08212560386473428,0.5,0.5,0.5,0.0,0.0,0.0,1.0,1.0,0.0,0.0,1.0,0.0
1893,0.18357487922705312,0.5,0.5,0.75,0.5,0.0,0.0,0.5,1.0,0.0,0.0,1.0,1.0
1894,0.053140096618357446,0.0,0.5,0.75,0.5,1.0,0.0,0.5,0.0,0.0,0.0,1.0,0.0
1895,0.0,0.5,0.5,0.75,0.5,0.0,0.0,0.0,0.0,0.0,0.0,0.5,0.0
1896,0.0579710144927536,0.0,0.5,0.0,0.5,1.0,0.0,1.0,0.0,0.0,0.0,0.0,0.0
1897,0.1642512077294686,1.0,0.0,0.5,0.0,0.0,1.0,1.0,1.0,1.0,0.0,1.0,0.0
1898,0.2125603864734299,0.5,0.5,0.75,0.5,0.0,1.0,0.5,1.0,0.0,1.0,1.0,1.0
1899,0.20772946859903385,0.5,1.0,0.5,0.5,0.0,0.0,0.5,1.0,0.0,1.0,0.5,1.0
1900,0.1690821256038647,0.5,0.5,0.75,0.5,0.0,0.0,0.0,1.0,0.0,0.0,0.5,1.0
1901,0.22705314009661837,0.0,0.0,0.25,0.5,1.0,1.0,0.5,1.0,0.0,0.0,0.0,1.0
1902,0.09178743961352653,0.5,0.0,0.25,0.0,1.0,1.0,0.5,1.0,1.0,0.0,0.0,0.0
1903,0.10144927536231885,0.5,0.5,0.75,1.0,1.0,1.0,0.0,0.0,1.0,1.0,0.5,1.0
1904,0.15942028985507245,0.5,0.5,0.0,0.0,1.0,1.0,1.0,1.0,1.0,1.0,0.0,0.0
1905,0.2753623188405797,1.0,0.5,1.0,0.5,0.0,1.0,0.0,1.0,1.0,1.0,1.0,1.0
1906,0.1497584541062802,0.0,1.0,0.25,1.0,1.0,0.0,0.5,0.0,0.0,1.0,0.0,1.0
1907,0.06763285024154586,1.0,0.5,0.5,0.0,0.0,0.0,0.5,1.0,1.0,0.0,0.5,0.0
1908,0.07729468599033817,0.0,0.5,0.25,1.0,1.0,0.0,1.0,0.0,0.0,0.0,0.5,1.0
1909,0.14009661835748793,1.0,0.0,0.75,0.0,0.0,1.0,0.5,1.0,1.0,0.0,1.0,0.0
1910,0.12077294685990336,0.5,0.5,0.75,1.0,0.0,1.0,0.0,0.0,0.0,1.0,0.5,1.0
1911,0.03381642512077293,0.5,1.0,0.5,0.5,0.0,0.0,0.0,0.0,0.0,1.0,0.0,0.0
1912,0.14009661835748793,0.5,0.5,0.75,0.0,0.0,1.0,0.5,1.0,0.0,1.0,1.0,0.0
1913,0.2753623188405797,0.5,0.5,0.75,0.5,0.0,1.0,0.0,1.0,0.0,1.0,0.5,1.0
1914,0.21739130434782605,0.0,0.5,0.25,1.0,1.0,1.0,0.5,0.0,0.0,1.0,0.0,1.0
1915,0.08695652173913043,1.0,0.5,0.5,0.5,0.0,1.0,0.5,0.0,1.0,1.0,0.5,0.0
1916,0.08212560386473428,0.5,1.0,0.25,0.5,1.0,0.0,0.5,0.0,1.0,1.0,0.0,0.0
1917,0.07729468599033817,1.0,0.5,0.25,0.5,0.0,0.0,1.0,0.0,1.0,0.0,0.5,0.0
1918,0.13526570048309178,0.5,0.5,1.0,0.0,0.0,0.0,0.0,1.0,0.0,0.0,1.0,0.0
1919,0.20772946859903385,0.5,0.5,0.25,0.5,0.0,0.0,0.5,1.0,0.0,0.0,0.0,1.0
1920,0.23671497584541057,0.5,0.0,0.25,0.5,0.0,1.0,1.0,1.0,0.0,0.0,0.5,1.0
1921,0.28019323671497587,0.0,1.0,0.75,0.5,1.0,0.0,0.5,1.0,0.0,1.0,1.0,1.0
1922,0.25120772946859904,0.5,1.0,0.25,0.5,1.0,0.0,1.0,1.0,1.0,1.0,0.5,1.0
1923,0.2125603864734299,1.0,0.0,0.5,0.5,0.0,1.0,1.0,1.0,1.0,0.0,1.0,1.0
1924,0.28019323671497587,0.5,0.5,1.0,0.5,0.0,1.0,0.0,1.0,0.0,1.0,1.0,1.0
1925,0.18840579710144928,0.5,1.0,0.5,1.0,0.0,0.0,0.0,0.0,0.0,1.0,0.0,1.0
1926,0.13526570048309178,0.0,0.5,0.25,0.0,1.0,0.0,0.5,1.0,0.0,0.0,0.0,0.0
1927,0.14009661835748793,0.5,0.5,0.25,1.0,1.0,0.0,1.0,0.0,1.0,0.0,0.5,1.0
1928,0.07246376811594202,0.5,0.0,0.75,0.5,1.0,1.0,0.5,0.0,1.0,0.0,1.0,0.0
1929,0.04347826086956519,1.0,0.5,0.25,0.5,0.0,0.0,0.5,0.0,1.0,0.0,0.0,0.0
1930,0.03381642512077293,0.5,0.0,0.25,0.5,0.0,1.0,1.0,0.0,0.0,0.0,0.5,0.0
1931,0.2222222222222222,0.5,1.0,1.0,0.5,0.0,0.0,0.0,1.0,0.0,1.0,1.0,1.0
1932,0.09178743961352653,0.5,0.5,0.75,0.0,1.0,0.0,0.0,1.0,1.0,0.0,0.5,0.0
1933,0.10144927536231885,0.5,0.0,0.5,1.0,1.0,1.0,0.0,0.0,1.0,0.0,0.0,1.0
1934,0.04347826086956519,0.0,1.0,0.0,0.5,1.0,0.0,1.0,0.0,0.0,1.0,0.0,0.0
1935,0.13526570048309178,1.0,0.0,1.0,0.0,0.0,1.0,0.0,1.0,1.0,0.0,1.0,0.0
1936,0.15942028985507245,0.0,0.5,0.0,1.0,1.0,1.0,1.0,0.0,0.0,1.0,0.0,1.0
1937,0.048309178743961345,1.0,1.0,1.0,0.5,0.0,0.0,0.0,0.0,1.0,1.0,1.0,0.0
1938,0.024154589371980673,0.0,0.5,0.5,0.5,1.0,0.0,0.0,0.0,0.0,0.0,0.0,0.0
1939,0.14009661835748793,1.0,0.5,0.0,0.0,0.0,0.0,1.0,1.0,1.0,0.0,0.0,0.0
1940,0.09178743961352653,1.0,1.0,0.25,1.0,0.0,0.0,0.5,0.0,1.0,1.0,0.0,1.0
1941,0.08212560386473428,0.0,0.5,0.75,0.0,1.0,0.0,0.0,1.0,0.0,0.0,0.5,0.0
1942,0.09661835748792269,0.5,0.0,0.25,1.0,1.0,1.0,0.5,0.0,1.0,0.0,0.0,1.0
1943,0.03864734299516909,1.0,1.0,0.75,0.5,0.0,0.0,0.0,0.0,1.0,1.0,0.5,0.0
1944,0.019323671497584516,0.5,0.5,0.25,0.5,1.0,0.0,1.0,0.0,1.0,0.0,0.5,0.0
1945,0.009661835748792258,1.0,0.0,0.5,0.5,0.0,1.0,1.0,0.0,1.0,0.0,1.0,0.0
1946,0.1159420289855072,0.0,0.0,0.75,0.0,1.0,1.0,0.5,1.0,0.0,0.0,1.0,0.0
1947,0.2222222222222222,1.0,1.0,0.25,0.5,0.0,0.0,1.0,1.0,1.0,1.0,0.5,1.0
1948,0.1497584541062802,0.5,0.0,1.0,1.0,0.0,1.0,0.0,0.0,0.0,0.0,1.0,1.0
1949,0.07729468599033817,0.5,0.0,0.0,0.5,0.0,1.0,1.0,0.0,0.0,0.0,0.0,0.0
1950,0.06763285024154586,0.0,0.5,0.75,0.5,1.0,1.0,0.5,0.0,0.0,1.0,1.0,0.0
1951,0.06280193236714976,0.5,0.5,0.75,0.5,1.0,1.0,0.0,0.0,1.0,1.0,0.5,0.0
1952,0.12077294685990336,1.0,1.0,0.25,0.0,0.0,0.0,0.5,1.0,1.0,1.0,0.0,0.0
1953,0.15942028985507245,0.0,0.0,0.25,0.5,1.0,1.0,1.0,1.0,0.0,0.0,0.5,1.0
1954,0.17391304347826086,0.5,1.0,0.75,0.5,1.0,0.0,0.5,1.0,1.0,1.0,1.0,1.0
1955,0.2028985507246377,0.5,0.5,0.25,0.5,1.0,0.0,1.0,1.0,1.0,0.0,0.5,1.0
1956,0.2125603864734299,0.5,0.0,1.0,0.5,1.0,1.0,0.0,1.0,1.0,0.0,1.0,1.0
1957,0.07729468599033817,0.5,0.0,0.0,0.5,1.0,1.0,1.0,0.0,1.0,0.0,0.0,0.0
1958,0.15942028985507245,1.0,1.0,1.0,0.0,0.0,0.0,0.0,1.0,1.0,1.0,1.0,0.0
1959,0.04347826086956519,0.5,0.5,0.0,0.5,1.0,1.0,1.0,0.0,1.0,1.0,0.0,0.0
1960,0.0579710144927536,0.5,1.0,1.0,0.5,1.0,0.0,0.0,0.0,1.0,1.0,1.0,0.0
1961,0.14492753623188404,1.0,0.0,0.0,0.0,0.0,1.0,1.0,1.0,1.0,0.0,0.0,0.0
1962,0.13043478260869562,0.5,0.5,0.75,1.0,0.0,1.0,0.5,0.0,0.0,1.0,1.0,1.0
1963,0.028985507246376774,0.5,1.0,0.5,0.5,0.0,0.0,0.5,0.0,0.0,1.0,0.5,0.0
1964,0.10628019323671495,0.5,0.0,0.75,0.0,0.0,1.0,0.0,1.0,0.0,0.0,0.5,0.0
1965,0.19323671497584538,0.5,1.0,0.25,0.5,0.0,0.0,0.5,1.0,0.0,1.0,0.0,1.0
1966,0.14009661835748793,0.0,0.0,0.5,1.0,1.0,1.0,0.5,0.0,0.0,0.0,0.5,1.0
1967,0.14492753623188404,0.5,1.0,0.5,0.0,1.0,0.0,0.5,1.0,1.0,1.0,0.5,0.0
1968,0.1111111111111111,1.0,0.5,0.25,1.0,0.0,0.0,1.0,0.0,1.0,0.0,0.5,1.0
1969,0.08212560386473428,0.5,1.0,0.25,0.5,1.0,0.0,0.5,0.0,1.0,1.0,0.0,0.0
1970,0.07729468599033817,1.0,0.5,0.25,0.5,0.0,0.0,1.0,0.0,1.0,0.0,0.5,0.0
1971,0.13526570048309178,0.5,0.5,1.0,0.0,0.0,0.0,0.0,1.0,0.0,0.0,1.0,0.0
1972,0.20772946859903385,0.5,0.5,0.25,0.5,0.0,0.0,0.5,1.0,0.0,0.0,0.0,1.0
1973,0.10144927536231885,0.5,0.5,0.75,1.0,1.0,0.0,0.0,0.0,1.0,0.0,0.5,1.0
1974,0.14009661835748793,0.5,0.5,0.5,0.0,1.0,0.0,0.0,1.0,1.0,0.0,0.0,0.0
1975,0.07729468599033817,0.5,1.0,0.75,0.0,0.0,0.0,0.5,1.0,0.0,1.0,1.0,0.0
1976,0.09178743961352653,1.0,0.5,0.25,1.0,0.0,1.0,0.5,0.0,1.0,1.0,0.0,1.0
1977,0.23671497584541057,1.0,1.0,0.5,0.5,0.0,0.0,1.0,1.0,1.0,1.0,1.0,1.0
1978,0.08212560386473428,0.5,0.5,0.25,0.5,1.0,1.0,0.5,0.0,1.0,1.0,0.0,0.0
1979,0.053140096618357446,1.0,0.5,0.75,0.5,0.0,1.0,0.0,0.0,1.0,1.0,0.5,0.0
1980,0.18357487922705312,0.5,0.5,0.0,0.5,1.0,0.0,1.0,1.0,1.0,0.0,0.0,1.0
1981,0.23188405797101452,0.5,0.0,0.75,0.5,1.0,1.0,0.5,1.0,1.0,0.0,1.0,1.0
1982,0.1159420289855072,0.0,1.0,1.0,1.0,1.0,0.0,0.0,0.0,0.0,1.0,1.0,1.0
1983,0.09661835748792269,0.5,0.5,0.5,1.0,0.0,1.0,0.0,0.0,0.0,1.0,0.0,1.0
1984,0.13526570048309178,1.0,0.5,0.5,0.0,0.0,1.0,0.0,1.0,1.0,1.0,0.0,0.0
1985,0.1159420289855072,0.0,1.0,0.5,1.0,1.0,0.0,0.0,0.0,0.0,1.0,0.0,1.0
1986,0.12560386473429952,0.5,1.0,1.0,1.0,0.0,0.0,0.0,0.0,0.0,1.0,1.0,1.0
1987,0.09178743961352653,0.0,0.0,0.25,0.0,1.0,1.0,0.5,1.0,0.0,0.0,0.0,0.0
1988,0.10628019323671495,1.0,1.0,0.25,1.0,0.0,0.0,1.0,0.0,1.0,1.0,0.5,1.0
1989,0.1159420289855072,0.5,0.0,0.75,0.0,0.0,1.0,0.5,1.0,0.0,0.0,1.0,0.0
1990,0.14009661835748793,0.5,0.5,0.75,0.0,0.0,1.0,0.5,1.0,0.0,1.0,1.0,0.0
1991,0.2753623188405797,0.5,0.5,0.75,0.5,0.0,1.0,0.0,1.0,0.0,1.0,0.5,1.0
1992,0.08212560386473428,0.5,1.0,0.25,0.5,1.0,0.0,0.5,0.0,1.0,1.0,0.0,0.0
1993,0.07729468599033817,1.0,0.5,0.25,0.5,0.0,0.0,1.0,0.0,1.0,0.0,0.5,0.0
1994,0.13526570048309178,0.5,0.5,1.0,0.0,0.0,0.0,0.0,1.0,0.0,0.0,1.0,0.0
1995,0.23671497584541057,0.5,0.0,0.25,0.5,0.0,1.0,1.0,1.0,0.0,0.0,0.5,1.0
1996,0.28019323671497587,0.0,1.0,0.75,0.5,1.0,0.0,0.5,1.0,0.0,1.0,1.0,1.0
1997,0.18840579710144928,1.0,1.0,0.75,1.0,0.0,0.0,0.5,0.0,1.0,1.0,1.0,1.0
1998,0.09178743961352653,0.0,0.0,0.25,0.5,1.0,1.0,1.0,0.0,0.0,0.0,0.5,0.0
1999,0.17391304347826086,1.0,0.5,0.5,0.0,0.0,1.0,1.0,1.0,1.0,1.0,1.0,0.0
2000,0.23188405797101452,0.0,1.0,1.0,0.5,1.0,0.0,0.0,1.0,0.0,1.0,1.0,1.0
2001,0.14492753623188404,1.0,0.0,0.5,1.0,0.0,1.0,0.0,0.0,1.0,0.0,0.0,1.0
2002,0.18840579710144928,0.0,1.0,0.5,1.0,1.0,0.0,0.0,0.0,0.0,1.0,0.0,1.0
2003,0.18357487922705312,1.0,0.5,0.5,0.0,0.0,0.0,0.0,1.0,1.0,0.0,0.0,0.0
2004,0.2850241545893719,0.0,0.0,0.5,0.5,1.0,1.0,0.0,1.0,0.0,0.0,0.0,1.0
2005,0.18357487922705312,0.5,1.0,0.25,1.0,1.0,0.0,0.5,0.0,1.0,1.0,0.0,1.0
2006,0.17874396135265697,0.5,0.5,0.0,0.5,0.0,0.0,1.0,1.0,0.0,0.0,0.0,1.0
2007,0.06280193236714976,1.0,0.0,0.5,1.0,0.0,1.0,1.0,0.0,1.0,0.0,1.0,1.0
2008,0.08695652173913043,0.0,0.5,0.5,0.0,1.0,1.0,1.0,1.0,0.0,1.0,1.0,0.0
2009,0.10144927536231885,1.0,0.5,1.0,1.0,0.0,1.0,0.0,0.0,1.0,1.0,1.0,1.0
2010,0.10144927536231885,0.5,0.5,0.25,0.0,0.0,1.0,0.5,1.0,0.0,1.0,0.0,0.0
2011,0.10628019323671495,0.0,0.5,0.5,1.0,1.0,1.0,0.5,0.0,0.0,1.0,0.5,1.0
2012,0.028985507246376774,0.5,1.0,0.25,0.5,1.0,0.0,1.0,0.0,1.0,1.0,0.5,0.0
2013,0.048309178743961345,0.5,0.0,1.0,0.5,1.0,1.0,0.0,0.0,1.0,0.0,1.0,0.0
2014,0.1690821256038647,0.0,0.0,0.75,1.0,1.0,1.0,0.0,0.0,0.0,0.0,0.5,1.0
2015,0.13526570048309178,1.0,0.5,0.5,0.0,0.0,1.0,0.0,1.0,1.0,1.0,0.0,0.0
2016,0.09178743961352653,0.0,0.0,0.25,0.0,1.0,1.0,0.5,1.0,0.0,0.0,0.0,0.0
2017,0.10628019323671495,1.0,1.0,0.25,1.0,0.0,0.0,1.0,0.0,1.0,1.0,0.5,1.0
2018,0.07729468599033817,0.0,0.5,0.75,0.0,1.0,0.0,0.5,1.0,0.0,0.0,1.0,0.0
2019,0.04347826086956519,0.0,1.0,1.0,0.5,1.0,0.0,0.0,0.0,0.0,1.0,1.0,0.0
2020,0.1642512077294686,1.0,0.5,0.5,0.0,0.0,1.0,0.5,1.0,1.0,1.0,0.5,0.0
2021,0.23671497584541057,0.0,0.5,0.5,0.5,1.0,1.0,0.5,1.0,0.0,1.0,0.5,1.0
2022,0.17391304347826086,1.0,0.5,0.75,1.0,0.0,1.0,0.0,0.0,1.0,1.0,0.5,1.0
2023,0.2753623188405797,0.5,0.5,0.75,0.5,0.0,1.0,0.0,1.0,0.0,1.0,0.5,1.0
2024,0.21739130434782605,0.0,0.5,0.25,1.0,1.0,1.0,0.5,0.0,0.0,1.0,0.0,1.0
2025,0.08695652173913043,1.0,0.5,0.5,0.5,0.0,1.0,0.5,0.0,1.0,1.0,0.5,0.0
2026,0.048309178743961345,0.0,0.5,0.75,0.5,1.0,1.0,0.0,0.0,0.0,1.0,0.5,0.0
2027,0.07729468599033817,1.0,0.5,0.25,0.5,0.0,0.0,1.0,0.0,1.0,0.0,0.5,0.0
2028,0.13526570048309178,0.5,0.5,1.0,0.0,0.0,0.0,0.0,1.0,0.0,0.0,1.0,0.0
2029,0.20772946859903385,0.5,0.5,0.25,0.5,0.0,0.0,0.5,1.0,0.0,0.0,0.0,1.0
2030,0.23671497584541057,0.5,0.0,0.25,0.5,0.0,1.0,1.0,1.0,0.0,0.0,0.5,1.0
2031,0.024154589371980673,0.5,0.5,0.25,0.5,1.0,1.0,1.0,0.0,1.0,1.0,0.5,0.0
2032,0.08695652173913043,0.5,1.0,0.5,0.0,1.0,0.0,1.0,1.0,1.0,1.0,1.0,0.0
2033,0.2946859903381642,0.0,0.5,0.25,0.5,1.0,0.0,0.5,1.0,0.0,0.0,0.0,1.0
2034,0.21739130434782605,1.0,0.0,0.5,1.0,0.0,1.0,0.5,0.0,1.0,0.0,0.5,1.0
2035,0.19806763285024154,0.0,0.5,0.75,0.0,1.0,1.0,0.0,1.0,0.0,1.0,0.5,0.0
2036,0.18357487922705312,1.0,0.5,0.0,1.0,0.0,1.0,1.0,0.0,1.0,1.0,0.0,1.0
2037,0.09178743961352653,0.0,0.5,1.0,0.5,1.0,1.0,0.0,0.0,0.0,1.0,1.0,0.0
2038,0.12077294685990336,0.5,1.0,0.0,0.5,1.0,0.0,1.0,0.0,1.0,1.0,0.0,0.0
2039,0.07246376811594202,1.0,0.5,0.5,0.5,0.0,0.0,1.0,0.0,1.0,0.0,1.0,0.0
2040,0.2028985507246377,0.0,0.0,0.5,0.0,1.0,1.0,1.0,1.0,0.0,0.0,1.0,0.0
2041,0.03381642512077293,1.0,0.5,0.75,0.5,0.0,0.0,0.0,0.0,1.0,0.0,0.5,0.0
2042,0.09661835748792269,0.5,0.0,0.5,0.0,0.0,1.0,0.0,1.0,0.0,0.0,0.0,0.0
2043,0.2125603864734299,0.0,0.5,0.5,0.5,1.0,1.0,0.0,1.0,0.0,1.0,0.0,1.0
2044,0.1690821256038647,1.0,0.5,0.25,0.0,0.0,1.0,1.0,1.0,1.0,1.0,0.5,0.0
2045,0.1545893719806763,0.5,1.0,0.5,1.0,0.0,0.0,1.0,0.0,0.0,1.0,1.0,1.0
2046,0.06763285024154586,0.0,0.0,1.0,0.5,1.0,1.0,0.0,0.0,0.0,0.0,1.0,0.0
2047,0.14009661835748793,1.0,1.0,0.0,0.0,0.0,0.0,1.0,1.0,1.0,1.0,0.0,0.0
2048,0.14009661835748793,0.5,0.5,0.75,1.0,0.0,0.0,0.5,0.0,0.0,0.0,1.0,1.0
2049,0.13043478260869562,0.0,0.0,0.5,0.0,1.0,1.0,0.5,1.0,0.0,0.0,0.5,0.0
2050,0.13043478260869562,1.0,0.5,0.25,1.0,0.0,1.0,1.0,0.0,1.0,1.0,0.5,1.0
2051,0.1545893719806763,1.0,0.5,0.25,0.0,0.0,1.0,0.5,1.0,1.0,1.0,0.0,0.0
2052,0.20772946859903385,0.0,1.0,0.25,0.5,1.0,0.0,1.0,1.0,0.0,1.0,0.5,1.0
2053,0.0579710144927536,0.5,0.5,0.0,0.5,0.0,1.0,1.0,0.0,0.0,1.0,0.0,0.0
2054,0.09661835748792269,1.0,0.5,0.5,1.0,0.0,0.0,0.0,0.0,1.0,0.0,0.0,1.0
2055,0.10628019323671495,0.5,0.5,0.5,0.0,0.0,0.0,0.0,1.0,0.0,0.0,0.0,0.0
2056,0.09178743961352653,0.5,0.5,0.0,1.0,0.0,0.0,1.0,0.0,0.0,0.0,0.0,1.0
2057,0.014492753623188415,0.5,0.0,0.75,0.5,0.0,1.0,0.5,0.0,0.0,0.0,1.0,0.0
2058,0.09661835748792269,0.0,0.5,0.5,0.5,1.0,1.0,0.5,0.0,0.0,1.0,0.5,0.0
2059,0.13526570048309178,0.5,1.0,0.25,1.0,0.0,0.0,0.5,0.0,0.0,1.0,0.0,1.0
2060,0.13043478260869562,0.0,1.0,0.75,0.0,1.0,0.0,0.0,1.0,0.0,1.0,0.5,0.0
2061,0.1497584541062802,0.5,0.5,0.0,1.0,1.0,0.0,1.0,0.0,1.0,0.0,0.0,1.0
2062,0.13043478260869562,0.5,0.0,1.0,0.0,1.0,1.0,0.0,1.0,1.0,0.0,1.0,0.0
2063,0.19323671497584538,0.5,0.5,0.0,0.5,1.0,1.0,1.0,1.0,1.0,1.0,0.0,1.0
2064,0.12560386473429952,1.0,0.5,0.5,1.0,0.0,1.0,1.0,0.0,1.0,1.0,1.0,1.0
2065,0.053140096618357446,0.0,0.0,0.0,0.5,1.0,1.0,1.0,0.0,0.0,0.0,0.0,0.0
2066,0.15942028985507245,0.0,0.0,0.0,1.0,1.0,1.0,1.0,0.0,0.0,0.0,0.0,1.0
2067,0.1545893719806763,1.0,1.0,0.5,0.0,0.0,0.0,1.0,1.0,1.0,1.0,1.0,0.0
2068,0.23188405797101452,0.0,0.5,0.75,0.5,1.0,0.0,0.5,1.0,0.0,0.0,1.0,1.0
2069,0.22705314009661837,0.5,0.5,0.75,0.5,1.0,0.0,0.0,1.0,1.0,0.0,0.5,1.0
2070,0.10144927536231885,1.0,0.5,0.25,0.0,0.0,0.0,0.5,1.0,1.0,0.0,0.0,0.0
2071,0.1545893719806763,0.0,0.0,0.5,0.5,1.0,1.0,0.5,1.0,0.0,0.0,0.5,1.0
2072,0.07246376811594202,1.0,0.5,0.5,1.0,0.0,1.0,0.5,0.0,1.0,1.0,0.5,1.0
2073,0.13526570048309178,0.5,0.5,0.5,0.0,0.0,1.0,0.5,1.0,0.0,1.0,0.5,0.0
2074,0.1642512077294686,0.5,1.0,0.25,1.0,0.0,0.0,1.0,0.0,0.0,1.0,0.5,1.0
2075,0.12077294685990336,0.0,0.0,0.75,0.5,1.0,1.0,0.5,0.0,0.0,0.0,1.0,0.0
2076,0.14009661835748793,0.5,0.5,0.75,0.0,0.0,1.0,0.5,1.0,0.0,1.0,1.0,0.0
2077,0.21739130434782605,0.0,0.5,0.25,1.0,1.0,1.0,0.5,0.0,0.0,1.0,0.0,1.0
2078,0.08695652173913043,1.0,0.5,0.5,0.5,0.0,1.0,0.5,0.0,1.0,1.0,0.5,0.0
2079,0.08212560386473428,0.5,1.0,0.25,0.5,1.0,0.0,0.5,0.0,1.0,1.0,0.0,0.0
2080,0.07729468599033817,1.0,0.5,0.25,0.5,0.0,0.0,1.0,0.0,1.0,0.0,0.5,0.0
2081,0.13526570048309178,0.5,0.5,1.0,0.0,0.0,0.0,0.0,1.0,0.0,0.0,1.0,0.0
2082,0.20772946859903385,0.5,0.5,0.25,0.5,0.0,0.0,0.5,1.0,0.0,0.0,0.0,1.0
2083,0.23671497584541057,0.5,0.0,0.25,0.5,0.0,1.0,1.0,1.0,0.0,0.0,0.5,1.0
2084,0.28019323671497587,0.0,1.0,0.75,0.5,1.0,0.0,0.5,1.0,0.0,1.0,1.0,1.0
2085,0.25120772946859904,0.5,1.0,0.25,0.5,1.0,0.0,1.0,1.0,1.0,1.0,0.5,1.0
2086,0.2125603864734299,1.0,0.0,0.5,0.5,0.0,1.0,1.0,1.0,1.0,0.0,1.0,1.0
2087,0.28019323671497587,0.5,0.5,1.0,0.5,0.0,1.0,0.0,1.0,0.0,1.0,1.0,1.0
2088,0.18840579710144928,0.5,1.0,0.5,1.0,0.0,0.0,0.0,0.0,0.0,1.0,0.0,1.0
2089,0.13526570048309178,0.0,0.5,0.25,0.0,1.0,0.0,0.5,1.0,0.0,0.0,0.0,0.0
2090,0.14009661835748793,0.5,0.5,0.25,1.0,1.0,0.0,1.0,0.0,1.0,0.0,0.5,1.0
2091,0.07246376811594202,0.5,0.0,0.75,0.5,1.0,1.0,0.5,0.0,1.0,0.0,1.0,0.0
2092,0.07729468599033817,0.5,1.0,0.75,0.5,1.0,0.0,0.0,0.0,1.0,1.0,0.5,0.0
2093,0.04347826086956519,1.0,0.5,0.25,0.5,0.0,0.0,0.5,0.0,1.0,0.0,0.0,0.0
2094,0.03381642512077293,0.5,0.0,0.25,0.5,0.0,1.0,1.0,0.0,0.0,0.0,0.5,0.0
2095,0.06280193236714976,0.0,0.0,0.5,1.0,1.0,1.0,1.0,0.0,0.0,0.0,1.0,1.0
2096,0.19323671497584538,0.5,0.5,0.25,0.5,1.0,1.0,1.0,1.0,1.0,1.0,0.5,1.0
2097,0.17391304347826086,1.0,0.5,1.0,1.0,0.0,0.0,0.0,0.0,1.0,0.0,1.0,1.0
2098,0.10628019323671495,0.5,0.5,0.75,0.0,0.0,0.0,0.5,1.0,0.0,0.0,1.0,0.0
2099,0.06280193236714976,0.5,0.5,0.5,1.0,0.0,0.0,0.5,0.0,0.0,0.0,0.5,1.0
2100,0.06763285024154586,0.5,0.0,0.75,0.5,0.0,1.0,0.0,0.0,0.0,0.0,0.5,0.0
2101,0.2222222222222222,0.5,0.5,1.0,0.5,0.0,0.0,0.0,1.0,0.0,0.0,1.0,1.0
2102,0.13526570048309178,0.0,0.5,0.5,1.0,1.0,0.0,0.0,0.0,0.0,0.0,0.0,1.0
2103,0.12077294685990336,0.5,1.0,0.25,0.5,1.0,0.0,0.5,1.0,1.0,1.0,0.0,1.0
2104,0.17391304347826086,1.0,0.5,0.5,0.5,0.0,0.0,0.5,1.0,1.0,0.0,0.5,1.0
2105,0.17874396135265697,0.5,0.0,0.5,0.5,0.0,1.0,0.5,1.0,0.0,0.0,0.5,1.0
2106,0.09661835748792269,0.0,0.5,0.75,1.0,1.0,1.0,0.0,0.0,0.0,1.0,0.5,1.0
2107,0.028985507246376774,1.0,0.5,0.0,0.5,0.0,1.0,1.0,0.0,1.0,1.0,0.0,0.0
2108,0.1159420289855072,0.0,1.0,0.5,0.0,1.0,0.0,1.0,1.0,0.0,1.0,1.0,0.0
2109,0.09661835748792269,0.5,1.0,0.75,1.0,1.0,0.0,0.5,0.0,1.0,1.0,1.0,1.0
2110,0.2946859903381642,0.0,0.0,0.5,0.5,1.0,1.0,1.0,1.0,0.0,0.0,1.0,1.0
2111,0.17391304347826086,1.0,0.5,0.5,0.0,0.0,1.0,1.0,1.0,1.0,1.0,1.0,0.0
2112,0.23188405797101452,0.0,1.0,1.0,0.5,1.0,0.0,0.0,1.0,0.0,1.0,1.0,1.0
2113,0.14492753623188404,1.0,0.0,0.5,1.0,0.0,1.0,0.0,0.0,1.0,0.0,0.0,1.0
2114,0.15942028985507245,0.5,0.5,0.5,0.0,0.0,1.0,0.0,1.0,0.0,1.0,0.0,0.0
2115,0.18840579710144928,0.0,1.0,0.5,1.0,1.0,0.0,0.0,0.0,0.0,1.0,0.0,1.0
2116,0.18357487922705312,1.0,0.5,0.5,0.0,0.0,0.0,0.0,1.0,1.0,0.0,0.0,0.0
2117,0.18357487922705312,0.5,1.0,0.25,1.0,1.0,0.0,0.5,0.0,1.0,1.0,0.0,1.0
2118,0.1690821256038647,0.5,1.0,0.5,0.5,1.0,0.0,0.0,1.0,1.0,1.0,0.0,1.0
2119,0.0579710144927536,0.0,0.5,0.25,0.5,1.0,1.0,1.0,0.0,0.0,1.0,0.5,0.0
2120,0.07246376811594202,0.5,1.0,0.75,0.5,1.0,0.0,0.5,0.0,1.0,1.0,1.0,0.0
2121,0.1111111111111111,0.5,0.0,0.25,0.0,1.0,1.0,1.0,1.0,1.0,0.0,0.5,0.0
2122,0.13526570048309178,1.0,1.0,0.75,1.0,0.0,0.0,0.5,0.0,1.0,1.0,1.0,1.0
2123,0.17874396135265697,0.5,0.0,0.5,0.0,0.0,1.0,0.5,1.0,0.0,0.0,0.5,0.0
2124,0.26086956521739124,0.5,0.5,0.25,0.0,1.0,1.0,0.5,1.0,1.0,1.0,0.0,0.0
2125,0.25120772946859904,0.5,1.0,0.25,0.5,1.0,0.0,1.0,1.0,1.0,1.0,0.5,1.0
2126,0.2125603864734299,1.0,0.0,0.5,0.5,0.0,1.0,1.0,1.0,1.0,0.0,1.0,1.0
2127,0.28019323671497587,0.5,0.5,1.0,0.5,0.0,1.0,0.0,1.0,0.0,1.0,1.0,1.0
2128,0.14009661835748793,0.5,0.5,0.25,1.0,1.0,0.0,1.0,0.0,1.0,0.0,0.5,1.0
2129,0.07246376811594202,0.5,0.0,0.75,0.5,1.0,1.0,0.5,0.0,1.0,0.0,1.0,0.0
2130,0.07729468599033817,0.5,1.0,0.75,0.5,1.0,0.0,0.0,0.0,1.0,1.0,0.5,0.0
2131,0.04347826086956519,1.0,0.5,0.25,0.5,0.0,0.0,0.5,0.0,1.0,0.0,0.0,0.0
2132,0.03381642512077293,0.5,0.0,0.25,0.5,0.0,1.0,1.0,0.0,0.0,0.0,0.5,0.0
2133,0.06763285024154586,0.0,0.5,0.5,0.0,1.0,0.0,0.5,1.0,0.0,0.0,0.5,0.0
2134,0.1690821256038647,1.0,0.0,0.25,0.5,0.0,1.0,1.0,1.0,1.0,0.0,0.5,1.0
2135,0.1497584541062802,0.0,1.0,0.5,0.5,1.0,0.0,1.0,1.0,0.0,1.0,1.0,1.0
2136,0.06280193236714976,0.5,0.5,0.75,0.5,0.0,1.0,0.5,0.0,0.0,1.0,1.0,0.0
2137,0.07729468599033817,0.0,1.0,0.75,0.5,1.0,0.0,0.0,0.0,0.0,1.0,0.5,0.0
2138,0.028985507246376774,1.0,1.0,0.5,0.5,0.0,0.0,1.0,0.0,1.0,1.0,1.0,0.0
2139,0.13043478260869562,0.5,0.0,1.0,0.0,0.0,1.0,0.0,1.0,0.0,0.0,1.0,0.0
2140,0.2222222222222222,0.5,0.5,1.0,0.5,0.0,0.0,0.0,1.0,0.0,0.0,1.0,1.0
2141,0.13526570048309178,0.0,0.5,0.5,1.0,1.0,0.0,0.0,0.0,0.0,0.0,0.0,1.0
2142,0.17391304347826086,1.0,0.5,0.5,0.5,0.0,0.0,0.5,1.0,1.0,0.0,0.5,1.0
2143,0.17874396135265697,0.5,0.0,0.5,0.5,0.0,1.0,0.5,1.0,0.0,0.0,0.5,1.0
2144,0.09661835748792269,0.0,0.5,0.75,1.0,1.0,1.0,0.0,0.0,0.0,1.0,0.5,1.0
2145,0.028985507246376774,1.0,0.5,0.0,0.5,0.0,1.0,1.0,0.0,1.0,1.0,0.0,0.0
2146,0.1159420289855072,0.0,1.0,0.5,0.0,1.0,0.0,1.0,1.0,0.0,1.0,1.0,0.0
2147,0.2028985507246377,0.5,0.0,0.5,0.5,1.0,1.0,1.0,1.0,1.0,0.0,1.0,1.0
2148,0.09661835748792269,0.5,1.0,0.75,1.0,1.0,0.0,0.5,0.0,1.0,1.0,1.0,1.0
2149,0.03381642512077293,1.0,0.5,0.75,0.5,0.0,0.0,0.0,0.0,1.0,0.0,0.5,0.0
2150,0.09661835748792269,0.5,0.0,0.5,0.0,0.0,1.0,0.0,1.0,0.0,0.0,0.0,0.0
2151,0.2125603864734299,0.0,0.5,0.5,0.5,1.0,1.0,0.0,1.0,0.0,1.0,0.0,1.0
2152,0.19323671497584538,0.5,0.5,0.25,1.0,1.0,1.0,0.5,0.0,1.0,1.0,0.0,1.0
2153,0.06763285024154586,0.0,0.0,1.0,0.5,1.0,1.0,0.0,0.0,0.0,0.0,1.0,0.0
2154,0.14009661835748793,1.0,1.0,0.0,0.0,0.0,0.0,1.0,1.0,1.0,1.0,0.0,0.0
2155,0.12560386473429952,0.5,0.5,0.5,1.0,0.0,0.0,1.0,0.0,0.0,0.0,1.0,1.0
2156,0.0579710144927536,0.0,0.0,0.5,0.5,1.0,1.0,0.5,0.0,0.0,0.0,0.5,0.0
2157,0.07729468599033817,1.0,0.5,0.25,0.5,0.0,1.0,1.0,0.0,1.0,1.0,0.5,0.0
2158,0.19806763285024154,0.5,0.5,0.0,0.5,0.0,1.0,1.0,1.0,0.0,1.0,0.0,1.0
2159,0.23188405797101452,0.5,0.5,0.75,0.5,0.0,1.0,0.5,1.0,0.0,1.0,1.0,1.0
2160,0.24637681159420288,0.5,1.0,0.75,0.5,0.0,0.0,0.0,1.0,0.0,1.0,0.5,1.0
2161,0.1497584541062802,0.0,0.5,0.5,1.0,1.0,0.0,0.0,0.0,0.0,0.0,0.0,1.0
2162,0.10144927536231885,0.5,0.5,0.25,0.0,1.0,0.0,1.0,1.0,1.0,0.0,0.5,0.0
2163,0.08695652173913043,1.0,0.5,0.75,1.0,0.0,0.0,0.5,0.0,1.0,0.0,1.0,1.0
2164,0.09661835748792269,0.5,0.5,0.5,1.0,0.0,1.0,0.0,0.0,0.0,1.0,0.0,1.0
2165,0.08695652173913043,0.0,0.5,0.5,0.0,1.0,1.0,1.0,1.0,0.0,1.0,1.0,0.0
2166,0.10144927536231885,0.5,0.5,0.25,0.0,0.0,1.0,0.5,1.0,0.0,1.0,0.0,0.0
2167,0.10628019323671495,0.0,0.5,0.5,1.0,1.0,1.0,0.5,0.0,0.0,1.0,0.5,1.0
2168,0.09178743961352653,0.5,1.0,0.5,0.5,1.0,0.0,0.0,0.0,1.0,1.0,0.0,0.0
2169,0.024154589371980673,0.0,0.0,0.5,0.5,1.0,1.0,1.0,0.0,0.0,0.0,1.0,0.0
2170,0.053140096618357446,0.0,1.0,0.25,0.5,1.0,0.0,0.5,0.0,0.0,1.0,0.0,0.0
2171,0.14009661835748793,1.0,0.0,0.25,0.0,0.0,1.0,1.0,1.0,1.0,0.0,0.5,0.0
2172,0.20772946859903385,0.5,1.0,0.75,0.5,0.0,0.0,0.5,1.0,0.0,1.0,1.0,1.0
2173,0.13526570048309178,0.5,0.0,0.25,0.0,1.0,1.0,0.5,1.0,1.0,0.0,0.0,0.0
2174,0.23188405797101452,1.0,1.0,0.75,0.5,0.0,0.0,0.0,1.0,1.0,1.0,0.5,1.0
2175,0.13043478260869562,0.0,0.0,0.5,1.0,1.0,1.0,0.0,0.0,0.0,0.0,0.0,1.0
2176,0.09661835748792269,0.5,0.5,0.5,0.0,1.0,1.0,0.0,1.0,1.0,1.0,0.0,0.0
2177,0.0579710144927536,0.5,0.0,0.5,0.0,1.0,1.0,0.0,1.0,1.0,0.0,0.0,0.0
2178,0.17391304347826086,1.0,0.5,0.5,0.5,0.0,0.0,0.5,1.0,1.0,0.0,0.5,1.0
2179,0.028985507246376774,1.0,0.5,0.0,0.5,0.0,1.0,1.0,0.0,1.0,1.0,0.0,0.0
2180,0.1159420289855072,0.0,1.0,0.5,0.0,1.0,0.0,1.0,1.0,0.0,1.0,1.0,0.0
2181,0.2028985507246377,0.5,0.0,0.5,0.5,1.0,1.0,1.0,1.0,1.0,0.0,1.0,1.0
2182,0.09661835748792269,0.5,1.0,0.75,1.0,1.0,0.0,0.5,0.0,1.0,1.0,1.0,1.0
2183,0.1159420289855072,0.0,1.0,1.0,1.0,1.0,0.0,0.0,0.0,0.0,1.0,1.0,1.0
2184,0.04347826086956519,1.0,0.5,0.5,0.5,0.0,0.0,0.0,0.0,1.0,0.0,0.0,0.0
2185,0.03381642512077293,0.0,0.0,0.5,0.5,1.0,1.0,0.0,0.0,0.0,0.0,0.0,0.0
2186,0.028985507246376774,0.5,1.0,0.5,0.5,1.0,0.0,0.5,0.0,1.0,1.0,0.5,0.0
2187,0.10144927536231885,0.5,0.5,0.25,0.0,1.0,0.0,1.0,1.0,1.0,0.0,0.5,0.0
2188,0.08695652173913043,1.0,0.5,0.75,1.0,0.0,0.0,0.5,0.0,1.0,0.0,1.0,1.0
2189,0.1111111111111111,0.5,0.5,0.75,0.0,0.0,1.0,0.0,1.0,0.0,1.0,0.5,0.0
2190,0.09661835748792269,0.5,0.5,0.5,1.0,0.0,1.0,0.0,0.0,0.0,1.0,0.0,1.0
2191,0.06763285024154586,0.0,1.0,0.5,0.5,1.0,0.0,0.5,0.0,0.0,1.0,0.5,0.0
2192,0.1642512077294686,0.0,0.5,0.25,1.0,1.0,1.0,1.0,0.0,0.0,1.0,0.5,1.0
2193,0.1497584541062802,0.5,0.5,1.0,0.0,1.0,1.0,0.0,1.0,1.0,1.0,1.0,0.0
2194,0.15942028985507245,0.0,0.5,0.5,0.5,1.0,0.0,0.5,1.0,0.0,0.0,0.5,1.0
2195,0.17874396135265697,0.5,0.5,0.0,0.5,0.0,0.0,1.0,1.0,0.0,0.0,0.0,1.0
2196,0.13526570048309178,0.0,0.5,0.5,0.5,1.0,0.0,1.0,1.0,0.0,0.0,1.0,1.0
2197,0.10144927536231885,0.5,0.5,0.25,0.0,0.0,1.0,0.5,1.0,0.0,1.0,0.0,0.0
2198,0.10628019323671495,0.0,0.5,0.5,1.0,1.0,1.0,0.5,0.0,0.0,1.0,0.5,1.0
2199,0.028985507246376774,0.5,1.0,0.25,0.5,1.0,0.0,1.0,0.0,1.0,1.0,0.5,0.0
2200,0.048309178743961345,0.5,0.0,1.0,0.5,1.0,1.0,0.0,0.0,1.0,0.0,1.0,0.0
2201,0.048309178743961345,0.5,0.0,0.5,0.0,1.0,1.0,0.5,1.0,1.0,0.0,0.5,0.0
2202,0.14492753623188404,1.0,0.5,0.75,0.5,0.0,1.0,0.0,1.0,1.0,1.0,0.5,1.0
2203,0.10628019323671495,0.5,0.5,0.0,1.0,0.0,1.0,1.0,0.0,0.0,1.0,0.0,1.0
2204,0.12560386473429952,0.0,0.5,1.0,0.0,1.0,1.0,0.0,1.0,0.0,1.0,1.0,0.0
2205,0.21739130434782605,1.0,1.0,0.25,0.5,0.0,0.0,0.5,1.0,1.0,1.0,0.0,1.0
2206,0.2028985507246377,0.0,0.5,0.75,0.5,1.0,0.0,0.0,1.0,0.0,0.0,0.5,1.0
2207,0.1690821256038647,0.5,0.0,0.0,0.5,1.0,1.0,1.0,1.0,1.0,0.0,0.0,1.0
2208,0.06763285024154586,1.0,1.0,1.0,1.0,0.0,0.0,0.0,0.0,1.0,1.0,1.0,1.0
2209,0.13043478260869562,0.0,0.5,0.0,0.0,1.0,0.0,1.0,1.0,0.0,0.0,0.0,0.0
2210,0.1545893719806763,0.5,1.0,0.75,0.5,1.0,0.0,0.0,1.0,1.0,1.0,0.5,1.0
2211,0.09661835748792269,0.5,0.0,0.25,1.0,1.0,1.0,0.5,0.0,1.0,0.0,0.0,1.0
2212,0.1497584541062802,1.0,1.0,0.75,0.0,0.0,0.0,0.0,1.0,1.0,1.0,0.5,0.0
2213,0.19806763285024154,0.0,0.5,0.25,0.5,1.0,0.0,0.5,1.0,0.0,0.0,0.0,1.0
2214,0.19806763285024154,0.5,0.5,0.25,0.5,0.0,1.0,0.5,1.0,0.0,1.0,0.0,1.0
2215,0.13043478260869562,0.0,0.5,0.25,1.0,1.0,1.0,1.0,0.0,0.0,1.0,0.5,1.0
2216,0.15942028985507245,0.0,1.0,0.0,0.0,1.0,0.0,1.0,1.0,0.0,1.0,0.0,0.0
2217,0.12077294685990336,0.5,1.0,0.25,0.5,1.0,0.0,0.5,1.0,1.0,1.0,0.0,1.0
2218,0.17391304347826086,1.0,0.5,0.5,0.5,0.0,0.0,0.5,1.0,1.0,0.0,0.5,1.0
2219,0.17874396135265697,0.5,0.0,0.5,0.5,0.0,1.0,0.5,1.0,0.0,0.0,0.5,1.0
2220,0.09661835748792269,0.0,0.5,0.75,1.0,1.0,1.0,0.0,0.0,0.0,1.0,0.5,1.0
2221,0.1159420289855072,0.0,1.0,0.5,0.0,1.0,0.0,1.0,1.0,0.0,1.0,1.0,0.0
2222,0.09661835748792269,0.5,1.0,0.75,1.0,1.0,0.0,0.5,0.0,1.0,1.0,1.0,1.0
2223,0.024154589371980673,0.5,0.5,0.25,0.5,1.0,1.0,1.0,0.0,1.0,1.0,0.5,0.0
2224,0.08695652173913043,0.5,1.0,0.5,0.0,1.0,0.0,1.0,1.0,1.0,1.0,1.0,0.0
2225,0.2028985507246377,1.0,0.5,1.0,0.5,0.0,0.0,0.0,1.0,1.0,0.0,1.0,1.0
2226,0.2946859903381642,0.0,0.5,0.25,0.5,1.0,0.0,0.5,1.0,0.0,0.0,0.0,1.0
2227,0.21739130434782605,1.0,0.0,0.5,1.0,0.0,1.0,0.5,0.0,1.0,0.0,0.5,1.0
2228,0.19806763285024154,0.0,0.5,0.75,0.0,1.0,1.0,0.0,1.0,0.0,1.0,0.5,0.0
2229,0.18357487922705312,1.0,0.5,0.0,1.0,0.0,1.0,1.0,0.0,1.0,1.0,0.0,1.0
2230,0.09178743961352653,0.0,0.5,1.0,0.5,1.0,1.0,0.0,0.0,0.0,1.0,1.0,0.0
2231,0.12077294685990336,0.5,1.0,0.0,0.5,1.0,0.0,1.0,0.0,1.0,1.0,0.0,0.0
2232,0.07246376811594202,1.0,0.5,0.5,0.5,0.0,0.0,1.0,0.0,1.0,0.0,1.0,0.0
2233,0.2028985507246377,0.0,0.0,0.5,0.0,1.0,1.0,1.0,1.0,0.0,0.0,1.0,0.0
2234,0.0579710144927536,0.5,1.0,0.75,0.5,0.0,0.0,0.5,0.0,0.0,1.0,1.0,0.0
2235,0.1545893719806763,0.5,0.0,0.25,0.0,0.0,1.0,1.0,1.0,0.0,0.0,0.5,0.0
2236,0.2753623188405797,0.5,1.0,0.0,0.5,0.0,0.0,1.0,1.0,0.0,1.0,0.0,1.0
2237,0.18357487922705312,1.0,1.0,0.0,1.0,0.0,0.0,1.0,0.0,1.0,1.0,0.0,1.0
2238,0.1690821256038647,0.0,0.0,0.75,1.0,1.0,1.0,0.0,0.0,0.0,0.0,0.5,1.0
2239,0.13526570048309178,1.0,0.5,0.5,0.0,0.0,1.0,0.0,1.0,1.0,1.0,0.0,0.0
2240,0.1159420289855072,0.0,1.0,0.5,1.0,1.0,0.0,0.0,0.0,0.0,1.0,0.0,1.0
2241,0.08695652173913043,0.5,0.5,0.0,0.0,1.0,0.0,1.0,1.0,1.0,0.0,0.0,0.0
2242,0.13526570048309178,1.0,0.5,0.5,0.5,0.0,0.0,1.0,1.0,1.0,0.0,1.0,1.0
2243,0.1690821256038647,0.5,0.0,0.5,0.5,0.0,1.0,1.0,1.0,0.0,0.0,1.0,1.0
2244,0.12560386473429952,0.5,1.0,1.0,1.0,0.0,0.0,0.0,0.0,0.0,1.0,1.0,1.0
2245,0.09178743961352653,0.0,0.0,0.25,0.0,1.0,1.0,0.5,1.0,0.0,0.0,0.0,0.0
2246,0.10628019323671495,1.0,1.0,0.25,1.0,0.0,0.0,1.0,0.0,1.0,1.0,0.5,1.0
2247,0.1159420289855072,0.5,0.0,0.75,0.0,0.0,1.0,0.5,1.0,0.0,0.0,1.0,0.0
2248,0.22705314009661837,0.0,1.0,0.75,0.5,1.0,0.0,0.0,1.0,0.0,1.0,0.5,1.0
2249,0.19323671497584538,0.0,1.0,0.0,0.5,1.0,0.0,1.0,1.0,0.0,1.0,0.0,1.0
2250,0.10144927536231885,0.5,0.0,0.5,1.0,1.0,1.0,1.0,0.0,1.0,0.0,1.0,1.0
2251,0.07246376811594202,0.5,0.5,0.75,0.0,1.0,1.0,0.5,1.0,1.0,1.0,1.0,0.0
2252,0.13526570048309178,1.0,1.0,0.5,0.5,0.0,0.0,0.5,1.0,1.0,1.0,0.5,1.0
2253,0.14492753623188404,0.0,0.5,0.5,0.5,1.0,0.0,0.5,1.0,0.0,0.0,0.5,1.0
2254,0.2028985507246377,1.0,0.5,0.75,0.5,0.0,0.0,0.0,1.0,1.0,0.0,0.5,1.0
2255,0.24637681159420288,0.0,0.0,0.0,0.5,1.0,1.0,1.0,1.0,0.0,0.0,0.0,1.0
2256,0.13526570048309178,0.5,0.5,1.0,1.0,1.0,1.0,0.0,0.0,1.0,1.0,1.0,1.0
2257,0.019323671497584516,1.0,1.0,0.5,0.5,0.0,0.0,0.0,0.0,1.0,1.0,0.0,0.0
2258,0.1111111111111111,0.0,0.0,0.5,0.0,1.0,1.0,0.0,1.0,0.0,0.0,0.0,0.0
2259,0.15942028985507245,0.5,1.0,0.0,1.0,1.0,0.0,1.0,0.0,1.0,1.0,0.0,1.0
2260,0.06280193236714976,0.0,0.0,0.5,1.0,1.0,1.0,1.0,0.0,0.0,0.0,1.0,1.0
2261,0.1545893719806763,0.5,0.5,1.0,0.0,0.0,1.0,0.0,1.0,0.0,1.0,1.0,0.0
2262,0.19323671497584538,0.5,0.5,0.25,0.5,1.0,1.0,1.0,1.0,1.0,1.0,0.5,1.0
2263,0.25120772946859904,0.5,1.0,0.5,0.5,1.0,0.0,1.0,1.0,1.0,1.0,1.0,1.0
2264,0.17391304347826086,1.0,0.5,1.0,1.0,0.0,0.0,0.0,0.0,1.0,0.0,1.0,1.0
2265,0.08212560386473428,0.5,0.5,0.0,0.5,0.0,0.0,1.0,0.0,0.0,0.0,0.0,0.0
2266,0.10628019323671495,0.5,0.5,0.75,0.0,0.0,0.0,0.5,1.0,0.0,0.0,1.0,0.0
2267,0.06280193236714976,0.5,0.5,0.5,1.0,0.0,0.0,0.5,0.0,0.0,0.0,0.5,1.0
2268,0.06763285024154586,0.5,0.0,0.75,0.5,0.0,1.0,0.0,0.0,0.0,0.0,0.5,0.0
2269,0.13526570048309178,0.0,0.5,0.5,1.0,1.0,0.0,0.0,0.0,0.0,0.0,0.0,1.0
2270,0.0579710144927536,0.5,0.0,0.5,0.0,1.0,1.0,0.0,1.0,1.0,0.0,0.0,0.0
2271,0.12077294685990336,0.5,1.0,0.25,0.5,1.0,0.0,0.5,1.0,1.0,1.0,0.0,1.0
2272,0.17391304347826086,1.0,0.5,0.5,0.5,0.0,0.0,0.5,1.0,1.0,0.0,0.5,1.0
2273,0.09661835748792269,0.0,0.5,0.75,1.0,1.0,1.0,0.0,0.0,0.0,1.0,0.5,1.0
2274,0.1159420289855072,0.0,1.0,0.5,0.0,1.0,0.0,1.0,1.0,0.0,1.0,1.0,0.0
2275,0.2028985507246377,0.5,0.0,0.5,0.5,1.0,1.0,1.0,1.0,1.0,0.0,1.0,1.0
2276,0.09661835748792269,0.5,1.0,0.75,1.0,1.0,0.0,0.5,0.0,1.0,1.0,1.0,1.0
2277,0.17391304347826086,0.0,0.5,0.25,0.0,1.0,1.0,0.5,1.0,0.0,1.0,0.0,0.0
2278,0.1111111111111111,0.5,1.0,0.25,1.0,1.0,0.0,0.5,0.0,1.0,1.0,0.0,1.0
2279,0.06280193236714976,0.5,0.0,0.5,0.5,1.0,1.0,0.5,0.0,1.0,0.0,0.5,0.0
2280,1.0,0.5,0.5,0.25,0.5,1.0,0.0,0.5,1.0,1.0,0.0,0.0,1.0
2281,0.17391304347826086,0.5,0.0,0.75,1.0,1.0,1.0,0.0,0.0,1.0,0.0,0.5,1.0
2282,0.1545893719806763,1.0,1.0,0.25,0.0,0.0,0.0,0.5,1.0,1.0,1.0,0.0,0.0
2283,0.18357487922705312,0.0,0.0,0.25,1.0,1.0,1.0,1.0,0.0,0.0,0.0,0.5,1.0
2284,0.09661835748792269,1.0,1.0,0.75,0.5,0.0,0.0,0.5,0.0,1.0,1.0,1.0,0.0
2285,0.06763285024154586,0.5,0.5,0.75,0.5,0.0,0.0,0.5,0.0,0.0,0.0,1.0,0.0
2286,0.0579710144927536,0.0,0.0,0.5,0.5,1.0,1.0,0.5,0.0,0.0,0.0,0.5,0.0
2287,0.07729468599033817,1.0,0.5,0.25,0.5,0.0,1.0,1.0,0.0,1.0,1.0,0.5,0.0
2288,0.053140096618357446,0.0,1.0,0.5,0.5,1.0,0.0,1.0,0.0,0.0,1.0,1.0,0.0
2289,0.09661835748792269,1.0,0.0,1.0,0.0,0.0,1.0,0.0,1.0,1.0,0.0,1.0,0.0
2290,0.19806763285024154,0.5,0.5,0.0,0.5,0.0,1.0,1.0,1.0,0.0,1.0,0.0,1.0
2291,0.23188405797101452,0.5,0.5,0.75,0.5,0.0,1.0,0.5,1.0,0.0,1.0,1.0,1.0
2292,0.1111111111111111,0.5,0.5,0.25,0.5,1.0,0.0,0.5,0.0,1.0,0.0,0.0,0.0
2293,0.14492753623188404,0.5,0.5,0.5,0.0,1.0,0.0,1.0,1.0,1.0,0.0,1.0,0.0
2294,0.2222222222222222,1.0,0.5,0.75,0.5,0.0,0.0,0.5,1.0,1.0,0.0,1.0,1.0
2295,0.1111111111111111,0.5,0.0,0.75,1.0,0.0,1.0,0.0,0.0,0.0,0.0,0.5,1.0
2296,0.1545893719806763,0.0,0.5,0.5,0.0,1.0,1.0,0.0,1.0,0.0,1.0,0.0,0.0
2297,0.26086956521739124,0.5,0.5,0.25,0.5,1.0,1.0,0.5,1.0,1.0,1.0,0.0,1.0
2298,0.23671497584541057,1.0,0.5,0.25,0.5,0.0,1.0,1.0,1.0,1.0,1.0,0.5,1.0
2299,0.20772946859903385,0.5,1.0,0.5,0.5,0.0,0.0,1.0,1.0,0.0,1.0,1.0,1.0
2300,0.1111111111111111,0.0,0.0,0.75,1.0,1.0,1.0,0.5,0.0,0.0,0.0,1.0,1.0
2301,0.03864734299516909,1.0,1.0,0.5,0.5,0.0,0.0,0.5,0.0,1.0,1.0,0.5,0.0
2302,0.19323671497584538,0.5,1.0,1.0,1.0,1.0,0.0,0.0,0.0,1.0,1.0,1.0,1.0
2303,0.03864734299516909,0.5,0.0,0.5,0.5,1.0,1.0,1.0,0.0,1.0,0.0,1.0,0.0
2304,0.09661835748792269,0.5,1.0,1.0,0.0,1.0,0.0,0.0,1.0,1.0,1.0,1.0,0.0
2305,0.08212560386473428,1.0,0.0,0.0,1.0,0.0,1.0,1.0,0.0,1.0,0.0,0.0,1.0
2306,0.09178743961352653,0.0,1.0,0.75,0.0,1.0,0.0,0.5,1.0,0.0,1.0,1.0,0.0
2307,0.14009661835748793,1.0,0.5,0.75,1.0,0.0,1.0,0.5,0.0,1.0,1.0,1.0,1.0
2308,0.1159420289855072,0.5,1.0,0.75,0.0,0.0,0.0,0.0,1.0,0.0,1.0,0.5,0.0
2309,0.24154589371980673,0.5,0.0,0.0,0.5,0.0,1.0,1.0,1.0,0.0,0.0,0.0,1.0
2310,0.13526570048309178,0.5,1.0,0.75,1.0,0.0,0.0,0.5,0.0,0.0,1.0,1.0,1.0
2311,0.13526570048309178,0.5,0.5,0.5,0.0,0.0,0.0,0.5,1.0,0.0,0.0,0.5,0.0
2312,0.28019323671497587,0.0,0.0,0.75,0.5,1.0,1.0,0.0,1.0,0.0,0.0,0.5,1.0
2313,0.10144927536231885,0.5,0.5,0.75,1.0,1.0,1.0,0.0,0.0,1.0,1.0,0.5,1.0
2314,0.15942028985507245,0.5,0.5,0.0,0.0,1.0,1.0,1.0,1.0,1.0,1.0,0.0,0.0
2315,0.2753623188405797,1.0,0.5,1.0,0.5,0.0,1.0,0.0,1.0,1.0,1.0,1.0,1.0
2316,0.1497584541062802,0.0,1.0,0.25,1.0,1.0,0.0,0.5,0.0,0.0,1.0,0.0,1.0
2317,0.06763285024154586,1.0,0.5,0.5,0.0,0.0,0.0,0.5,1.0,1.0,0.0,0.5,0.0
2318,0.07729468599033817,0.0,0.5,0.25,1.0,1.0,0.0,1.0,0.0,0.0,0.0,0.5,1.0
2319,0.12077294685990336,0.5,0.5,0.75,1.0,0.0,1.0,0.0,0.0,0.0,1.0,0.5,1.0
2320,0.03381642512077293,0.5,1.0,0.5,0.5,0.0,0.0,0.0,0.0,0.0,1.0,0.0,0.0
2321,0.09178743961352653,0.0,0.5,0.25,0.5,1.0,0.0,1.0,0.0,0.0,0.0,0.5,0.0
2322,0.0579710144927536,1.0,0.0,1.0,0.5,0.0,1.0,0.0,0.0,1.0,0.0,1.0,0.0
2323,0.07729468599033817,0.0,0.5,0.0,0.5,1.0,1.0,1.0,0.0,0.0,1.0,0.0,0.0
2324,0.09178743961352653,1.0,0.5,0.75,0.5,0.0,1.0,0.5,0.0,1.0,1.0,1.0,0.0
2325,0.12560386473429952,0.0,1.0,0.25,0.0,1.0,0.0,1.0,1.0,0.0,1.0,0.5,0.0
2326,0.19806763285024154,0.5,0.5,0.75,0.5,1.0,0.0,0.5,1.0,1.0,0.0,1.0,1.0
2327,0.19806763285024154,1.0,0.0,0.5,0.5,0.0,1.0,0.5,1.0,1.0,0.0,0.5,1.0
2328,0.20772946859903385,0.0,0.5,0.75,0.5,1.0,1.0,0.0,1.0,0.0,1.0,0.5,1.0
2329,0.21739130434782605,0.5,0.5,0.0,0.5,1.0,1.0,1.0,1.0,1.0,1.0,0.0,1.0
2330,0.19323671497584538,0.5,0.5,0.75,1.0,1.0,1.0,0.5,0.0,1.0,1.0,1.0,1.0
2331,0.04347826086956519,0.5,0.5,1.0,0.5,0.0,1.0,0.0,0.0,0.0,1.0,1.0,0.0
2332,0.0579710144927536,0.0,1.0,0.5,0.5,1.0,0.0,0.0,0.0,0.0,1.0,0.0,0.0
2333,0.048309178743961345,1.0,0.5,0.0,0.5,0.0,0.0,1.0,0.0,1.0,0.0,0.0,0.0
2334,0.1159420289855072,0.0,0.5,1.0,0.0,1.0,0.0,0.0,1.0,0.0,0.0,1.0,0.0
2335,0.09661835748792269,0.5,0.0,0.0,1.0,1.0,1.0,1.0,0.0,1.0,0.0,0.0,1.0
2336,0.04347826086956519,0.5,1.0,0.5,0.5,1.0,0.0,1.0,0.0,1.0,1.0,1.0,0.0
2337,0.27053140096618356,0.5,0.0,0.75,0.0,1.0,1.0,0.5,1.0,1.0,0.0,1.0,0.0
2338,0.3719806763285024,1.0,0.5,0.5,0.5,0.0,1.0,0.5,1.0,1.0,1.0,0.5,1.0
2339,0.2028985507246377,0.5,0.5,0.25,0.5,0.0,1.0,1.0,1.0,0.0,1.0,0.5,1.0
2340,0.08212560386473428,0.0,0.5,1.0,1.0,1.0,1.0,0.0,0.0,0.0,1.0,1.0,1.0
2341,0.17874396135265697,0.5,1.0,0.25,0.0,1.0,0.0,0.5,1.0,1.0,1.0,0.0,0.0
2342,0.13526570048309178,1.0,0.5,0.25,0.0,0.0,0.0,1.0,1.0,1.0,0.0,0.5,0.0
2343,0.23671497584541057,0.0,0.0,0.75,0.5,1.0,1.0,0.5,1.0,0.0,0.0,1.0,1.0
2344,0.27053140096618356,0.5,0.5,0.75,0.5,1.0,1.0,0.0,1.0,1.0,1.0,0.5,1.0
2345,0.1642512077294686,1.0,0.5,0.5,1.0,0.0,1.0,0.0,0.0,1.0,1.0,0.0,1.0
2346,0.08212560386473428,0.0,0.5,0.5,0.5,1.0,1.0,0.0,0.0,0.0,1.0,0.0,0.0
2347,0.17391304347826086,1.0,0.5,0.0,0.0,0.0,1.0,1.0,1.0,1.0,1.0,0.0,0.0
2348,0.2222222222222222,0.5,0.0,0.25,0.5,0.0,1.0,0.5,1.0,0.0,0.0,0.0,1.0
2349,0.1159420289855072,0.5,0.5,0.25,1.0,0.0,1.0,1.0,0.0,0.0,1.0,0.5,1.0
2350,0.004830917874396101,0.5,1.0,1.0,0.5,0.0,0.0,0.0,0.0,0.0,1.0,1.0,0.0
2351,0.03381642512077293,1.0,0.5,0.75,0.5,0.0,0.0,0.0,0.0,1.0,0.0,0.5,0.0
2352,0.09661835748792269,0.5,0.0,0.5,0.0,0.0,1.0,0.0,1.0,0.0,0.0,0.0,0.0
2353,0.19323671497584538,0.5,0.5,0.25,1.0,1.0,1.0,0.5,0.0,1.0,1.0,0.0,1.0
2354,0.1690821256038647,1.0,0.5,0.25,0.0,0.0,1.0,1.0,1.0,1.0,1.0,0.5,0.0
2355,0.1545893719806763,0.5,1.0,0.5,1.0,0.0,0.0,1.0,0.0,0.0,1.0,1.0,1.0
2356,0.06763285024154586,0.0,0.0,1.0,0.5,1.0,1.0,0.0,0.0,0.0,0.0,1.0,0.0
2357,0.14009661835748793,1.0,1.0,0.0,0.0,0.0,0.0,1.0,1.0,1.0,1.0,0.0,0.0
2358,0.14009661835748793,0.5,0.5,0.75,1.0,0.0,0.0,0.5,0.0,0.0,0.0,1.0,1.0
2359,0.13043478260869562,0.0,0.0,0.5,0.0,1.0,1.0,0.5,1.0,0.0,0.0,0.5,0.0
2360,0.13043478260869562,1.0,0.5,0.25,1.0,0.0,1.0,1.0,0.0,1.0,1.0,0.5,1.0
2361,0.1545893719806763,1.0,0.5,0.5,0.5,0.0,1.0,1.0,1.0,1.0,1.0,1.0,1.0
2362,0.048309178743961345,0.0,0.5,0.75,1.0,1.0,1.0,0.5,0.0,0.0,1.0,1.0,1.0
2363,0.1545893719806763,0.5,0.5,0.75,0.0,1.0,1.0,0.0,1.0,1.0,1.0,0.5,0.0
2364,0.09178743961352653,0.5,0.5,0.25,0.0,0.0,0.0,0.5,1.0,0.0,0.0,0.0,0.0
2365,0.08212560386473428,0.5,0.5,0.25,1.0,0.0,0.0,1.0,0.0,0.0,0.0,0.5,1.0
2366,0.1111111111111111,0.0,0.5,0.75,0.0,1.0,1.0,0.5,1.0,0.0,1.0,1.0,0.0
2367,0.1159420289855072,0.5,1.0,0.25,1.0,1.0,0.0,1.0,0.0,1.0,1.0,0.5,1.0
2368,0.07729468599033817,0.5,1.0,0.25,0.0,0.0,0.0,1.0,1.0,0.0,1.0,0.5,0.0
2369,0.08695652173913043,0.0,0.5,0.25,0.0,1.0,1.0,1.0,1.0,0.0,1.0,0.5,0.0
2370,0.2028985507246377,0.5,0.5,0.75,0.5,1.0,1.0,0.5,1.0,1.0,1.0,1.0,1.0
2371,0.10144927536231885,0.5,0.5,0.75,1.0,1.0,0.0,0.0,0.0,1.0,0.0,0.5,1.0
2372,0.14009661835748793,0.5,0.5,0.5,0.0,1.0,0.0,0.0,1.0,1.0,0.0,0.0,0.0
2373,0.2946859903381642,1.0,0.5,0.0,0.5,0.0,0.0,1.0,1.0,1.0,0.0,0.0,1.0
2374,0.41062801932367143,0.0,0.0,1.0,0.5,1.0,1.0,0.0,1.0,0.0,0.0,1.0,1.0
2375,0.2995169082125604,1.0,0.5,0.0,0.5,0.0,1.0,1.0,1.0,1.0,1.0,0.0,1.0
2376,0.07729468599033817,0.5,1.0,0.75,0.0,0.0,0.0,0.5,1.0,0.0,1.0,1.0,0.0
2377,0.07729468599033817,1.0,0.5,0.5,0.5,0.0,0.0,0.5,0.0,1.0,0.0,0.5,0.0
2378,0.09178743961352653,0.0,0.5,0.25,0.5,1.0,0.0,1.0,0.0,0.0,0.0,0.5,0.0
2379,0.0579710144927536,1.0,0.0,1.0,0.5,0.0,1.0,0.0,0.0,1.0,0.0,1.0,0.0
2380,0.07729468599033817,0.0,0.5,0.0,0.5,1.0,1.0,1.0,0.0,0.0,1.0,0.0,0.0
2381,0.09178743961352653,1.0,0.5,0.75,0.5,0.0,1.0,0.5,0.0,1.0,1.0,1.0,0.0
2382,0.12560386473429952,0.0,1.0,0.25,0.0,1.0,0.0,1.0,1.0,0.0,1.0,0.5,0.0
2383,0.19806763285024154,0.5,0.5,0.75,0.5,1.0,0.0,0.5,1.0,1.0,0.0,1.0,1.0
2384,0.19806763285024154,1.0,0.0,0.5,0.5,0.0,1.0,0.5,1.0,1.0,0.0,0.5,1.0
2385,0.20772946859903385,0.0,0.5,0.75,0.5,1.0,1.0,0.0,1.0,0.0,1.0,0.5,1.0
2386,0.21739130434782605,0.5,0.5,0.0,0.5,1.0,1.0,1.0,1.0,1.0,1.0,0.0,1.0
2387,0.19323671497584538,0.5,0.5,0.75,1.0,1.0,1.0,0.5,0.0,1.0,1.0,1.0,1.0
2388,0.1111111111111111,0.5,1.0,0.0,0.0,0.0,0.0,1.0,1.0,0.0,1.0,0.0,0.0
2389,0.14009661835748793,0.5,0.0,0.5,1.0,0.0,1.0,1.0,0.0,0.0,0.0,1.0,1.0
2390,0.07729468599033817,0.0,1.0,0.75,0.5,1.0,0.0,0.5,0.0,0.0,1.0,1.0,0.0
2391,0.053140096618357446,0.5,0.5,0.75,0.5,1.0,0.0,0.0,0.0,1.0,0.0,0.5,0.0
2392,0.014492753623188415,0.5,0.5,0.0,0.5,1.0,0.0,1.0,0.0,1.0,0.0,0.0,0.0
2393,0.2560386473429952,1.0,0.0,0.75,0.5,0.0,1.0,0.0,1.0,1.0,0.0,0.5,1.0
2394,0.21739130434782605,0.0,1.0,0.5,0.5,1.0,0.0,0.0,1.0,0.0,1.0,0.0,1.0
2395,0.09178743961352653,0.0,0.5,0.25,0.0,1.0,0.0,1.0,1.0,0.0,0.0,0.5,0.0
2396,0.22705314009661837,1.0,0.0,1.0,0.5,0.0,1.0,0.0,1.0,1.0,0.0,1.0,1.0
2397,0.26086956521739124,0.0,0.5,0.0,0.5,1.0,1.0,1.0,1.0,0.0,1.0,0.0,1.0
2398,0.27053140096618356,0.5,1.0,1.0,0.5,1.0,0.0,0.0,1.0,1.0,1.0,1.0,1.0
2399,0.26086956521739124,1.0,0.5,0.5,0.5,0.0,0.0,0.0,1.0,1.0,0.0,0.0,1.0
2400,0.13043478260869562,0.5,0.5,0.5,1.0,0.0,0.0,0.0,0.0,0.0,0.0,0.0,1.0
2401,0.053140096618357446,0.0,0.0,0.25,0.5,1.0,1.0,0.5,0.0,0.0,0.0,0.0,0.0
2402,0.12560386473429952,1.0,1.0,0.5,0.0,0.0,0.0,0.5,1.0,1.0,1.0,0.5,0.0
2403,0.08212560386473428,0.0,0.5,0.5,1.0,1.0,0.0,0.5,0.0,0.0,0.0,0.5,1.0
2404,0.0,1.0,0.0,0.5,0.5,0.0,1.0,0.5,0.0,1.0,0.0,0.5,0.0
2405,0.10144927536231885,0.0,1.0,0.5,0.0,1.0,0.0,0.5,1.0,0.0,1.0,0.5,0.0
2406,0.1545893719806763,0.0,0.0,0.25,1.0,1.0,1.0,1.0,0.0,0.0,0.0,0.5,1.0
2407,0.12077294685990336,0.5,0.5,0.5,1.0,1.0,0.0,0.5,0.0,1.0,0.0,0.5,1.0
2408,0.13043478260869562,1.0,0.0,0.5,0.0,0.0,1.0,0.5,1.0,1.0,0.0,0.5,0.0
2409,0.10144927536231885,0.5,0.5,1.0,1.0,0.0,0.0,0.0,0.0,0.0,0.0,1.0,1.0
2410,0.024154589371980673,0.5,0.0,0.25,0.5,0.0,1.0,0.5,0.0,0.0,0.0,0.0,0.0
2411,0.04347826086956519,0.5,1.0,0.25,0.5,0.0,0.0,1.0,0.0,0.0,1.0,0.5,0.0
2412,0.13043478260869562,0.0,0.0,1.0,0.0,1.0,1.0,0.0,1.0,0.0,0.0,1.0,0.0
2413,0.21739130434782605,1.0,1.0,0.5,0.5,0.0,0.0,0.0,1.0,1.0,1.0,0.0,1.0
2414,0.12560386473429952,0.0,0.5,0.0,1.0,1.0,0.0,1.0,0.0,0.0,0.0,0.0,1.0
2415,0.2222222222222222,0.5,1.0,1.0,0.5,0.0,0.0,0.0,1.0,0.0,1.0,1.0,1.0
2416,0.12560386473429952,0.0,0.5,0.25,1.0,1.0,0.0,0.5,0.0,0.0,0.0,0.0,1.0
2417,0.09178743961352653,0.5,0.5,0.75,0.0,1.0,0.0,0.0,1.0,1.0,0.0,0.5,0.0
2418,0.10144927536231885,0.5,0.0,0.5,1.0,1.0,1.0,0.0,0.0,1.0,0.0,0.0,1.0
2419,0.03381642512077293,1.0,0.5,0.5,0.5,0.0,1.0,0.0,0.0,1.0,1.0,0.0,0.0
2420,0.04347826086956519,0.0,1.0,0.0,0.5,1.0,0.0,1.0,0.0,0.0,1.0,0.0,0.0
2421,0.13526570048309178,1.0,0.0,1.0,0.0,0.0,1.0,0.0,1.0,1.0,0.0,1.0,0.0
2422,0.15942028985507245,0.0,0.5,0.0,1.0,1.0,1.0,1.0,0.0,0.0,1.0,0.0,1.0
2423,0.048309178743961345,1.0,1.0,1.0,0.5,0.0,0.0,0.0,0.0,1.0,1.0,1.0,0.0
2424,0.024154589371980673,0.0,0.5,0.5,0.5,1.0,0.0,0.0,0.0,0.0,0.0,0.0,0.0
2425,0.14009661835748793,1.0,0.5,0.0,0.0,0.0,0.0,1.0,1.0,1.0,0.0,0.0,0.0
2426,0.14492753623188404,0.5,0.5,0.5,0.0,1.0,0.0,1.0,1.0,1.0,0.0,1.0,0.0
2427,0.2222222222222222,1.0,0.5,0.75,0.5,0.0,0.0,0.5,1.0,1.0,0.0,1.0,1.0
2428,0.1111111111111111,0.5,0.0,0.75,1.0,0.0,1.0,0.0,0.0,0.0,0.0,0.5,1.0
2429,0.1545893719806763,0.0,0.5,0.5,0.0,1.0,1.0,0.0,1.0,0.0,1.0,0.0,0.0
2430,0.26086956521739124,0.5,0.5,0.25,0.5,1.0,1.0,0.5,1.0,1.0,1.0,0.0,1.0
2431,0.23671497584541057,1.0,0.5,0.25,0.5,0.0,1.0,1.0,1.0,1.0,1.0,0.5,1.0
2432,0.20772946859903385,0.5,1.0,0.5,0.5,0.0,0.0,1.0,1.0,0.0,1.0,1.0,1.0
2433,0.1111111111111111,0.0,0.0,0.75,1.0,1.0,1.0,0.5,0.0,0.0,0.0,1.0,1.0
2434,0.03864734299516909,1.0,1.0,0.5,0.5,0.0,0.0,0.5,0.0,1.0,1.0,0.5,0.0
2435,0.1159420289855072,0.0,0.0,0.25,0.0,1.0,1.0,1.0,1.0,0.0,0.0,0.5,0.0
2436,0.19323671497584538,0.5,1.0,1.0,1.0,1.0,0.0,0.0,0.0,1.0,1.0,1.0,1.0
2437,0.024154589371980673,0.5,0.5,0.25,0.5,1.0,1.0,1.0,0.0,1.0,1.0,0.5,0.0
2438,0.08695652173913043,0.5,1.0,0.5,0.0,1.0,0.0,1.0,1.0,1.0,1.0,1.0,0.0
2439,0.2028985507246377,1.0,0.5,1.0,0.5,0.0,0.0,0.0,1.0,1.0,0.0,1.0,1.0
2440,0.21739130434782605,1.0,0.0,0.5,1.0,0.0,1.0,0.5,0.0,1.0,0.0,0.5,1.0
2441,0.19806763285024154,0.0,0.5,0.75,0.0,1.0,1.0,0.0,1.0,0.0,1.0,0.5,0.0
2442,0.18357487922705312,1.0,0.5,0.0,1.0,0.0,1.0,1.0,0.0,1.0,1.0,0.0,1.0
2443,0.09178743961352653,0.0,0.5,1.0,0.5,1.0,1.0,0.0,0.0,0.0,1.0,1.0,0.0
2444,0.12077294685990336,0.5,1.0,0.0,0.5,1.0,0.0,1.0,0.0,1.0,1.0,0.0,0.0
2445,0.07246376811594202,1.0,0.5,0.5,0.5,0.0,0.0,1.0,0.0,1.0,0.0,1.0,0.0
2446,0.2946859903381642,0.0,0.0,0.5,0.5,1.0,1.0,1.0,1.0,0.0,0.0,1.0,1.0
2447,0.18840579710144928,1.0,1.0,0.75,1.0,0.0,0.0,0.5,0.0,1.0,1.0,1.0,1.0
2448,0.09178743961352653,0.0,0.0,0.25,0.5,1.0,1.0,1.0,0.0,0.0,0.0,0.5,0.0
2449,0.14492753623188404,1.0,0.0,0.5,1.0,0.0,1.0,0.0,0.0,1.0,0.0,0.0,1.0
2450,0.15942028985507245,0.5,0.5,0.5,0.0,0.0,1.0,0.0,1.0,0.0,1.0,0.0,0.0
2451,0.18840579710144928,0.0,1.0,0.5,1.0,1.0,0.0,0.0,0.0,0.0,1.0,0.0,1.0
2452,0.18357487922705312,1.0,0.5,0.5,0.0,0.0,0.0,0.0,1.0,1.0,0.0,0.0,0.0
2453,0.18357487922705312,0.5,1.0,0.25,1.0,1.0,0.0,0.5,0.0,1.0,1.0,0.0,1.0
2454,0.09178743961352653,0.5,0.5,0.25,0.0,0.0,1.0,1.0,1.0,0.0,1.0,0.5,0.0
2455,0.23671497584541057,1.0,1.0,0.5,0.5,0.0,0.0,1.0,1.0,1.0,1.0,1.0,1.0
2456,0.08212560386473428,0.5,0.5,0.25,0.5,1.0,1.0,0.5,0.0,1.0,1.0,0.0,0.0
2457,0.053140096618357446,1.0,0.5,0.75,0.5,0.0,1.0,0.0,0.0,1.0,1.0,0.5,0.0
2458,0.09178743961352653,0.0,1.0,0.5,0.0,1.0,0.0,0.0,1.0,0.0,1.0,0.0,0.0
2459,0.18357487922705312,0.5,0.5,0.0,0.5,1.0,0.0,1.0,1.0,1.0,0.0,0.0,1.0
2460,0.14009661835748793,1.0,1.0,0.5,1.0,0.0,0.0,0.5,0.0,1.0,1.0,0.5,1.0
2461,0.0579710144927536,0.5,1.0,0.75,0.5,0.0,0.0,0.5,0.0,0.0,1.0,1.0,0.0
2462,0.1545893719806763,0.5,0.0,0.25,0.0,0.0,1.0,1.0,1.0,0.0,0.0,0.5,0.0
2463,0.1545893719806763,0.0,0.5,0.5,1.0,1.0,1.0,1.0,0.0,0.0,1.0,1.0,1.0
2464,0.14009661835748793,1.0,0.5,1.0,0.0,0.0,1.0,0.0,1.0,1.0,1.0,1.0,0.0
2465,0.28019323671497587,0.0,0.5,1.0,0.5,1.0,0.0,0.0,1.0,0.0,0.0,1.0,1.0
2466,0.1642512077294686,0.5,0.5,0.25,1.0,1.0,0.0,0.5,0.0,1.0,0.0,0.0,1.0
2467,0.2028985507246377,0.5,0.0,0.75,0.0,1.0,1.0,0.0,1.0,1.0,0.0,0.5,0.0
2468,0.18357487922705312,1.0,1.0,0.0,1.0,0.0,0.0,1.0,0.0,1.0,1.0,0.0,1.0
2469,0.1111111111111111,0.0,0.0,0.75,0.0,1.0,1.0,0.5,1.0,0.0,0.0,1.0,0.0
2470,0.14492753623188404,0.5,0.5,0.5,1.0,1.0,1.0,0.5,0.0,1.0,1.0,0.5,1.0
2471,0.03381642512077293,0.0,0.0,0.5,0.5,1.0,1.0,0.0,0.0,0.0,0.0,0.0,0.0
2472,0.1111111111111111,0.0,0.0,0.25,1.0,1.0,1.0,0.5,0.0,0.0,0.0,0.0,1.0
2473,0.10144927536231885,0.5,0.5,0.25,0.0,1.0,0.0,1.0,1.0,1.0,0.0,0.5,0.0
2474,0.08695652173913043,1.0,0.5,0.75,1.0,0.0,0.0,0.5,0.0,1.0,0.0,1.0,1.0
2475,0.024154589371980673,0.5,0.0,0.5,0.5,0.0,1.0,0.5,0.0,0.0,0.0,0.5,0.0
2476,0.1111111111111111,0.5,0.5,0.75,0.0,0.0,1.0,0.0,1.0,0.0,1.0,0.5,0.0
2477,0.09661835748792269,0.5,0.5,0.5,1.0,0.0,1.0,0.0,0.0,0.0,1.0,0.0,1.0
2478,0.1497584541062802,0.5,1.0,0.5,0.0,0.0,0.0,0.0,1.0,0.0,1.0,0.0,0.0
2479,0.14009661835748793,0.5,0.0,0.25,1.0,0.0,1.0,0.5,0.0,0.0,0.0,0.0,1.0
2480,0.06763285024154586,0.0,1.0,0.5,0.5,1.0,0.0,0.5,0.0,0.0,1.0,0.5,0.0
2481,0.1111111111111111,0.5,0.5,0.75,0.0,1.0,0.0,0.0,1.0,1.0,0.0,0.5,0.0
2482,0.2125603864734299,1.0,0.0,0.25,0.5,0.0,1.0,0.5,1.0,1.0,0.0,0.0,1.0
2483,0.1642512077294686,0.0,0.5,0.25,1.0,1.0,1.0,1.0,0.0,0.0,1.0,0.5,1.0
2484,0.1497584541062802,0.5,0.5,1.0,0.0,1.0,1.0,0.0,1.0,1.0,1.0,1.0,0.0
2485,0.2125603864734299,0.5,0.5,0.25,0.5,1.0,1.0,0.5,1.0,1.0,1.0,0.0,1.0
2486,0.15942028985507245,0.0,0.5,0.5,0.5,1.0,0.0,0.5,1.0,0.0,0.0,0.5,1.0
2487,0.14492753623188404,0.5,0.0,0.75,1.0,1.0,1.0,0.0,0.0,1.0,0.0,0.5,1.0
2488,0.2028985507246377,1.0,0.5,1.0,0.5,0.0,0.0,0.0,1.0,1.0,0.0,1.0,1.0
2489,0.2946859903381642,0.0,0.5,0.25,0.5,1.0,0.0,0.5,1.0,0.0,0.0,0.0,1.0
2490,0.21739130434782605,1.0,0.0,0.5,1.0,0.0,1.0,0.5,0.0,1.0,0.0,0.5,1.0
2491,0.19806763285024154,0.0,0.5,0.75,0.0,1.0,1.0,0.0,1.0,0.0,1.0,0.5,0.0
2492,0.09178743961352653,0.0,0.5,1.0,0.5,1.0,1.0,0.0,0.0,0.0,1.0,1.0,0.0
2493,0.12077294685990336,0.5,1.0,0.0,0.5,1.0,0.0,1.0,0.0,1.0,1.0,0.0,0.0
2494,0.07246376811594202,1.0,0.5,0.5,0.5,0.0,0.0,1.0,0.0,1.0,0.0,1.0,0.0
2495,0.2028985507246377,0.0,0.0,0.5,0.0,1.0,1.0,1.0,1.0,0.0,0.0,1.0,0.0
2496,0.06763285024154586,0.0,0.5,0.5,0.0,1.0,0.0,0.5,1.0,0.0,0.0,0.5,0.0
2497,0.1690821256038647,1.0,0.0,0.25,0.5,0.0,1.0,1.0,1.0,1.0,0.0,0.5,1.0
2498,0.1497584541062802,0.0,1.0,0.5,0.5,1.0,0.0,1.0,1.0,0.0,1.0,1.0,1.0
2499,0.0579710144927536,0.5,0.5,0.75,1.0,1.0,0.0,0.5,0.0,1.0,0.0,1.0,1.0
2500,0.014492753623188415,1.0,0.0,0.25,0.5,0.0,1.0,1.0,0.0,1.0,0.0,0.5,0.0
2501,0.06280193236714976,0.5,0.5,0.75,0.5,0.0,1.0,0.5,0.0,0.0,1.0,1.0,0.0
2502,0.07729468599033817,0.0,1.0,0.75,0.5,1.0,0.0,0.0,0.0,0.0,1.0,0.5,0.0
2503,0.10144927536231885,0.5,0.0,0.0,0.0,1.0,1.0,1.0,1.0,1.0,0.0,0.0,0.0
2504,0.08695652173913043,0.5,0.5,0.5,1.0,1.0,1.0,1.0,0.0,1.0,1.0,1.0,1.0
2505,0.028985507246376774,1.0,1.0,0.5,0.5,0.0,0.0,1.0,0.0,1.0,1.0,1.0,0.0
2506,0.13043478260869562,0.5,0.0,1.0,0.0,0.0,1.0,0.0,1.0,0.0,0.0,1.0,0.0
2507,0.09178743961352653,1.0,0.5,0.25,1.0,0.0,1.0,0.5,0.0,1.0,1.0,0.0,1.0
2508,0.09178743961352653,0.5,0.5,0.25,0.0,0.0,1.0,1.0,1.0,0.0,1.0,0.5,0.0
2509,0.18840579710144928,0.0,0.5,0.5,0.5,1.0,1.0,1.0,1.0,0.0,1.0,1.0,1.0
2510,0.08212560386473428,0.5,0.5,0.25,0.5,1.0,1.0,0.5,0.0,1.0,1.0,0.0,0.0
2511,0.053140096618357446,1.0,0.5,0.75,0.5,0.0,1.0,0.0,0.0,1.0,1.0,0.5,0.0
2512,0.09178743961352653,0.0,1.0,0.5,0.0,1.0,0.0,0.0,1.0,0.0,1.0,0.0,0.0
2513,0.23188405797101452,0.5,0.0,0.75,0.5,1.0,1.0,0.5,1.0,1.0,0.0,1.0,1.0
2514,0.14009661835748793,1.0,1.0,0.5,1.0,0.0,0.0,0.5,0.0,1.0,1.0,0.5,1.0
2515,0.053140096618357446,0.0,0.5,0.75,0.5,1.0,0.0,0.5,0.0,0.0,0.0,1.0,0.0
2516,0.024154589371980673,1.0,1.0,0.25,0.5,0.0,0.0,0.5,0.0,1.0,1.0,0.0,0.0
2517,0.0,0.5,0.5,0.75,0.5,0.0,0.0,0.0,0.0,0.0,0.0,0.5,0.0
2518,0.0579710144927536,0.0,0.5,0.0,0.5,1.0,0.0,1.0,0.0,0.0,0.0,0.0,0.0
2519,0.2125603864734299,0.5,0.5,0.75,0.5,0.0,1.0,0.5,1.0,0.0,1.0,1.0,1.0
2520,0.22705314009661837,0.0,0.0,0.25,0.5,1.0,1.0,0.5,1.0,0.0,0.0,0.0,1.0
2521,0.1545893719806763,1.0,0.5,0.25,0.0,0.0,1.0,0.5,1.0,1.0,1.0,0.0,0.0
2522,0.09178743961352653,0.5,0.5,1.0,1.0,1.0,0.0,0.0,0.0,1.0,0.0,1.0,1.0
2523,0.0579710144927536,1.0,0.0,0.5,0.5,0.0,1.0,0.0,0.0,1.0,0.0,0.0,0.0
2524,0.0579710144927536,0.5,0.5,0.0,0.5,0.0,1.0,1.0,0.0,0.0,1.0,0.0,0.0
2525,0.10144927536231885,0.0,1.0,1.0,0.0,1.0,0.0,0.0,1.0,0.0,1.0,1.0,0.0
2526,0.09661835748792269,1.0,0.5,0.5,1.0,0.0,0.0,0.0,0.0,1.0,0.0,0.0,1.0
2527,0.09178743961352653,0.5,0.5,0.0,1.0,0.0,0.0,1.0,0.0,0.0,0.0,0.0,1.0
2528,0.014492753623188415,0.5,0.0,0.75,0.5,0.0,1.0,0.5,0.0,0.0,0.0,1.0,0.0
2529,0.09661835748792269,0.0,0.5,0.5,0.5,1.0,1.0,0.5,0.0,0.0,1.0,0.5,0.0
2530,0.17874396135265697,0.5,0.5,0.0,0.5,0.0,0.0,1.0,1.0,0.0,0.0,0.0,1.0
2531,0.06280193236714976,1.0,0.0,0.5,1.0,0.0,1.0,1.0,0.0,1.0,0.0,1.0,1.0
2532,0.08695652173913043,0.0,0.5,0.5,0.0,1.0,1.0,1.0,1.0,0.0,1.0,1.0,0.0
2533,0.10144927536231885,1.0,0.5,1.0,1.0,0.0,1.0,0.0,0.0,1.0,1.0,1.0,1.0
2534,0.10144927536231885,0.5,0.5,0.25,0.0,0.0,1.0,0.5,1.0,0.0,1.0,0.0,0.0
2535,0.10628019323671495,0.0,0.5,0.5,1.0,1.0,1.0,0.5,0.0,0.0,1.0,0.5,1.0
2536,0.028985507246376774,0.5,1.0,0.25,0.5,1.0,0.0,1.0,0.0,1.0,1.0,0.5,0.0
2537,0.048309178743961345,0.5,0.0,1.0,0.5,1.0,1.0,0.0,0.0,1.0,0.0,1.0,0.0
2538,0.09178743961352653,0.5,1.0,0.5,0.5,1.0,0.0,0.0,0.0,1.0,1.0,0.0,0.0
2539,0.21739130434782605,0.5,0.5,0.25,0.0,1.0,0.0,0.5,1.0,1.0,0.0,0.0,0.0
2540,0.024154589371980673,0.5,0.5,0.25,0.5,1.0,1.0,1.0,0.0,1.0,1.0,0.5,0.0
2541,0.08695652173913043,0.5,1.0,0.5,0.0,1.0,0.0,1.0,1.0,1.0,1.0,1.0,0.0
2542,0.2028985507246377,1.0,0.5,1.0,0.5,0.0,0.0,0.0,1.0,1.0,0.0,1.0,1.0
2543,0.2946859903381642,0.0,0.5,0.25,0.5,1.0,0.0,0.5,1.0,0.0,0.0,0.0,1.0
2544,0.21739130434782605,1.0,0.0,0.5,1.0,0.0,1.0,0.5,0.0,1.0,0.0,0.5,1.0
2545,0.19806763285024154,0.0,0.5,0.75,0.0,1.0,1.0,0.0,1.0,0.0,1.0,0.5,0.0
2546,0.09178743961352653,0.0,0.5,1.0,0.5,1.0,1.0,0.0,0.0,0.0,1.0,1.0,0.0
2547,0.12077294685990336,0.5,1.0,0.0,0.5,1.0,0.0,1.0,0.0,1.0,1.0,0.0,0.0
2548,0.07246376811594202,1.0,0.5,0.5,0.5,0.0,0.0,1.0,0.0,1.0,0.0,1.0,0.0
2549,0.2028985507246377,0.0,0.0,0.5,0.0,1.0,1.0,1.0,1.0,0.0,0.0,1.0,0.0
2550,0.17391304347826086,0.0,0.5,0.25,0.0,1.0,1.0,0.5,1.0,0.0,1.0,0.0,0.0
2551,0.21739130434782605,0.5,0.5,0.75,0.5,1.0,1.0,0.0,1.0,1.0,1.0,0.5,1.0
2552,0.1111111111111111,0.5,1.0,0.25,1.0,1.0,0.0,0.5,0.0,1.0,1.0,0.0,1.0
2553,0.06280193236714976,0.5,0.0,0.5,0.5,1.0,1.0,0.5,0.0,1.0,0.0,0.5,0.0
2554,0.9082125603864735,0.5,1.0,0.75,0.0,1.0,0.0,0.0,1.0,1.0,1.0,0.5,0.0
2555,1.0,0.5,0.5,0.25,0.5,1.0,0.0,0.5,1.0,1.0,0.0,0.0,1.0
2556,0.1545893719806763,1.0,1.0,0.25,0.0,0.0,0.0,0.5,1.0,1.0,1.0,0.0,0.0
2557,0.18357487922705312,0.0,0.0,0.25,1.0,1.0,1.0,1.0,0.0,0.0,0.0,0.5,1.0
2558,0.09661835748792269,1.0,1.0,0.75,0.5,0.0,0.0,0.5,0.0,1.0,1.0,1.0,0.0
2559,0.1497584541062802,0.5,0.5,0.5,0.0,1.0,1.0,0.5,1.0,1.0,1.0,0.5,0.0
2560,0.20772946859903385,1.0,0.5,0.75,0.0,0.0,1.0,0.5,1.0,1.0,1.0,1.0,0.0
2561,0.2125603864734299,0.5,0.5,0.75,1.0,0.0,1.0,0.0,0.0,0.0,1.0,0.5,1.0
2562,0.13526570048309178,0.5,1.0,0.25,0.5,0.0,0.0,0.5,0.0,0.0,1.0,0.0,0.0
2563,0.1159420289855072,0.5,1.0,0.5,0.0,1.0,0.0,0.0,1.0,1.0,1.0,0.0,0.0
2564,0.07246376811594202,1.0,0.5,0.0,1.0,0.0,0.0,1.0,0.0,1.0,0.0,0.0,1.0
2565,0.08212560386473428,0.5,0.5,0.5,0.0,0.0,0.0,1.0,1.0,0.0,0.0,1.0,0.0
2566,0.18357487922705312,0.5,0.5,0.75,0.5,0.0,0.0,0.5,1.0,0.0,0.0,1.0,1.0
2567,0.15942028985507245,0.5,0.0,0.5,1.0,0.0,1.0,0.5,0.0,0.0,0.0,0.5,1.0
2568,0.028985507246376774,1.0,1.0,0.25,0.5,0.0,0.0,1.0,0.0,1.0,1.0,0.5,0.0
2569,0.053140096618357446,0.0,0.5,0.75,0.5,1.0,0.0,0.5,0.0,0.0,0.0,1.0,0.0
2570,0.07246376811594202,0.5,0.0,0.75,0.5,1.0,1.0,0.0,0.0,1.0,0.0,0.5,0.0
2571,0.024154589371980673,1.0,1.0,0.25,0.5,0.0,0.0,0.5,0.0,1.0,1.0,0.0,0.0
2572,0.0,0.5,0.5,0.75,0.5,0.0,0.0,0.0,0.0,0.0,0.0,0.5,0.0
2573,0.0579710144927536,0.0,0.5,0.0,0.5,1.0,0.0,1.0,0.0,0.0,0.0,0.0,0.0
2574,0.1642512077294686,1.0,0.0,0.5,0.0,0.0,1.0,1.0,1.0,1.0,0.0,1.0,0.0
2575,0.2125603864734299,0.5,0.5,0.75,0.5,0.0,1.0,0.5,1.0,0.0,1.0,1.0,1.0
2576,0.1690821256038647,0.5,0.5,0.75,0.5,0.0,0.0,0.0,1.0,0.0,0.0,0.5,1.0
2577,0.07729468599033817,1.0,0.0,0.75,0.0,0.0,1.0,0.0,1.0,1.0,0.0,0.5,0.0
2578,0.07729468599033817,0.5,0.5,0.25,1.0,0.0,1.0,0.5,0.0,0.0,1.0,0.0,1.0
2579,0.10628019323671495,0.0,1.0,0.75,0.0,1.0,0.0,0.0,1.0,0.0,1.0,0.5,0.0
2580,0.08695652173913043,0.5,0.5,0.25,0.0,1.0,1.0,1.0,1.0,1.0,1.0,0.5,0.0
2581,0.15942028985507245,1.0,0.5,0.75,0.5,0.0,1.0,0.5,1.0,1.0,1.0,1.0,1.0
2582,0.10628019323671495,0.0,1.0,0.25,1.0,1.0,0.0,1.0,0.0,0.0,1.0,0.5,1.0
2583,0.07246376811594202,1.0,0.5,1.0,0.5,0.0,0.0,0.0,0.0,1.0,0.0,1.0,0.0
2584,0.1497584541062802,0.5,0.5,0.0,0.0,0.0,0.0,1.0,1.0,0.0,0.0,0.0,0.0
2585,0.07246376811594202,0.5,0.5,0.75,0.0,1.0,1.0,0.5,1.0,1.0,1.0,1.0,0.0
2586,0.14492753623188404,0.0,0.5,0.5,0.5,1.0,0.0,0.5,1.0,0.0,0.0,0.5,1.0
2587,0.2028985507246377,1.0,0.5,0.75,0.5,0.0,0.0,0.0,1.0,1.0,0.0,0.5,1.0
2588,0.24637681159420288,0.0,0.0,0.0,0.5,1.0,1.0,1.0,1.0,0.0,0.0,0.0,1.0
2589,0.13526570048309178,0.5,0.5,1.0,1.0,1.0,1.0,0.0,0.0,1.0,1.0,1.0,1.0
2590,0.019323671497584516,1.0,1.0,0.5,0.5,0.0,0.0,0.0,0.0,1.0,1.0,0.0,0.0
2591,0.1111111111111111,0.0,0.0,0.5,0.0,1.0,1.0,0.0,1.0,0.0,0.0,0.0,0.0
2592,0.15942028985507245,0.5,1.0,0.0,1.0,1.0,0.0,1.0,0.0,1.0,1.0,0.0,1.0
2593,0.024154589371980673,0.5,0.5,0.25,0.5,1.0,1.0,1.0,0.0,1.0,1.0,0.5,0.0
2594,0.2028985507246377,1.0,0.5,1.0,0.5,0.0,0.0,0.0,1.0,1.0,0.0,1.0,1.0
2595,0.21739130434782605,1.0,0.0,0.5,1.0,0.0,1.0,0.5,0.0,1.0,0.0,0.5,1.0
2596,0.19806763285024154,0.0,0.5,0.75,0.0,1.0,1.0,0.0,1.0,0.0,1.0,0.5,0.0
2597,0.18357487922705312,1.0,0.5,0.0,1.0,0.0,1.0,1.0,0.0,1.0,1.0,0.0,1.0
2598,0.09178743961352653,0.0,0.5,1.0,0.5,1.0,1.0,0.0,0.0,0.0,1.0,1.0,0.0
2599,0.12077294685990336,0.5,1.0,0.0,0.5,1.0,0.0,1.0,0.0,1.0,1.0,0.0,0.0
2600,0.07246376811594202,1.0,0.5,0.5,0.5,0.0,0.0,1.0,0.0,1.0,0.0,1.0,0.0
2601,0.2028985507246377,0.0,0.0,0.5,0.0,1.0,1.0,1.0,1.0,0.0,0.0,1.0,0.0
2602,0.10628019323671495,0.5,0.0,0.5,0.0,0.0,1.0,1.0,1.0,0.0,0.0,1.0,0.0
2603,0.2028985507246377,0.5,1.0,0.5,0.5,0.0,0.0,1.0,1.0,0.0,1.0,1.0,1.0
2604,0.18840579710144928,0.5,0.0,1.0,0.5,0.0,1.0,0.0,1.0,0.0,0.0,1.0,1.0
2605,0.18357487922705312,0.5,1.0,0.5,0.5,0.0,0.0,0.0,1.0,0.0,1.0,0.0,1.0
2606,0.13526570048309178,0.5,0.5,0.25,1.0,0.0,0.0,0.5,0.0,0.0,0.0,0.0,1.0
2607,0.12560386473429952,0.5,0.5,0.5,0.0,0.0,0.0,0.5,1.0,0.0,0.0,0.5,0.0
2608,0.13043478260869562,0.0,0.5,0.25,1.0,1.0,0.0,1.0,0.0,0.0,0.0,0.5,1.0
2609,0.10144927536231885,1.0,0.0,1.0,0.5,0.0,1.0,0.0,0.0,1.0,0.0,1.0,0.0
2610,0.10628019323671495,0.5,1.0,0.5,0.5,0.0,0.0,0.0,0.0,0.0,1.0,0.0,0.0
2611,0.07246376811594202,0.5,0.0,0.25,0.5,0.0,1.0,0.5,0.0,0.0,0.0,0.0,0.0
2612,0.08212560386473428,0.5,0.5,0.25,0.5,0.0,1.0,1.0,0.0,0.0,1.0,0.5,0.0
2613,0.1545893719806763,0.5,0.0,0.25,0.0,0.0,1.0,1.0,1.0,0.0,0.0,0.5,0.0
2614,0.1545893719806763,0.0,0.5,0.5,1.0,1.0,1.0,1.0,0.0,0.0,1.0,1.0,1.0
2615,0.14009661835748793,1.0,0.5,1.0,0.0,0.0,1.0,0.0,1.0,1.0,1.0,1.0,0.0
2616,0.2753623188405797,0.5,1.0,0.0,0.5,0.0,0.0,1.0,1.0,0.0,1.0,0.0,1.0
2617,0.28019323671497587,0.0,0.5,1.0,0.5,1.0,0.0,0.0,1.0,0.0,0.0,1.0,1.0
2618,0.2028985507246377,0.5,0.0,0.75,0.0,1.0,1.0,0.0,1.0,1.0,0.0,0.5,0.0
2619,0.18357487922705312,1.0,1.0,0.0,1.0,0.0,0.0,1.0,0.0,1.0,1.0,0.0,1.0
2620,0.1111111111111111,0.0,0.0,0.75,0.0,1.0,1.0,0.5,1.0,0.0,0.0,1.0,0.0
2621,0.14492753623188404,0.5,0.5,0.5,1.0,1.0,1.0,0.5,0.0,1.0,1.0,0.5,1.0
2622,0.03864734299516909,0.5,0.0,0.5,0.5,1.0,1.0,1.0,0.0,1.0,0.0,1.0,0.0
2623,0.08212560386473428,1.0,0.0,0.0,1.0,0.0,1.0,1.0,0.0,1.0,0.0,0.0,1.0
2624,0.20772946859903385,0.5,0.0,0.25,0.5,1.0,1.0,1.0,1.0,1.0,0.0,0.5,1.0
2625,0.14009661835748793,1.0,0.5,0.75,1.0,0.0,1.0,0.5,0.0,1.0,1.0,1.0,1.0
2626,0.1159420289855072,0.5,1.0,0.75,0.0,0.0,0.0,0.0,1.0,0.0,1.0,0.5,0.0
2627,0.28019323671497587,0.0,0.0,0.75,0.5,1.0,1.0,0.0,1.0,0.0,0.0,0.5,1.0
2628,0.15942028985507245,0.0,0.0,0.0,1.0,1.0,1.0,1.0,0.0,0.0,0.0,0.0,1.0
2629,0.1545893719806763,1.0,1.0,0.5,0.0,0.0,0.0,1.0,1.0,1.0,1.0,1.0,0.0
2630,0.23188405797101452,0.0,0.5,0.75,0.5,1.0,0.0,0.5,1.0,0.0,0.0,1.0,1.0
2631,0.22705314009661837,0.5,0.5,0.75,0.5,1.0,0.0,0.0,1.0,1.0,0.0,0.5,1.0
2632,0.1159420289855072,0.5,0.5,0.5,1.0,1.0,0.0,0.0,0.0,1.0,0.0,0.0,1.0
2633,0.10144927536231885,1.0,0.5,0.25,0.0,0.0,0.0,0.5,1.0,1.0,0.0,0.0,0.0
2634,0.1545893719806763,0.0,0.0,0.5,0.5,1.0,1.0,0.5,1.0,0.0,0.0,0.5,1.0
2635,0.07246376811594202,1.0,0.5,0.5,1.0,0.0,1.0,0.5,0.0,1.0,1.0,0.5,1.0
2636,0.13526570048309178,0.5,0.5,0.5,0.0,0.0,1.0,0.5,1.0,0.0,1.0,0.5,0.0
2637,0.1642512077294686,0.5,1.0,0.25,1.0,0.0,0.0,1.0,0.0,0.0,1.0,0.5,1.0
2638,0.12077294685990336,0.0,0.0,0.75,0.5,1.0,1.0,0.5,0.0,0.0,0.0,1.0,0.0
2639,0.08212560386473428,0.0,1.0,0.5,1.0,1.0,0.0,0.5,0.0,0.0,1.0,0.5,1.0
2640,0.07246376811594202,0.5,0.5,0.5,0.0,1.0,0.0,0.5,1.0,1.0,0.0,0.5,0.0
2641,0.1642512077294686,0.5,0.0,0.75,0.5,1.0,1.0,0.0,1.0,1.0,0.0,0.5,1.0
2642,0.23671497584541057,1.0,0.5,0.5,0.5,0.0,1.0,0.0,1.0,1.0,1.0,0.0,1.0
2643,0.0,1.0,0.5,0.75,0.5,0.0,0.0,0.5,0.0,1.0,0.0,1.0,0.0
2644,0.004830917874396101,0.5,0.5,0.25,0.5,0.0,0.0,1.0,0.0,0.0,0.0,0.5,0.0
2645,0.024154589371980673,0.5,0.5,1.0,0.5,0.0,0.0,0.0,0.0,0.0,0.0,1.0,0.0
2646,0.014492753623188415,0.5,0.0,0.5,0.5,0.0,1.0,0.0,0.0,0.0,0.0,0.0,0.0
2647,0.12560386473429952,0.5,0.5,0.0,0.0,0.0,1.0,1.0,1.0,0.0,1.0,0.0,0.0
2648,0.2222222222222222,0.0,0.5,0.75,0.5,1.0,1.0,0.5,1.0,0.0,1.0,1.0,1.0
2649,0.024154589371980673,0.5,0.5,0.25,0.5,1.0,1.0,1.0,0.0,1.0,1.0,0.5,0.0
2650,0.08695652173913043,0.5,1.0,0.5,0.0,1.0,0.0,1.0,1.0,1.0,1.0,1.0,0.0
2651,0.2028985507246377,1.0,0.5,1.0,0.5,0.0,0.0,0.0,1.0,1.0,0.0,1.0,1.0
2652,0.2946859903381642,0.0,0.5,0.25,0.5,1.0,0.0,0.5,1.0,0.0,0.0,0.0,1.0
2653,0.19806763285024154,0.0,0.5,0.75,0.0,1.0,1.0,0.0,1.0,0.0,1.0,0.5,0.0
2654,0.18357487922705312,1.0,0.5,0.0,1.0,0.0,1.0,1.0,0.0,1.0,1.0,0.0,1.0
2655,0.09178743961352653,0.0,0.5,1.0,0.5,1.0,1.0,0.0,0.0,0.0,1.0,1.0,0.0
2656,0.12077294685990336,0.5,1.0,0.0,0.5,1.0,0.0,1.0,0.0,1.0,1.0,0.0,0.0
2657,0.07246376811594202,1.0,0.5,0.5,0.5,0.0,0.0,1.0,0.0,1.0,0.0,1.0,0.0
2658,0.13526570048309178,1.0,0.5,0.25,0.0,0.0,0.0,1.0,1.0,1.0,0.0,0.5,0.0
2659,0.23671497584541057,0.0,0.0,0.75,0.5,1.0,1.0,0.5,1.0,0.0,0.0,1.0,1.0
2660,0.27053140096618356,0.5,0.5,0.75,0.5,1.0,1.0,0.0,1.0,1.0,1.0,0.5,1.0
2661,0.1642512077294686,1.0,0.5,0.5,1.0,0.0,1.0,0.0,0.0,1.0,1.0,0.0,1.0
2662,0.17391304347826086,1.0,0.5,0.0,0.0,0.0,1.0,1.0,1.0,1.0,1.0,0.0,0.0
2663,0.1159420289855072,0.5,0.5,0.25,1.0,0.0,1.0,1.0,0.0,0.0,1.0,0.5,1.0
2664,0.12560386473429952,0.5,0.5,0.5,1.0,0.0,0.0,1.0,0.0,0.0,0.0,1.0,1.0
2665,0.06763285024154586,0.5,0.5,0.75,0.5,0.0,0.0,0.5,0.0,0.0,0.0,1.0,0.0
2666,0.0579710144927536,0.0,0.0,0.5,0.5,1.0,1.0,0.5,0.0,0.0,0.0,0.5,0.0
2667,0.09661835748792269,1.0,0.0,1.0,0.0,0.0,1.0,0.0,1.0,1.0,0.0,1.0,0.0
2668,0.19806763285024154,0.5,0.5,0.0,0.5,0.0,1.0,1.0,1.0,0.0,1.0,0.0,1.0
2669,0.23188405797101452,0.5,0.5,0.75,0.5,0.0,1.0,0.5,1.0,0.0,1.0,1.0,1.0
2670,0.24637681159420288,0.5,1.0,0.75,0.5,0.0,0.0,0.0,1.0,0.0,1.0,0.5,1.0
2671,0.1497584541062802,0.0,0.5,0.5,1.0,1.0,0.0,0.0,0.0,0.0,0.0,0.0,1.0
2672,0.1111111111111111,0.5,0.5,0.25,0.5,1.0,0.0,0.5,0.0,1.0,0.0,0.0,0.0
2673,0.13526570048309178,0.0,0.5,0.5,0.5,1.0,0.0,1.0,1.0,0.0,0.0,1.0,1.0
2674,0.06280193236714976,1.0,0.0,0.5,1.0,0.0,1.0,1.0,0.0,1.0,0.0,1.0,1.0
2675,0.08695652173913043,0.0,0.5,0.5,0.0,1.0,1.0,1.0,1.0,0.0,1.0,1.0,0.0
2676,0.10144927536231885,1.0,0.5,1.0,1.0,0.0,1.0,0.0,0.0,1.0,1.0,1.0,1.0
2677,0.10144927536231885,0.5,0.5,0.25,0.0,0.0,1.0,0.5,1.0,0.0,1.0,0.0,0.0
2678,0.048309178743961345,0.5,0.0,1.0,0.5,1.0,1.0,0.0,0.0,1.0,0.0,1.0,0.0
2679,0.09178743961352653,0.5,1.0,0.5,0.5,1.0,0.0,0.0,0.0,1.0,1.0,0.0,0.0
2680,0.21739130434782605,0.5,0.5,0.25,0.0,1.0,0.0,0.5,1.0,1.0,0.0,0.0,0.0
2681,0.1690821256038647,0.0,0.0,0.75,1.0,1.0,1.0,0.0,0.0,0.0,0.0,0.5,1.0
2682,0.13526570048309178,1.0,0.5,0.5,0.0,0.0,1.0,0.0,1.0,1.0,1.0,0.0,0.0
2683,0.1159420289855072,0.0,1.0,0.5,1.0,1.0,0.0,0.0,0.0,0.0,1.0,0.0,1.0
2684,0.08695652173913043,0.5,0.5,0.0,0.0,1.0,0.0,1.0,1.0,1.0,0.0,0.0,0.0
2685,0.13526570048309178,1.0,0.5,0.5,0.5,0.0,0.0,1.0,1.0,1.0,0.0,1.0,1.0
2686,0.1690821256038647,0.5,0.0,0.5,0.5,0.0,1.0,1.0,1.0,0.0,0.0,1.0,1.0
2687,0.09178743961352653,0.0,0.0,0.25,0.0,1.0,1.0,0.5,1.0,0.0,0.0,0.0,0.0
2688,0.10628019323671495,1.0,1.0,0.25,1.0,0.0,0.0,1.0,0.0,1.0,1.0,0.5,1.0
2689,0.1159420289855072,0.5,0.0,0.75,0.0,0.0,1.0,0.5,1.0,0.0,0.0,1.0,0.0
2690,0.22705314009661837,0.0,1.0,0.75,0.5,1.0,0.0,0.0,1.0,0.0,1.0,0.5,1.0
2691,0.19323671497584538,0.0,1.0,0.0,0.5,1.0,0.0,1.0,1.0,0.0,1.0,0.0,1.0
2692,0.10144927536231885,0.5,0.0,0.5,1.0,1.0,1.0,1.0,0.0,1.0,0.0,1.0,1.0
2693,0.07246376811594202,0.5,0.5,0.75,0.0,1.0,1.0,0.5,1.0,1.0,1.0,1.0,0.0
2694,0.13526570048309178,1.0,1.0,0.5,0.5,0.0,0.0,0.5,1.0,1.0,1.0,0.5,1.0
2695,0.14492753623188404,0.0,0.5,0.5,0.5,1.0,0.0,0.5,1.0,0.0,0.0,0.5,1.0
2696,0.2028985507246377,1.0,0.5,0.75,0.5,0.0,0.0,0.0,1.0,1.0,0.0,0.5,1.0
2697,0.24637681159420288,0.0,0.0,0.0,0.5,1.0,1.0,1.0,1.0,0.0,0.0,0.0,1.0
2698,0.13526570048309178,0.5,0.5,1.0,1.0,1.0,1.0,0.0,0.0,1.0,1.0,1.0,1.0
2699,0.019323671497584516,1.0,1.0,0.5,0.5,0.0,0.0,0.0,0.0,1.0,1.0,0.0,0.0
2700,0.1111111111111111,0.0,0.0,0.5,0.0,1.0,1.0,0.0,1.0,0.0,0.0,0.0,0.0
2701,0.15942028985507245,0.5,1.0,0.0,1.0,1.0,0.0,1.0,0.0,1.0,1.0,0.0,1.0
2702,0.04347826086956519,0.5,0.5,1.0,0.5,0.0,1.0,0.0,0.0,0.0,1.0,1.0,0.0
2703,0.0579710144927536,0.0,1.0,0.5,0.5,1.0,0.0,0.0,0.0,0.0,1.0,0.0,0.0
2704,0.048309178743961345,1.0,0.5,0.0,0.5,0.0,0.0,1.0,0.0,1.0,0.0,0.0,0.0
2705,0.1159420289855072,0.0,0.5,1.0,0.0,1.0,0.0,0.0,1.0,0.0,0.0,1.0,0.0
2706,0.09661835748792269,0.5,0.0,0.0,1.0,1.0,1.0,1.0,0.0,1.0,0.0,0.0,1.0
2707,0.04347826086956519,0.5,1.0,0.5,0.5,1.0,0.0,1.0,0.0,1.0,1.0,1.0,0.0
2708,0.27053140096618356,0.5,0.0,0.75,0.0,1.0,1.0,0.5,1.0,1.0,0.0,1.0,0.0
2709,0.3719806763285024,1.0,0.5,0.5,0.5,0.0,1.0,0.5,1.0,1.0,1.0,0.5,1.0
2710,0.2028985507246377,0.5,0.5,0.25,0.5,0.0,1.0,1.0,1.0,0.0,1.0,0.5,1.0
2711,0.08212560386473428,0.0,0.5,1.0,1.0,1.0,1.0,0.0,0.0,0.0,1.0,1.0,1.0
2712,0.2946859903381642,0.0,0.0,0.5,0.5,1.0,1.0,1.0,1.0,0.0,0.0,1.0,1.0
2713,0.18840579710144928,1.0,1.0,0.75,1.0,0.0,0.0,0.5,0.0,1.0,1.0,1.0,1.0
2714,0.09178743961352653,0.0,0.0,0.25,0.5,1.0,1.0,1.0,0.0,0.0,0.0,0.5,0.0
2715,0.17391304347826086,1.0,0.5,0.5,0.0,0.0,1.0,1.0,1.0,1.0,1.0,1.0,0.0
2716,0.23188405797101452,0.0,1.0,1.0,0.5,1.0,0.0,0.0,1.0,0.0,1.0,1.0,1.0
2717,0.14492753623188404,1.0,0.0,0.5,1.0,0.0,1.0,0.0,0.0,1.0,0.0,0.0,1.0
2718,0.15942028985507245,0.5,0.5,0.5,0.0,0.0,1.0,0.0,1.0,0.0,1.0,0.0,0.0
2719,0.18840579710144928,0.0,1.0,0.5,1.0,1.0,0.0,0.0,0.0,0.0,1.0,0.0,1.0
2720,0.18357487922705312,1.0,0.5,0.5,0.0,0.0,0.0,0.0,1.0,1.0,0.0,0.0,0.0
2721,0.2850241545893719,0.0,0.0,0.5,0.5,1.0,1.0,0.0,1.0,0.0,0.0,0.0,1.0
2722,0.18357487922705312,0.5,1.0,0.25,1.0,1.0,0.0,0.5,0.0,1.0,1.0,0.0,1.0
2723,0.09178743961352653,1.0,0.5,0.25,1.0,0.0,1.0,0.5,0.0,1.0,1.0,0.0,1.0
2724,0.09178743961352653,0.5,0.5,0.25,0.0,0.0,1.0,1.0,1.0,0.0,1.0,0.5,0.0
2725,0.17874396135265697,0.0,0.0,1.0,1.0,1.0,1.0,0.0,0.0,0.0,0.0,1.0,1.0
2726,0.08212560386473428,0.5,0.5,0.25,0.5,1.0,1.0,0.5,0.0,1.0,1.0,0.0,0.0
2727,0.053140096618357446,1.0,0.5,0.75,0.5,0.0,1.0,0.0,0.0,1.0,1.0,0.5,0.0
2728,0.18357487922705312,0.5,0.5,0.0,0.5,1.0,0.0,1.0,1.0,1.0,0.0,0.0,1.0
2729,0.23188405797101452,0.5,0.0,0.75,0.5,1.0,1.0,0.5,1.0,1.0,0.0,1.0,1.0
2730,0.14009661835748793,1.0,1.0,0.5,1.0,0.0,0.0,0.5,0.0,1.0,1.0,0.5,1.0
2731,0.028985507246376774,0.5,0.5,0.25,0.5,0.0,0.0,0.5,0.0,0.0,0.0,0.0,0.0
2732,0.14009661835748793,0.5,0.0,0.25,0.0,0.0,1.0,1.0,1.0,0.0,0.0,0.5,0.0
2733,0.12560386473429952,0.5,0.5,1.0,1.0,0.0,1.0,0.0,0.0,0.0,1.0,1.0,1.0
2734,0.1111111111111111,0.5,1.0,0.0,0.0,0.0,0.0,1.0,1.0,0.0,1.0,0.0,0.0
2735,0.14009661835748793,0.5,0.0,0.5,1.0,0.0,1.0,1.0,0.0,0.0,0.0,1.0,1.0
2736,0.07729468599033817,0.0,1.0,0.75,0.5,1.0,0.0,0.5,0.0,0.0,1.0,1.0,0.0
2737,0.053140096618357446,0.5,0.5,0.75,0.5,1.0,0.0,0.0,0.0,1.0,0.0,0.5,0.0
2738,0.014492753623188415,0.5,0.5,0.0,0.5,1.0,0.0,1.0,0.0,1.0,0.0,0.0,0.0
2739,0.1159420289855072,0.5,0.5,0.75,0.0,1.0,0.0,0.5,1.0,1.0,0.0,1.0,0.0
2740,0.2560386473429952,1.0,0.0,0.75,0.5,0.0,1.0,0.0,1.0,1.0,0.0,0.5,1.0
2741,0.21739130434782605,0.0,1.0,0.5,0.5,1.0,0.0,0.0,1.0,0.0,1.0,0.0,1.0
2742,0.024154589371980673,1.0,1.0,0.0,0.5,0.0,0.0,1.0,0.0,1.0,1.0,0.0,0.0
2743,0.2753623188405797,0.5,0.0,0.5,0.0,1.0,1.0,1.0,1.0,1.0,0.0,1.0,0.0
2744,0.10144927536231885,1.0,1.0,1.0,0.5,0.0,0.0,0.0,1.0,1.0,1.0,1.0,1.0
2745,0.15942028985507245,0.5,0.0,0.5,0.5,0.0,1.0,0.0,1.0,0.0,0.0,0.0,1.0
2746,0.17874396135265697,0.5,0.5,0.25,0.5,0.0,1.0,0.5,1.0,0.0,1.0,0.0,1.0
2747,0.12560386473429952,0.0,1.0,0.5,0.5,1.0,0.0,0.5,1.0,0.0,1.0,0.5,1.0
2748,0.1111111111111111,0.5,0.0,0.5,0.5,1.0,1.0,0.5,1.0,1.0,0.0,0.5,1.0
2749,0.0579710144927536,0.5,1.0,0.75,1.0,1.0,0.0,0.0,0.0,1.0,1.0,0.5,1.0
2750,0.019323671497584516,1.0,0.0,0.0,0.5,0.0,1.0,1.0,0.0,1.0,0.0,0.0,0.0
2751,0.09178743961352653,0.0,0.5,0.25,0.0,1.0,0.0,1.0,1.0,0.0,0.0,0.5,0.0
2752,0.26086956521739124,0.0,0.5,0.0,0.5,1.0,1.0,1.0,1.0,0.0,1.0,0.0,1.0
2753,0.26086956521739124,1.0,0.5,0.5,0.5,0.0,0.0,0.0,1.0,1.0,0.0,0.0,1.0
2754,0.13043478260869562,0.5,0.5,0.5,1.0,0.0,0.0,0.0,0.0,0.0,0.0,0.0,1.0
2755,0.053140096618357446,0.0,0.0,0.25,0.5,1.0,1.0,0.5,0.0,0.0,0.0,0.0,0.0
2756,0.12560386473429952,1.0,1.0,0.5,0.0,0.0,0.0,0.5,1.0,1.0,1.0,0.5,0.0
2757,0.08212560386473428,0.0,0.5,0.5,1.0,1.0,0.0,0.5,0.0,0.0,0.0,0.5,1.0
2758,0.0,1.0,0.0,0.5,0.5,0.0,1.0,0.5,0.0,1.0,0.0,0.5,0.0
2759,0.10144927536231885,0.0,1.0,0.5,0.0,1.0,0.0,0.5,1.0,0.0,1.0,0.5,0.0
2760,0.1159420289855072,0.0,0.5,1.0,0.0,1.0,0.0,0.0,1.0,0.0,0.0,1.0,0.0
2761,0.09661835748792269,0.5,0.0,0.0,1.0,1.0,1.0,1.0,0.0,1.0,0.0,0.0,1.0
2762,0.04347826086956519,0.5,1.0,0.5,0.5,1.0,0.0,1.0,0.0,1.0,1.0,1.0,0.0
2763,0.27053140096618356,0.5,0.0,0.75,0.0,1.0,1.0,0.5,1.0,1.0,0.0,1.0,0.0
2764,0.3719806763285024,1.0,0.5,0.5,0.5,0.0,1.0,0.5,1.0,1.0,1.0,0.5,1.0
2765,0.2028985507246377,0.5,0.5,0.25,0.5,0.0,1.0,1.0,1.0,0.0,1.0,0.5,1.0
2766,0.08212560386473428,0.0,0.5,1.0,1.0,1.0,1.0,0.0,0.0,0.0,1.0,1.0,1.0
2767,0.17874396135265697,0.5,1.0,0.25,0.0,1.0,0.0,0.5,1.0,1.0,1.0,0.0,0.0
2768,0.09661835748792269,1.0,0.5,0.75,0.0,0.0,0.0,0.5,1.0,1.0,0.0,1.0,0.0
2769,0.1111111111111111,0.5,0.0,0.25,1.0,0.0,1.0,1.0,0.0,0.0,0.0,0.5,1.0
2770,0.07246376811594202,0.5,0.5,0.5,0.0,0.0,1.0,1.0,1.0,0.0,1.0,1.0,0.0
2771,0.1690821256038647,0.5,1.0,0.5,0.5,1.0,0.0,0.0,1.0,1.0,1.0,0.0,1.0
2772,0.10628019323671495,1.0,0.0,0.25,1.0,0.0,1.0,0.5,0.0,1.0,0.0,0.0,1.0
2773,0.0579710144927536,0.0,0.5,0.25,0.5,1.0,1.0,1.0,0.0,0.0,1.0,0.5,0.0
2774,0.07246376811594202,0.5,1.0,0.75,0.5,1.0,0.0,0.5,0.0,1.0,1.0,1.0,0.0
2775,0.1111111111111111,0.5,0.0,0.25,0.0,1.0,1.0,1.0,1.0,1.0,0.0,0.5,0.0
2776,0.13526570048309178,1.0,1.0,0.75,1.0,0.0,0.0,0.5,0.0,1.0,1.0,1.0,1.0
2777,0.17874396135265697,0.5,0.0,0.5,0.0,0.0,1.0,0.5,1.0,0.0,0.0,0.5,0.0
2778,0.17391304347826086,0.0,0.5,0.25,0.0,1.0,1.0,0.5,1.0,0.0,1.0,0.0,0.0
2779,0.21739130434782605,0.5,0.5,0.75,0.5,1.0,1.0,0.0,1.0,1.0,1.0,0.5,1.0
2780,0.1111111111111111,0.5,1.0,0.25,1.0,1.0,0.0,0.5,0.0,1.0,1.0,0.0,1.0
2781,0.06280193236714976,0.5,0.0,0.5,0.5,1.0,1.0,0.5,0.0,1.0,0.0,0.5,0.0
2782,0.9082125603864735,0.5,1.0,0.75,0.0,1.0,0.0,0.0,1.0,1.0,1.0,0.5,0.0
2783,1.0,0.5,0.5,0.25,0.5,1.0,0.0,0.5,1.0,1.0,0.0,0.0,1.0
2784,0.17391304347826086,0.5,0.0,0.75,1.0,1.0,1.0,0.0,0.0,1.0,0.0,0.5,1.0
2785,0.1545893719806763,1.0,1.0,0.25,0.0,0.0,0.0,0.5,1.0,1.0,1.0,0.0,0.0
2786,0.18357487922705312,0.0,0.0,0.25,1.0,1.0,1.0,1.0,0.0,0.0,0.0,0.5,1.0
2787,0.09661835748792269,1.0,1.0,0.75,0.5,0.0,0.0,0.5,0.0,1.0,1.0,1.0,0.0
2788,0.0579710144927536,0.5,1.0,0.75,0.5,0.0,0.0,0.5,0.0,0.0,1.0,1.0,0.0
2789,0.1545893719806763,0.5,0.0,0.25,0.0,0.0,1.0,1.0,1.0,0.0,0.0,0.5,0.0
2790,0.1545893719806763,0.0,0.5,0.5,1.0,1.0,1.0,1.0,0.0,0.0,1.0,1.0,1.0
2791,0.14009661835748793,1.0,0.5,1.0,0.0,0.0,1.0,0.0,1.0,1.0,1.0,1.0,0.0
2792,0.1642512077294686,0.5,0.5,0.25,1.0,1.0,0.0,0.5,0.0,1.0,0.0,0.0,1.0
2793,0.18357487922705312,1.0,1.0,0.0,1.0,0.0,0.0,1.0,0.0,1.0,1.0,0.0,1.0
2794,0.1111111111111111,0.0,0.0,0.75,0.0,1.0,1.0,0.5,1.0,0.0,0.0,1.0,0.0
2795,0.14492753623188404,0.5,0.5,0.5,1.0,1.0,1.0,0.5,0.0,1.0,1.0,0.5,1.0
2796,0.12077294685990336,0.5,0.5,0.0,1.0,1.0,1.0,1.0,0.0,1.0,1.0,0.0,1.0
2797,0.1545893719806763,0.0,0.5,0.5,0.0,1.0,0.0,1.0,1.0,0.0,0.0,1.0,0.0
2798,0.20772946859903385,1.0,0.5,1.0,0.5,0.0,0.0,0.0,1.0,1.0,0.0,1.0,1.0
2799,0.10144927536231885,0.0,0.0,0.25,1.0,1.0,1.0,0.5,0.0,0.0,0.0,0.0,1.0
2800,0.06280193236714976,0.5,1.0,0.25,0.5,1.0,0.0,1.0,0.0,1.0,1.0,0.5,0.0
2801,0.17391304347826086,1.0,0.5,0.75,0.0,0.0,0.0,0.5,1.0,1.0,0.0,1.0,0.0
2802,0.03864734299516909,0.5,0.0,0.5,0.5,1.0,1.0,1.0,0.0,1.0,0.0,1.0,0.0
2803,0.09661835748792269,0.5,1.0,1.0,0.0,1.0,0.0,0.0,1.0,1.0,1.0,1.0,0.0
2804,0.20772946859903385,0.5,0.0,0.25,0.5,1.0,1.0,1.0,1.0,1.0,0.0,0.5,1.0
2805,0.14009661835748793,1.0,0.5,0.75,1.0,0.0,1.0,0.5,0.0,1.0,1.0,1.0,1.0
2806,0.1159420289855072,0.5,1.0,0.75,0.0,0.0,0.0,0.0,1.0,0.0,1.0,0.5,0.0
2807,0.24154589371980673,0.5,0.0,0.0,0.5,0.0,1.0,1.0,1.0,0.0,0.0,0.0,1.0
2808,0.13526570048309178,0.5,1.0,0.75,1.0,0.0,0.0,0.5,0.0,0.0,1.0,1.0,1.0
2809,0.13526570048309178,0.5,0.5,0.5,0.0,0.0,0.0,0.5,1.0,0.0,0.0,0.5,0.0
2810,0.28019323671497587,0.0,0.0,0.75,0.5,1.0,1.0,0.0,1.0,0.0,0.0,0.5,1.0
2811,0.04347826086956519,0.5,0.5,1.0,0.5,0.0,1.0,0.0,0.0,0.0,1.0,1.0,0.0
2812,0.0579710144927536,0.0,1.0,0.5,0.5,1.0,0.0,0.0,0.0,0.0,1.0,0.0,0.0
2813,0.048309178743961345,1.0,0.5,0.0,0.5,0.0,0.0,1.0,0.0,1.0,0.0,0.0,0.0
2814,0.1159420289855072,0.0,0.5,1.0,0.0,1.0,0.0,0.0,1.0,0.0,0.0,1.0,0.0
2815,0.09661835748792269,0.5,0.0,0.0,1.0,1.0,1.0,1.0,0.0,1.0,0.0,0.0,1.0
2816,0.04347826086956519,0.5,1.0,0.5,0.5,1.0,0.0,1.0,0.0,1.0,1.0,1.0,0.0
2817,0.27053140096618356,0.5,0.0,0.75,0.0,1.0,1.0,0.5,1.0,1.0,0.0,1.0,0.0
2818,0.3719806763285024,1.0,0.5,0.5,0.5,0.0,1.0,0.5,1.0,1.0,1.0,0.5,1.0
2819,0.2028985507246377,0.5,0.5,0.25,0.5,0.0,1.0,1.0,1.0,0.0,1.0,0.5,1.0
2820,0.08212560386473428,0.0,0.5,1.0,1.0,1.0,1.0,0.0,0.0,0.0,1.0,1.0,1.0
2821,0.17874396135265697,0.5,1.0,0.25,0.0,1.0,0.0,0.5,1.0,1.0,1.0,0.0,0.0
2822,0.1545893719806763,1.0,0.5,0.25,0.0,0.0,1.0,0.5,1.0,1.0,1.0,0.0,0.0
2823,0.0579710144927536,0.5,0.5,0.0,0.5,0.0,1.0,1.0,0.0,0.0,1.0,0.0,0.0
2824,0.10144927536231885,0.0,1.0,1.0,0.0,1.0,0.0,0.0,1.0,0.0,1.0,1.0,0.0
2825,0.09661835748792269,1.0,0.5,0.5,1.0,0.0,0.0,0.0,0.0,1.0,0.0,0.0,1.0
2826,0.10628019323671495,0.5,0.5,0.5,0.0,0.0,0.0,0.0,1.0,0.0,0.0,0.0,0.0
2827,0.09178743961352653,0.5,0.5,0.0,1.0,0.0,0.0,1.0,0.0,0.0,0.0,0.0,1.0
2828,0.014492753623188415,0.5,0.0,0.75,0.5,0.0,1.0,0.5,0.0,0.0,0.0,1.0,0.0
2829,0.09661835748792269,0.0,0.5,0.5,0.5,1.0,1.0,0.5,0.0,0.0,1.0,0.5,0.0
2830,0.06280193236714976,1.0,0.0,0.5,1.0,0.0,1.0,1.0,0.0,1.0,0.0,1.0,1.0
2831,0.10144927536231885,1.0,0.5,1.0,1.0,0.0,1.0,0.0,0.0,1.0,1.0,1.0,1.0
2832,0.10144927536231885,0.5,0.5,0.25,0.0,0.0,1.0,0.5,1.0,0.0,1.0,0.0,0.0
2833,0.10628019323671495,0.0,0.5,0.5,1.0,1.0,1.0,0.5,0.0,0.0,1.0,0.5,1.0
2834,0.028985507246376774,0.5,1.0,0.25,0.5,1.0,0.0,1.0,0.0,1.0,1.0,0.5,0.0
2835,0.048309178743961345,0.5,0.0,1.0,0.5,1.0,1.0,0.0,0.0,1.0,0.0,1.0,0.0
2836,0.09178743961352653,0.5,1.0,0.5,0.5,1.0,0.0,0.0,0.0,1.0,1.0,0.0,0.0
2837,0.21739130434782605,0.5,0.5,0.25,0.0,1.0,0.0,0.5,1.0,1.0,0.0,0.0,0.0
2838,0.07729468599033817,1.0,0.0,0.75,0.0,0.0,1.0,0.0,1.0,1.0,0.0,0.5,0.0
2839,0.15942028985507245,0.5,1.0,0.0,0.5,1.0,0.0,1.0,1.0,1.0,1.0,0.0,1.0
2840,0.07729468599033817,0.5,0.0,0.75,1.0,1.0,1.0,0.5,0.0,1.0,0.0,1.0,1.0
2841,0.15942028985507245,1.0,0.5,0.75,0.5,0.0,1.0,0.5,1.0,1.0,1.0,1.0,1.0
2842,0.10628019323671495,0.0,1.0,0.25,1.0,1.0,0.0,1.0,0.0,0.0,1.0,0.5,1.0
2843,0.048309178743961345,0.5,0.0,0.5,0.0,1.0,1.0,0.5,1.0,1.0,0.0,0.5,0.0
2844,0.14492753623188404,1.0,0.5,0.75,0.5,0.0,1.0,0.0,1.0,1.0,1.0,0.5,1.0
2845,0.10628019323671495,0.5,0.5,0.0,1.0,0.0,1.0,1.0,0.0,0.0,1.0,0.0,1.0
2846,0.12560386473429952,0.0,0.5,1.0,0.0,1.0,1.0,0.0,1.0,0.0,1.0,1.0,0.0
2847,0.21739130434782605,1.0,1.0,0.25,0.5,0.0,0.0,0.5,1.0,1.0,1.0,0.0,1.0
2848,0.2028985507246377,0.0,0.5,0.75,0.5,1.0,0.0,0.0,1.0,0.0,0.0,0.5,1.0
2849,0.1690821256038647,0.5,0.0,0.0,0.5,1.0,1.0,1.0,1.0,1.0,0.0,0.0,1.0
2850,0.06763285024154586,1.0,1.0,1.0,1.0,0.0,0.0,0.0,0.0,1.0,1.0,1.0,1.0
2851,0.13043478260869562,0.0,0.5,0.0,0.0,1.0,0.0,1.0,1.0,0.0,0.0,0.0,0.0
2852,0.09661835748792269,1.0,1.0,0.75,0.0,0.0,0.0,0.5,1.0,1.0,1.0,1.0,0.0
2853,0.12077294685990336,0.0,0.5,0.25,0.5,1.0,0.0,1.0,1.0,0.0,0.0,0.5,1.0
2854,0.14009661835748793,0.0,0.0,0.75,0.0,1.0,1.0,0.0,1.0,0.0,0.0,0.5,0.0
2855,0.2850241545893719,1.0,0.5,0.25,0.5,0.0,1.0,0.5,1.0,1.0,1.0,0.0,1.0
2856,0.053140096618357446,0.5,0.0,0.5,0.5,1.0,1.0,0.0,0.0,1.0,0.0,0.0,0.0
2857,0.06763285024154586,1.0,0.5,0.25,0.5,0.0,1.0,0.5,0.0,1.0,1.0,0.0,0.0
2858,0.06763285024154586,0.5,1.0,0.75,0.5,0.0,0.0,0.0,0.0,0.0,1.0,0.5,0.0
2859,0.12077294685990336,0.0,0.5,0.5,0.0,1.0,0.0,0.0,1.0,0.0,0.0,0.0,0.0
2860,0.25120772946859904,0.5,1.0,0.25,0.5,1.0,0.0,1.0,1.0,1.0,1.0,0.5,1.0
2861,0.2125603864734299,1.0,0.0,0.5,0.5,0.0,1.0,1.0,1.0,1.0,0.0,1.0,1.0
2862,0.28019323671497587,0.5,0.5,1.0,0.5,0.0,1.0,0.0,1.0,0.0,1.0,1.0,1.0
2863,0.13526570048309178,0.0,0.5,0.25,0.0,1.0,0.0,0.5,1.0,0.0,0.0,0.0,0.0
2864,0.14009661835748793,0.5,0.5,0.25,1.0,1.0,0.0,1.0,0.0,1.0,0.0,0.5,1.0
2865,0.07246376811594202,0.5,0.0,0.75,0.5,1.0,1.0,0.5,0.0,1.0,0.0,1.0,0.0
2866,0.07729468599033817,0.5,1.0,0.75,0.5,1.0,0.0,0.0,0.0,1.0,1.0,0.5,0.0
2867,0.04347826086956519,1.0,0.5,0.25,0.5,0.0,0.0,0.5,0.0,1.0,0.0,0.0,0.0
2868,0.03381642512077293,0.5,0.0,0.25,0.5,0.0,1.0,1.0,0.0,0.0,0.0,0.5,0.0
2869,0.053140096618357446,1.0,0.5,0.75,0.5,0.0,1.0,0.0,0.0,1.0,1.0,0.5,0.0
2870,0.14009661835748793,1.0,1.0,0.5,1.0,0.0,0.0,0.5,0.0,1.0,1.0,0.5,1.0
2871,0.08695652173913043,1.0,0.5,0.75,1.0,0.0,0.0,0.5,0.0,1.0,0.0,1.0,1.0
2872,0.024154589371980673,0.5,0.0,0.5,0.5,0.0,1.0,0.5,0.0,0.0,0.0,0.5,0.0
2873,0.09661835748792269,0.5,0.5,0.5,1.0,0.0,1.0,0.0,0.0,0.0,1.0,0.0,1.0
2874,0.1545893719806763,0.0,0.0,0.25,1.0,1.0,1.0,1.0,0.0,0.0,0.0,0.5,1.0
2875,0.15942028985507245,0.5,1.0,0.75,0.0,1.0,0.0,0.5,1.0,1.0,1.0,1.0,0.0
2876,0.12077294685990336,0.5,0.5,0.5,1.0,1.0,0.0,0.5,0.0,1.0,0.0,0.5,1.0
2877,0.13043478260869562,1.0,0.0,0.5,0.0,0.0,1.0,0.5,1.0,1.0,0.0,0.5,0.0
2878,0.2222222222222222,0.5,1.0,0.25,0.5,0.0,0.0,1.0,1.0,0.0,1.0,0.5,1.0
2879,0.024154589371980673,0.5,0.0,0.25,0.5,0.0,1.0,0.5,0.0,0.0,0.0,0.0,0.0
2880,0.04347826086956519,0.5,1.0,0.25,0.5,0.0,0.0,1.0,0.0,0.0,1.0,0.5,0.0
2881,0.21739130434782605,1.0,1.0,0.5,0.5,0.0,0.0,0.0,1.0,1.0,1.0,0.0,1.0
2882,0.12560386473429952,0.0,0.5,0.0,1.0,1.0,0.0,1.0,0.0,0.0,0.0,0.0,1.0
2883,0.0,0.5,0.5,0.75,0.5,0.0,0.0,0.0,0.0,0.0,0.0,0.5,0.0
2884,0.1642512077294686,1.0,0.0,0.5,0.0,0.0,1.0,1.0,1.0,1.0,0.0,1.0,0.0
2885,0.2125603864734299,0.5,0.5,0.75,0.5,0.0,1.0,0.5,1.0,0.0,1.0,1.0,1.0
2886,0.20772946859903385,0.5,1.0,0.5,0.5,0.0,0.0,0.5,1.0,0.0,1.0,0.5,1.0
2887,0.1690821256038647,0.5,0.5,0.75,0.5,0.0,0.0,0.0,1.0,0.0,0.0,0.5,1.0
2888,0.22705314009661837,0.0,0.0,0.25,0.5,1.0,1.0,0.5,1.0,0.0,0.0,0.0,1.0
2889,0.09178743961352653,1.0,0.5,0.75,0.0,0.0,0.0,0.0,1.0,1.0,0.0,0.5,0.0
2890,0.12560386473429952,0.0,1.0,0.25,0.0,1.0,0.0,0.5,1.0,0.0,1.0,0.0,0.0
2891,0.1545893719806763,0.5,0.0,0.25,1.0,1.0,1.0,1.0,0.0,1.0,0.0,0.5,1.0
2892,0.13043478260869562,0.5,0.5,0.5,0.0,1.0,1.0,1.0,1.0,1.0,1.0,1.0,0.0
2893,0.17874396135265697,0.5,0.5,0.25,0.5,0.0,0.0,1.0,1.0,0.0,0.0,0.5,1.0
2894,0.08695652173913043,0.5,0.0,0.75,1.0,0.0,1.0,0.5,0.0,0.0,0.0,1.0,1.0
2895,0.08695652173913043,0.0,0.5,0.5,0.0,1.0,1.0,0.5,1.0,0.0,1.0,0.5,0.0
2896,0.09178743961352653,1.0,1.0,0.75,1.0,0.0,0.0,0.0,0.0,1.0,1.0,0.5,1.0
2897,0.14009661835748793,0.5,0.0,0.0,0.0,0.0,1.0,1.0,1.0,0.0,0.0,0.0,0.0
2898,0.26086956521739124,0.5,0.5,0.25,0.0,1.0,1.0,0.5,1.0,1.0,1.0,0.0,0.0
2899,0.25120772946859904,0.5,1.0,0.25,0.5,1.0,0.0,1.0,1.0,1.0,1.0,0.5,1.0
2900,0.2125603864734299,1.0,0.0,0.5,0.5,0.0,1.0,1.0,1.0,1.0,0.0,1.0,1.0
2901,0.28019323671497587,0.5,0.5,1.0,0.5,0.0,1.0,0.0,1.0,0.0,1.0,1.0,1.0
2902,0.18840579710144928,0.5,1.0,0.5,1.0,0.0,0.0,0.0,0.0,0.0,1.0,0.0,1.0
2903,0.14009661835748793,0.5,0.5,0.25,1.0,1.0,0.0,1.0,0.0,1.0,0.0,0.5,1.0
2904,0.07246376811594202,0.5,0.0,0.75,0.5,1.0,1.0,0.5,0.0,1.0,0.0,1.0,0.0
2905,0.07729468599033817,0.5,1.0,0.75,0.5,1.0,0.0,0.0,0.0,1.0,1.0,0.5,0.0
2906,0.024154589371980673,1.0,1.0,0.0,0.5,0.0,0.0,1.0,0.0,1.0,1.0,0.0,0.0
2907,0.23671497584541057,0.0,0.5,0.5,0.5,1.0,0.0,1.0,0.0,0.0,0.0,1.0,0.0
2908,0.2753623188405797,0.5,0.0,0.5,0.0,1.0,1.0,1.0,1.0,1.0,0.0,1.0,0.0
2909,0.15942028985507245,0.5,0.0,0.5,0.5,0.0,1.0,0.0,1.0,0.0,0.0,0.0,1.0
2910,0.17874396135265697,0.5,0.5,0.25,0.5,0.0,1.0,0.5,1.0,0.0,1.0,0.0,1.0
2911,0.12560386473429952,0.0,1.0,0.5,0.5,1.0,0.0,0.5,1.0,0.0,1.0,0.5,1.0
2912,0.07729468599033817,0.0,0.5,0.5,0.5,1.0,1.0,1.0,0.0,0.0,1.0,1.0,0.0
2913,0.09178743961352653,0.0,0.5,0.25,0.0,1.0,0.0,1.0,1.0,0.0,0.0,0.5,0.0
2914,0.22705314009661837,1.0,0.0,1.0,0.5,0.0,1.0,0.0,1.0,1.0,0.0,1.0,1.0
2915,0.27053140096618356,0.5,1.0,1.0,0.5,1.0,0.0,0.0,1.0,1.0,1.0,1.0,1.0
2916,0.26086956521739124,1.0,0.5,0.5,0.5,0.0,0.0,0.0,1.0,1.0,0.0,0.0,1.0
2917,0.13043478260869562,0.5,0.5,0.5,1.0,0.0,0.0,0.0,0.0,0.0,0.0,0.0,1.0
2918,0.053140096618357446,0.0,0.0,0.25,0.5,1.0,1.0,0.5,0.0,0.0,0.0,0.0,0.0
2919,0.12560386473429952,1.0,1.0,0.5,0.0,0.0,0.0,0.5,1.0,1.0,1.0,0.5,0.0
2920,0.0,1.0,0.0,0.5,0.5,0.0,1.0,0.5,0.0,1.0,0.0,0.5,0.0
2921,0.10144927536231885,0.0,1.0,0.5,0.0,1.0,0.0,0.5,1.0,0.0,1.0,0.5,0.0
2922,0.1545893719806763,0.0,0.0,0.25,1.0,1.0,1.0,1.0,0.0,0.0,0.0,0.5,1.0
2923,0.15942028985507245,0.5,1.0,0.75,0.0,1.0,0.0,0.5,1.0,1.0,1.0,1.0,0.0
2924,0.12077294685990336,0.5,0.5,0.5,1.0,1.0,0.0,0.5,0.0,1.0,0.0,0.5,1.0
2925,0.13043478260869562,1.0,0.0,0.5,0.0,0.0,1.0,0.5,1.0,1.0,0.0,0.5,0.0
2926,0.2222222222222222,0.5,1.0,0.25,0.5,0.0,0.0,1.0,1.0,0.0,1.0,0.5,1.0
2927,0.04347826086956519,0.5,1.0,0.25,0.5,0.0,0.0,1.0,0.0,0.0,1.0,0.5,0.0
2928,0.13043478260869562,0.0,0.0,1.0,0.0,1.0,1.0,0.0,1.0,0.0,0.0,1.0,0.0
2929,0.21739130434782605,1.0,1.0,0.5,0.5,0.0,0.0,0.0,1.0,1.0,1.0,0.0,1.0
2930,0.2222222222222222,0.5,1.0,1.0,0.5,0.0,0.0,0.0,1.0,0.0,1.0,1.0,1.0
2931,0.12560386473429952,0.0,0.5,0.25,1.0,1.0,0.0,0.5,0.0,0.0,0.0,0.0,1.0
2932,0.09178743961352653,0.5,0.5,0.75,0.0,1.0,0.0,0.0,1.0,1.0,0.0,0.5,0.0
2933,0.10144927536231885,0.5,0.0,0.5,1.0,1.0,1.0,0.0,0.0,1.0,0.0,0.0,1.0
2934,0.048309178743961345,1.0,1.0,1.0,0.5,0.0,0.0,0.0,0.0,1.0,1.0,1.0,0.0
2935,0.024154589371980673,0.0,0.5,0.5,0.5,1.0,0.0,0.0,0.0,0.0,0.0,0.0,0.0
2936,0.0579710144927536,0.5,1.0,1.0,0.5,1.0,0.0,0.0,0.0,1.0,1.0,1.0,0.0
2937,0.14492753623188404,1.0,0.0,0.0,0.0,0.0,1.0,1.0,1.0,1.0,0.0,0.0,0.0
2938,0.13043478260869562,0.5,0.5,0.75,1.0,0.0,1.0,0.5,0.0,0.0,1.0,1.0,1.0
2939,0.19323671497584538,0.5,1.0,0.25,0.5,0.0,0.0,0.5,1.0,0.0,1.0,0.0,1.0
2940,0.14009661835748793,0.0,0.0,0.5,1.0,1.0,1.0,0.5,0.0,0.0,0.0,0.5,1.0
2941,0.1111111111111111,1.0,0.5,0.25,1.0,0.0,0.0,1.0,0.0,1.0,0.0,0.5,1.0
2942,0.13526570048309178,1.0,0.5,0.25,0.0,0.0,0.0,1.0,1.0,1.0,0.0,0.5,0.0
2943,0.23671497584541057,0.0,0.0,0.75,0.5,1.0,1.0,0.5,1.0,0.0,0.0,1.0,1.0
2944,0.1642512077294686,1.0,0.5,0.5,1.0,0.0,1.0,0.0,0.0,1.0,1.0,0.0,1.0
2945,0.08212560386473428,0.0,0.5,0.5,0.5,1.0,1.0,0.0,0.0,0.0,1.0,0.0,0.0
2946,0.17391304347826086,1.0,0.5,0.0,0.0,0.0,1.0,1.0,1.0,1.0,1.0,0.0,0.0
2947,0.12560386473429952,0.0,1.0,0.5,1.0,1.0,0.0,1.0,0.0,0.0,1.0,1.0,1.0
2948,0.12560386473429952,1.0,0.5,1.0,0.0,0.0,0.0,0.0,1.0,1.0,0.0,1.0,0.0
2949,0.2222222222222222,0.5,0.0,0.25,0.5,0.0,1.0,0.5,1.0,0.0,0.0,0.0,1.0
2950,0.1159420289855072,0.5,0.5,0.25,1.0,0.0,1.0,1.0,0.0,0.0,1.0,0.5,1.0
2951,0.004830917874396101,0.5,1.0,1.0,0.5,0.0,0.0,0.0,0.0,0.0,1.0,1.0,0.0
2952,0.17391304347826086,0.0,0.5,0.25,0.0,1.0,1.0,0.5,1.0,0.0,1.0,0.0,0.0
2953,0.21739130434782605,0.5,0.5,0.75,0.5,1.0,1.0,0.0,1.0,1.0,1.0,0.5,1.0
2954,0.06280193236714976,0.5,0.0,0.5,0.5,1.0,1.0,0.5,0.0,1.0,0.0,0.5,0.0
2955,0.9082125603864735,0.5,1.0,0.75,0.0,1.0,0.0,0.0,1.0,1.0,1.0,0.5,0.0
2956,1.0,0.5,0.5,0.25,0.5,1.0,0.0,0.5,1.0,1.0,0.0,0.0,1.0
2957,0.17391304347826086,0.5,0.0,0.75,1.0,1.0,1.0,0.0,0.0,1.0,0.0,0.5,1.0
2958,0.1545893719806763,1.0,1.0,0.25,0.0,0.0,0.0,0.5,1.0,1.0,1.0,0.0,0.0
2959,0.18357487922705312,0.0,0.0,0.25,1.0,1.0,1.0,1.0,0.0,0.0,0.0,0.5,1.0
2960,0.1159420289855072,0.0,1.0,1.0,1.0,1.0,0.0,0.0,0.0,0.0,1.0,1.0,1.0
2961,0.03864734299516909,1.0,0.5,0.5,0.5,0.0,0.0,0.0,0.0,1.0,0.0,0.0,0.0
2962,0.1159420289855072,1.0,1.0,0.5,0.0,0.0,0.0,0.0,1.0,1.0,1.0,0.0,0.0
2963,0.1111111111111111,0.0,0.0,0.25,1.0,1.0,1.0,0.5,0.0,0.0,0.0,0.0,1.0
2964,0.028985507246376774,0.5,1.0,0.5,0.5,1.0,0.0,0.5,0.0,1.0,1.0,0.5,0.0
2965,0.10144927536231885,0.5,0.5,0.25,0.0,1.0,0.0,1.0,1.0,1.0,0.0,0.5,0.0
2966,0.08695652173913043,1.0,0.5,0.75,1.0,0.0,0.0,0.5,0.0,1.0,0.0,1.0,1.0
2967,0.024154589371980673,0.5,0.0,0.5,0.5,0.0,1.0,0.5,0.0,0.0,0.0,0.5,0.0
2968,0.09661835748792269,0.5,0.5,0.5,1.0,0.0,1.0,0.0,0.0,0.0,1.0,0.0,1.0
2969,0.07729468599033817,1.0,0.0,0.75,0.0,0.0,1.0,0.0,1.0,1.0,0.0,0.5,0.0
2970,0.19806763285024154,0.5,0.0,0.5,0.5,1.0,1.0,0.0,1.0,1.0,0.0,0.0,1.0
2971,0.15942028985507245,0.5,1.0,0.0,0.5,1.0,0.0,1.0,1.0,1.0,1.0,0.0,1.0
2972,0.07729468599033817,0.5,0.0,0.75,1.0,1.0,1.0,0.5,0.0,1.0,0.0,1.0,1.0
2973,0.08695652173913043,0.5,0.5,0.25,0.0,1.0,1.0,1.0,1.0,1.0,1.0,0.5,0.0
2974,0.15942028985507245,1.0,0.5,0.75,0.5,0.0,1.0,0.5,1.0,1.0,1.0,1.0,1.0
2975,0.10628019323671495,0.0,1.0,0.25,1.0,1.0,0.0,1.0,0.0,0.0,1.0,0.5,1.0
2976,0.1497584541062802,0.5,0.5,0.0,0.0,0.0,0.0,1.0,1.0,0.0,0.0,0.0,0.0
2977,0.0,0.0,1.0,0.25,0.5,1.0,0.0,1.0,0.0,0.0,1.0,0.5,0.0
2978,0.0,0.5,0.5,0.75,0.5,1.0,0.0,0.5,0.0,1.0,0.0,1.0,0.0
2979,0.048309178743961345,0.5,0.0,0.5,0.0,1.0,1.0,0.5,1.0,1.0,0.0,0.5,0.0
2980,0.14492753623188404,1.0,0.5,0.75,0.5,0.0,1.0,0.0,1.0,1.0,1.0,0.5,1.0
2981,0.10628019323671495,0.5,0.5,0.0,1.0,0.0,1.0,1.0,0.0,0.0,1.0,0.0,1.0
2982,0.12560386473429952,0.0,0.5,1.0,0.0,1.0,1.0,0.0,1.0,0.0,1.0,1.0,0.0
2983,0.2028985507246377,0.0,0.5,0.75,0.5,1.0,0.0,0.0,1.0,0.0,0.0,0.5,1.0
2984,0.1690821256038647,0.5,0.0,0.0,0.5,1.0,1.0,1.0,1.0,1.0,0.0,0.0,1.0
2985,0.13043478260869562,0.0,0.5,0.0,0.0,1.0,0.0,1.0,1.0,0.0,0.0,0.0,0.0
2986,0.13526570048309178,1.0,0.5,0.25,0.0,0.0,0.0,1.0,1.0,1.0,0.0,0.5,0.0
2987,0.23671497584541057,0.0,0.0,0.75,0.5,1.0,1.0,0.5,1.0,0.0,0.0,1.0,1.0
2988,0.27053140096618356,0.5,0.5,0.75,0.5,1.0,1.0,0.0,1.0,1.0,1.0,0.5,1.0
2989,0.1642512077294686,1.0,0.5,0.5,1.0,0.0,1.0,0.0,0.0,1.0,1.0,0.0,1.0
2990,0.08212560386473428,0.0,0.5,0.5,0.5,1.0,1.0,0.0,0.0,0.0,1.0,0.0,0.0
2991,0.12560386473429952,0.0,1.0,0.5,1.0,1.0,0.0,1.0,0.0,0.0,1.0,1.0,1.0
2992,0.12560386473429952,1.0,0.5,1.0,0.0,0.0,0.0,0.0,1.0,1.0,0.0,1.0,0.0
2993,0.1159420289855072,0.5,0.5,0.25,1.0,0.0,1.0,1.0,0.0,0.0,1.0,0.5,1.0
2994,0.053140096618357446,0.0,0.5,0.75,0.5,1.0,0.0,0.5,0.0,0.0,0.0,1.0,0.0
2995,0.07246376811594202,0.5,0.0,0.75,0.5,1.0,1.0,0.0,0.0,1.0,0.0,0.5,0.0
2996,0.024154589371980673,1.0,1.0,0.25,0.5,0.0,0.0,0.5,0.0,1.0,1.0,0.0,0.0
2997,0.0579710144927536,0.0,0.5,0.0,0.5,1.0,0.0,1.0,0.0,0.0,0.0,0.0,0.0
2998,0.1642512077294686,1.0,0.0,0.5,0.0,0.0,1.0,1.0,1.0,1.0,0.0,1.0,0.0
2999,0.2125603864734299,0.5,0.5,0.75,0.5,0.0,1.0,0.5,1.0,0.0,1.0,1.0,1.0
3000,0.20772946859903385,0.5,1.0,0.5,0.5,0.0,0.0,0.5,1.0,0.0,1.0,0.5,1.0
3001,0.1690821256038647,0.5,0.5,0.75,0.5,0.0,0.0,0.0,1.0,0.0,0.0,0.5,1.0
3002,0.22705314009661837,0.0,0.0,0.25,0.5,1.0,1.0,0.5,1.0,0.0,0.0,0.0,1.0
3003,0.1545893719806763,1.0,0.5,0.25,0.0,0.0,1.0,0.5,1.0,1.0,1.0,0.0,0.0
3004,0.09178743961352653,0.5,0.5,1.0,1.0,1.0,0.0,0.0,0.0,1.0,0.0,1.0,1.0
3005,0.0579710144927536,1.0,0.0,0.5,0.5,0.0,1.0,0.0,0.0,1.0,0.0,0.0,0.0
3006,0.09661835748792269,1.0,0.5,0.5,1.0,0.0,0.0,0.0,0.0,1.0,0.0,0.0,1.0
3007,0.10628019323671495,0.5,0.5,0.5,0.0,0.0,0.0,0.0,1.0,0.0,0.0,0.0,0.0
3008,0.09661835748792269,0.0,0.5,0.5,0.5,1.0,1.0,0.5,0.0,0.0,1.0,0.5,0.0
3009,0.07729468599033817,0.0,0.5,0.75,0.0,1.0,0.0,0.5,1.0,0.0,0.0,1.0,0.0
3010,0.04347826086956519,0.0,1.0,1.0,0.5,1.0,0.0,0.0,0.0,0.0,1.0,1.0,0.0
3011,0.07246376811594202,0.5,0.0,0.25,0.5,1.0,1.0,0.5,0.0,1.0,0.0,0.0,0.0
3012,0.1642512077294686,1.0,0.5,0.5,0.0,0.0,1.0,0.5,1.0,1.0,1.0,0.5,0.0
3013,0.17391304347826086,1.0,0.5,0.75,1.0,0.0,1.0,0.0,0.0,1.0,1.0,0.5,1.0
3014,0.19323671497584538,0.0,0.5,0.0,0.0,1.0,1.0,1.0,1.0,0.0,1.0,0.0,0.0
3015,0.048309178743961345,0.0,0.5,1.0,0.5,1.0,0.0,0.0,0.0,0.0,0.0,1.0,0.0
3016,0.10144927536231885,0.5,0.5,0.75,1.0,1.0,1.0,0.0,0.0,1.0,1.0,0.5,1.0
3017,0.15942028985507245,0.5,0.5,0.0,0.0,1.0,1.0,1.0,1.0,1.0,1.0,0.0,0.0
3018,0.2753623188405797,1.0,0.5,1.0,0.5,0.0,1.0,0.0,1.0,1.0,1.0,1.0,1.0
3019,0.06763285024154586,1.0,0.5,0.5,0.0,0.0,0.0,0.5,1.0,1.0,0.0,0.5,0.0
3020,0.14009661835748793,1.0,0.0,0.75,0.0,0.0,1.0,0.5,1.0,1.0,0.0,1.0,0.0
3021,0.09661835748792269,0.5,0.0,0.5,0.0,0.0,1.0,0.0,1.0,0.0,0.0,0.0,0.0
3022,0.2125603864734299,0.0,0.5,0.5,0.5,1.0,1.0,0.0,1.0,0.0,1.0,0.0,1.0
3023,0.19323671497584538,0.5,0.5,0.25,1.0,1.0,1.0,0.5,0.0,1.0,1.0,0.0,1.0
3024,0.1690821256038647,1.0,0.5,0.25,0.0,0.0,1.0,1.0,1.0,1.0,1.0,0.5,0.0
3025,0.1545893719806763,0.5,1.0,0.5,1.0,0.0,0.0,1.0,0.0,0.0,1.0,1.0,1.0
3026,0.14009661835748793,1.0,1.0,0.0,0.0,0.0,0.0,1.0,1.0,1.0,1.0,0.0,0.0
3027,0.14009661835748793,0.5,0.5,0.75,1.0,0.0,0.0,0.5,0.0,0.0,0.0,1.0,1.0
3028,0.13043478260869562,0.0,0.0,0.5,0.0,1.0,1.0,0.5,1.0,0.0,0.0,0.5,0.0
3029,0.13043478260869562,1.0,0.5,0.25,1.0,0.0,1.0,1.0,0.0,1.0,1.0,0.5,1.0
3030,0.09178743961352653,0.5,0.5,0.25,0.0,0.0,1.0,1.0,1.0,0.0,1.0,0.5,0.0
3031,0.18840579710144928,0.0,0.5,0.5,0.5,1.0,1.0,1.0,1.0,0.0,1.0,1.0,1.0
3032,0.17874396135265697,0.0,0.0,1.0,1.0,1.0,1.0,0.0,0.0,0.0,0.0,1.0,1.0
3033,0.08212560386473428,0.5,0.5,0.25,0.5,1.0,1.0,0.5,0.0,1.0,1.0,0.0,0.0
3034,0.053140096618357446,1.0,0.5,0.75,0.5,0.0,1.0,0.0,0.0,1.0,1.0,0.5,0.0
3035,0.09178743961352653,0.0,1.0,0.5,0.0,1.0,0.0,0.0,1.0,0.0,1.0,0.0,0.0
3036,0.14009661835748793,1.0,1.0,0.5,1.0,0.0,0.0,0.5,0.0,1.0,1.0,0.5,1.0
3037,0.028985507246376774,1.0,1.0,0.25,0.5,0.0,0.0,1.0,0.0,1.0,1.0,0.5,0.0
3038,0.053140096618357446,0.0,0.5,0.75,0.5,1.0,0.0,0.5,0.0,0.0,0.0,1.0,0.0
3039,0.024154589371980673,1.0,1.0,0.25,0.5,0.0,0.0,0.5,0.0,1.0,1.0,0.0,0.0
3040,0.0,0.5,0.5,0.75,0.5,0.0,0.0,0.0,0.0,0.0,0.0,0.5,0.0
3041,0.0579710144927536,0.0,0.5,0.0,0.5,1.0,0.0,1.0,0.0,0.0,0.0,0.0,0.0
3042,0.1642512077294686,1.0,0.0,0.5,0.0,0.0,1.0,1.0,1.0,1.0,0.0,1.0,0.0
3043,0.2125603864734299,0.5,0.5,0.75,0.5,0.0,1.0,0.5,1.0,0.0,1.0,1.0,1.0
3044,0.1690821256038647,0.5,0.5,0.75,0.5,0.0,0.0,0.0,1.0,0.0,0.0,0.5,1.0
3045,0.22705314009661837,0.0,0.0,0.25,0.5,1.0,1.0,0.5,1.0,0.0,0.0,0.0,1.0
3046,0.1545893719806763,0.5,1.0,0.75,0.5,1.0,0.0,0.0,1.0,1.0,1.0,0.5,1.0
3047,0.22705314009661837,1.0,0.5,0.25,0.5,0.0,0.0,1.0,1.0,1.0,0.0,0.5,1.0
3048,0.20772946859903385,0.0,0.5,1.0,1.0,1.0,0.0,0.0,0.0,0.0,0.0,1.0,1.0
3049,0.15942028985507245,1.0,0.0,0.5,0.0,0.0,1.0,0.0,1.0,1.0,0.0,0.0,0.0
3050,0.13043478260869562,0.0,0.5,0.25,1.0,1.0,1.0,1.0,0.0,0.0,1.0,0.5,1.0
3051,0.06280193236714976,1.0,0.5,1.0,0.5,0.0,1.0,0.0,0.0,1.0,1.0,1.0,0.0
3052,0.15942028985507245,0.0,1.0,0.0,0.0,1.0,0.0,1.0,1.0,0.0,1.0,0.0,0.0
3053,0.19323671497584538,0.0,1.0,0.0,0.5,1.0,0.0,1.0,1.0,0.0,1.0,0.0,1.0
3054,0.07246376811594202,0.5,0.5,0.75,0.0,1.0,1.0,0.5,1.0,1.0,1.0,1.0,0.0
3055,0.13526570048309178,1.0,1.0,0.5,0.5,0.0,0.0,0.5,1.0,1.0,1.0,0.5,1.0
3056,0.2028985507246377,1.0,0.5,0.75,0.5,0.0,0.0,0.0,1.0,1.0,0.0,0.5,1.0
3057,0.24637681159420288,0.0,0.0,0.0,0.5,1.0,1.0,1.0,1.0,0.0,0.0,0.0,1.0
3058,0.13526570048309178,0.5,0.5,1.0,1.0,1.0,1.0,0.0,0.0,1.0,1.0,1.0,1.0
3059,0.019323671497584516,1.0,1.0,0.5,0.5,0.0,0.0,0.0,0.0,1.0,1.0,0.0,0.0
3060,0.15942028985507245,0.5,1.0,0.0,1.0,1.0,0.0,1.0,0.0,1.0,1.0,0.0,1.0
3061,0.019323671497584516,1.0,0.5,0.5,0.5,0.0,1.0,1.0,0.0,1.0,1.0,1.0,0.0
3062,0.1545893719806763,0.5,0.5,1.0,0.0,0.0,1.0,0.0,1.0,0.0,1.0,1.0,0.0
3063,0.22705314009661837,0.0,0.5,0.25,0.5,1.0,1.0,0.5,1.0,0.0,1.0,0.0,1.0
3064,0.19323671497584538,0.5,0.5,0.25,0.5,1.0,1.0,1.0,1.0,1.0,1.0,0.5,1.0
3065,0.25120772946859904,0.5,1.0,0.5,0.5,1.0,0.0,1.0,1.0,1.0,1.0,1.0,1.0
3066,0.17391304347826086,1.0,0.5,1.0,1.0,0.0,0.0,0.0,0.0,1.0,0.0,1.0,1.0
3067,0.08212560386473428,0.5,0.5,0.0,0.5,0.0,0.0,1.0,0.0,0.0,0.0,0.0,0.0
3068,0.10628019323671495,0.5,0.5,0.75,0.0,0.0,0.0,0.5,1.0,0.0,0.0,1.0,0.0
3069,0.2028985507246377,0.5,0.5,0.75,0.5,1.0,1.0,0.5,1.0,1.0,1.0,1.0,1.0
3070,0.19806763285024154,0.5,1.0,0.5,0.5,1.0,0.0,0.5,1.0,1.0,1.0,0.5,1.0
3071,0.2946859903381642,1.0,0.5,0.0,0.5,0.0,0.0,1.0,1.0,1.0,0.0,0.0,1.0
3072,0.41062801932367143,0.0,0.0,1.0,0.5,1.0,1.0,0.0,1.0,0.0,0.0,1.0,1.0
3073,0.2995169082125604,1.0,0.5,0.0,0.5,0.0,1.0,1.0,1.0,1.0,1.0,0.0,1.0
3074,0.048309178743961345,0.5,0.5,0.5,1.0,0.0,1.0,1.0,0.0,0.0,1.0,1.0,1.0
3075,0.07729468599033817,0.5,1.0,0.75,0.0,0.0,0.0,0.5,1.0,0.0,1.0,1.0,0.0
3076,0.2028985507246377,0.5,1.0,0.5,0.5,0.0,0.0,1.0,1.0,0.0,1.0,1.0,1.0
3077,0.18840579710144928,0.5,0.0,1.0,0.5,0.0,1.0,0.0,1.0,0.0,0.0,1.0,1.0
3078,0.18357487922705312,0.5,1.0,0.5,0.5,0.0,0.0,0.0,1.0,0.0,1.0,0.0,1.0
3079,0.13526570048309178,0.5,0.5,0.25,1.0,0.0,0.0,0.5,0.0,0.0,0.0,0.0,1.0
3080,0.12560386473429952,0.5,0.5,0.5,0.0,0.0,0.0,0.5,1.0,0.0,0.0,0.5,0.0
3081,0.13043478260869562,0.0,0.5,0.25,1.0,1.0,0.0,1.0,0.0,0.0,0.0,0.5,1.0
3082,0.10628019323671495,0.5,1.0,0.5,0.5,0.0,0.0,0.0,0.0,0.0,1.0,0.0,0.0
3083,0.07246376811594202,0.5,0.0,0.25,0.5,0.0,1.0,0.5,0.0,0.0,0.0,0.0,0.0
3084,0.08212560386473428,0.5,0.5,0.25,0.5,0.0,1.0,1.0,0.0,0.0,1.0,0.5,0.0
3085,0.18840579710144928,0.0,0.5,0.5,0.5,1.0,1.0,1.0,1.0,0.0,1.0,1.0,1.0
3086,0.23671497584541057,1.0,1.0,0.5,0.5,0.0,0.0,1.0,1.0,1.0,1.0,1.0,1.0
3087,0.17874396135265697,0.0,0.0,1.0,1.0,1.0,1.0,0.0,0.0,0.0,0.0,1.0,1.0
3088,0.08212560386473428,0.5,0.5,0.25,0.5,1.0,1.0,0.5,0.0,1.0,1.0,0.0,0.0
3089,0.053140096618357446,1.0,0.5,0.75,0.5,0.0,1.0,0.0,0.0,1.0,1.0,0.5,0.0
3090,0.09178743961352653,0.0,1.0,0.5,0.0,1.0,0.0,0.0,1.0,0.0,1.0,0.0,0.0
3091,0.18357487922705312,0.5,0.5,0.0,0.5,1.0,0.0,1.0,1.0,1.0,0.0,0.0,1.0
3092,0.23188405797101452,0.5,0.0,0.75,0.5,1.0,1.0,0.5,1.0,1.0,0.0,1.0,1.0
3093,0.12077294685990336,0.5,0.5,0.5,1.0,1.0,0.0,0.5,0.0,1.0,0.0,0.5,1.0
3094,0.2222222222222222,0.5,1.0,0.25,0.5,0.0,0.0,1.0,1.0,0.0,1.0,0.5,1.0
3095,0.10144927536231885,0.5,0.5,1.0,1.0,0.0,0.0,0.0,0.0,0.0,0.0,1.0,1.0
3096,0.024154589371980673,0.5,0.0,0.25,0.5,0.0,1.0,0.5,0.0,0.0,0.0,0.0,0.0
3097,0.04347826086956519,0.5,1.0,0.25,0.5,0.0,0.0,1.0,0.0,0.0,1.0,0.5,0.0
3098,0.13043478260869562,0.0,0.0,1.0,0.0,1.0,1.0,0.0,1.0,0.0,0.0,1.0,0.0
3099,0.21739130434782605,1.0,1.0,0.5,0.5,0.0,0.0,0.0,1.0,1.0,1.0,0.0,1.0
3100,0.12560386473429952,0.0,0.5,0.0,1.0,1.0,0.0,1.0,0.0,0.0,0.0,0.0,1.0
3101,0.024154589371980673,0.0,0.0,0.5,0.5,1.0,1.0,1.0,0.0,0.0,0.0,1.0,0.0
3102,0.053140096618357446,1.0,0.5,1.0,0.5,0.0,1.0,0.0,0.0,1.0,1.0,1.0,0.0
3103,0.20772946859903385,0.5,1.0,0.75,0.5,0.0,0.0,0.5,1.0,0.0,1.0,1.0,1.0
3104,0.10628019323671495,0.0,0.5,0.75,1.0,1.0,0.0,0.0,0.0,0.0,0.0,0.5,1.0
3105,0.13526570048309178,0.5,0.0,0.25,0.0,1.0,1.0,0.5,1.0,1.0,0.0,0.0,0.0
3106,0.13043478260869562,0.0,0.0,0.5,1.0,1.0,1.0,0.0,0.0,0.0,0.0,0.0,1.0
3107,0.09661835748792269,0.5,0.5,0.5,0.0,1.0,1.0,0.0,1.0,1.0,1.0,0.0,0.0
3108,0.1642512077294686,1.0,1.0,0.0,0.5,0.0,0.0,1.0,1.0,1.0,1.0,0.0,1.0
3109,0.13526570048309178,0.5,1.0,0.25,1.0,0.0,0.0,0.5,0.0,0.0,1.0,0.0,1.0
3110,0.03864734299516909,0.5,0.0,0.5,0.5,0.0,1.0,0.5,0.0,0.0,0.0,0.5,0.0
3111,0.13043478260869562,0.0,1.0,0.75,0.0,1.0,0.0,0.0,1.0,0.0,1.0,0.5,0.0
3112,0.13043478260869562,0.5,0.0,1.0,0.0,1.0,1.0,0.0,1.0,1.0,0.0,1.0,0.0
3113,0.19323671497584538,0.5,0.5,0.0,0.5,1.0,1.0,1.0,1.0,1.0,1.0,0.0,1.0
3114,0.053140096618357446,0.0,0.0,0.0,0.5,1.0,1.0,1.0,0.0,0.0,0.0,0.0,0.0
3115,0.1545893719806763,1.0,1.0,0.25,0.0,0.0,0.0,0.5,1.0,1.0,1.0,0.0,0.0
3116,0.18357487922705312,0.0,0.0,0.25,1.0,1.0,1.0,1.0,0.0,0.0,0.0,0.5,1.0
3117,0.09661835748792269,1.0,1.0,0.75,0.5,0.0,0.0,0.5,0.0,1.0,1.0,1.0,0.0
3118,0.1497584541062802,0.5,0.5,0.5,0.0,1.0,1.0,0.5,1.0,1.0,1.0,0.5,0.0
3119,0.18840579710144928,0.5,0.5,0.25,1.0,1.0,1.0,1.0,0.0,1.0,1.0,0.5,1.0
3120,0.2125603864734299,0.5,0.5,0.75,1.0,0.0,1.0,0.0,0.0,0.0,1.0,0.5,1.0
3121,0.13526570048309178,0.5,1.0,0.25,0.5,0.0,0.0,0.5,0.0,0.0,1.0,0.0,0.0
3122,0.1159420289855072,0.5,1.0,0.5,0.0,1.0,0.0,0.0,1.0,1.0,1.0,0.0,0.0
3123,0.07246376811594202,1.0,0.5,0.0,1.0,0.0,0.0,1.0,0.0,1.0,0.0,0.0,1.0
3124,0.15942028985507245,0.5,0.0,0.5,1.0,0.0,1.0,0.5,0.0,0.0,0.0,0.5,1.0
3125,0.12560386473429952,0.5,0.5,0.5,1.0,0.0,0.0,1.0,0.0,0.0,0.0,1.0,1.0
3126,0.0579710144927536,0.0,0.0,0.5,0.5,1.0,1.0,0.5,0.0,0.0,0.0,0.5,0.0
3127,0.07729468599033817,1.0,0.5,0.25,0.5,0.0,1.0,1.0,0.0,1.0,1.0,0.5,0.0
3128,0.053140096618357446,0.0,1.0,0.5,0.5,1.0,0.0,1.0,0.0,0.0,1.0,1.0,0.0
3129,0.09661835748792269,1.0,0.0,1.0,0.0,0.0,1.0,0.0,1.0,1.0,0.0,1.0,0.0
3130,0.19806763285024154,0.5,0.5,0.0,0.5,0.0,1.0,1.0,1.0,0.0,1.0,0.0,1.0
3131,0.23188405797101452,0.5,0.5,0.75,0.5,0.0,1.0,0.5,1.0,0.0,1.0,1.0,1.0
3132,0.24637681159420288,0.5,1.0,0.75,0.5,0.0,0.0,0.0,1.0,0.0,1.0,0.5,1.0
3133,0.1111111111111111,0.5,0.5,0.25,0.5,1.0,0.0,0.5,0.0,1.0,0.0,0.0,0.0
3134,0.13043478260869562,0.5,0.5,0.25,0.0,0.0,0.0,1.0,1.0,0.0,0.0,0.5,0.0
3135,0.10628019323671495,0.0,0.5,0.75,1.0,1.0,0.0,0.5,0.0,0.0,0.0,1.0,1.0
3136,0.10144927536231885,1.0,0.0,1.0,1.0,0.0,1.0,0.0,0.0,1.0,0.0,1.0,1.0
3137,0.10144927536231885,0.0,0.5,0.5,1.0,1.0,1.0,0.0,0.0,0.0,1.0,0.0,1.0
3138,0.13043478260869562,0.5,1.0,0.5,1.0,1.0,0.0,1.0,0.0,1.0,1.0,1.0,1.0
3139,0.10628019323671495,0.5,0.0,0.5,0.0,0.0,1.0,1.0,1.0,0.0,0.0,1.0,0.0
3140,0.2028985507246377,0.5,1.0,0.5,0.5,0.0,0.0,1.0,1.0,0.0,1.0,1.0,1.0
3141,0.18840579710144928,0.5,0.0,1.0,0.5,0.0,1.0,0.0,1.0,0.0,0.0,1.0,1.0
3142,0.13526570048309178,0.5,0.5,0.25,1.0,0.0,0.0,0.5,0.0,0.0,0.0,0.0,1.0
3143,0.12560386473429952,0.5,0.5,0.5,0.0,0.0,0.0,0.5,1.0,0.0,0.0,0.5,0.0
3144,0.13043478260869562,0.0,0.5,0.25,1.0,1.0,0.0,1.0,0.0,0.0,0.0,0.5,1.0
3145,0.10628019323671495,0.5,1.0,0.5,0.5,0.0,0.0,0.0,0.0,0.0,1.0,0.0,0.0
3146,0.07246376811594202,0.5,0.0,0.25,0.5,0.0,1.0,0.5,0.0,0.0,0.0,0.0,0.0
3147,0.08212560386473428,0.5,0.5,0.25,0.5,0.0,1.0,1.0,0.0,0.0,1.0,0.5,0.0
3148,0.06763285024154586,1.0,0.5,0.25,1.0,0.0,0.0,0.5,0.0,1.0,0.0,0.0,1.0
3149,0.028985507246376774,0.0,0.5,0.5,0.5,1.0,0.0,0.5,0.0,0.0,0.0,0.5,0.0
3150,0.028985507246376774,0.5,0.0,0.5,0.5,1.0,1.0,0.5,0.0,1.0,0.0,0.5,0.0
3151,0.08212560386473428,0.5,1.0,0.5,0.0,0.0,0.0,0.5,1.0,0.0,1.0,0.5,0.0
3152,0.07729468599033817,0.5,0.5,0.75,1.0,0.0,0.0,0.0,0.0,0.0,0.0,0.5,1.0
3153,0.08212560386473428,0.5,0.0,0.25,0.0,0.0,1.0,0.5,1.0,0.0,0.0,0.0,0.0
3154,0.19323671497584538,0.0,0.5,0.25,0.5,1.0,1.0,1.0,1.0,0.0,1.0,0.5,1.0
3155,0.9082125603864735,0.5,1.0,0.75,0.0,1.0,0.0,0.0,1.0,1.0,1.0,0.5,0.0
3156,0.1545893719806763,1.0,1.0,0.25,0.0,0.0,0.0,0.5,1.0,1.0,1.0,0.0,0.0
3157,0.18357487922705312,0.0,0.0,0.25,1.0,1.0,1.0,1.0,0.0,0.0,0.0,0.5,1.0
3158,0.09661835748792269,1.0,1.0,0.75,0.5,0.0,0.0,0.5,0.0,1.0,1.0,1.0,0.0
3159,0.19323671497584538,0.0,0.5,0.0,0.5,1.0,0.0,1.0,1.0,0.0,0.0,0.0,1.0
3160,0.08212560386473428,0.5,1.0,0.5,0.0,0.0,0.0,0.5,1.0,0.0,1.0,0.5,0.0
3161,0.07729468599033817,0.5,0.5,0.75,1.0,0.0,0.0,0.0,0.0,0.0,0.0,0.5,1.0
3162,0.08212560386473428,0.5,0.0,0.25,0.0,0.0,1.0,0.5,1.0,0.0,0.0,0.0,0.0
3163,0.19323671497584538,0.0,0.5,0.25,0.5,1.0,1.0,1.0,1.0,0.0,1.0,0.5,1.0
3164,0.14009661835748793,0.5,0.0,0.25,0.0,0.0,1.0,1.0,1.0,0.0,0.0,0.5,0.0
3165,0.14009661835748793,0.5,0.0,0.5,1.0,0.0,1.0,1.0,0.0,0.0,0.0,1.0,1.0
3166,0.07729468599033817,0.0,1.0,0.75,0.5,1.0,0.0,0.5,0.0,0.0,1.0,1.0,0.0
3167,0.053140096618357446,0.5,0.5,0.75,0.5,1.0,0.0,0.0,0.0,1.0,0.0,0.5,0.0
3168,0.014492753623188415,0.5,0.5,0.0,0.5,1.0,0.0,1.0,0.0,1.0,0.0,0.0,0.0
3169,0.1159420289855072,0.5,0.5,0.75,0.0,1.0,0.0,0.5,1.0,1.0,0.0,1.0,0.0
3170,0.2560386473429952,1.0,0.0,0.75,0.5,0.0,1.0,0.0,1.0,1.0,0.0,0.5,1.0
3171,0.21739130434782605,0.0,1.0,0.5,0.5,1.0,0.0,0.0,1.0,0.0,1.0,0.0,1.0
3172,0.0579710144927536,0.5,1.0,0.75,0.5,0.0,0.0,0.5,0.0,0.0,1.0,1.0,0.0
3173,0.1545893719806763,0.0,0.5,0.5,1.0,1.0,1.0,1.0,0.0,0.0,1.0,1.0,1.0
3174,0.2753623188405797,0.5,1.0,0.0,0.5,0.0,0.0,1.0,1.0,0.0,1.0,0.0,1.0
3175,0.28019323671497587,0.0,0.5,1.0,0.5,1.0,0.0,0.0,1.0,0.0,0.0,1.0,1.0
3176,0.1642512077294686,0.5,0.5,0.25,1.0,1.0,0.0,0.5,0.0,1.0,0.0,0.0,1.0
3177,0.2028985507246377,0.5,0.0,0.75,0.0,1.0,1.0,0.0,1.0,1.0,0.0,0.5,0.0
3178,0.18357487922705312,1.0,1.0,0.0,1.0,0.0,0.0,1.0,0.0,1.0,1.0,0.0,1.0
3179,0.1111111111111111,0.0,0.0,0.75,0.0,1.0,1.0,0.5,1.0,0.0,0.0,1.0,0.0
3180,0.14492753623188404,0.5,0.5,0.5,1.0,1.0,1.0,0.5,0.0,1.0,1.0,0.5,1.0
3181,0.08212560386473428,0.0,0.5,0.75,0.0,1.0,0.0,0.0,1.0,0.0,0.0,0.5,0.0
3182,0.09661835748792269,0.5,0.0,0.25,1.0,1.0,1.0,0.5,0.0,1.0,0.0,0.0,1.0
3183,0.03864734299516909,1.0,1.0,0.75,0.5,0.0,0.0,0.0,0.0,1.0,1.0,0.5,0.0
3184,0.028985507246376774,0.0,0.5,0.25,0.5,1.0,0.0,0.5,0.0,0.0,0.0,0.0,0.0
3185,0.019323671497584516,0.5,0.5,0.25,0.5,1.0,0.0,1.0,0.0,1.0,0.0,0.5,0.0
3186,0.009661835748792258,1.0,0.0,0.5,0.5,0.0,1.0,1.0,0.0,1.0,0.0,1.0,0.0
3187,0.1159420289855072,0.0,0.0,0.75,0.0,1.0,1.0,0.5,1.0,0.0,0.0,1.0,0.0
3188,0.2222222222222222,1.0,1.0,0.25,0.5,0.0,0.0,1.0,1.0,1.0,1.0,0.5,1.0
3189,0.1497584541062802,0.5,0.0,1.0,1.0,0.0,1.0,0.0,0.0,0.0,0.0,1.0,1.0
3190,0.09661835748792269,0.5,0.0,0.25,1.0,1.0,1.0,0.5,0.0,1.0,0.0,0.0,1.0
3191,0.1497584541062802,1.0,1.0,0.75,0.0,0.0,0.0,0.0,1.0,1.0,1.0,0.5,0.0
3192,0.19806763285024154,0.0,0.5,0.25,0.5,1.0,0.0,0.5,1.0,0.0,0.0,0.0,1.0
3193,0.22705314009661837,1.0,0.5,0.25,0.5,0.0,0.0,1.0,1.0,1.0,0.0,0.5,1.0
3194,0.20772946859903385,0.0,0.5,1.0,1.0,1.0,0.0,0.0,0.0,0.0,0.0,1.0,1.0
3195,0.19806763285024154,0.5,0.5,0.25,0.5,0.0,1.0,0.5,1.0,0.0,1.0,0.0,1.0
3196,0.13043478260869562,0.0,0.5,0.25,1.0,1.0,1.0,1.0,0.0,0.0,1.0,0.5,1.0
3197,0.06280193236714976,1.0,0.5,1.0,0.5,0.0,1.0,0.0,0.0,1.0,1.0,1.0,0.0
3198,0.15942028985507245,0.0,1.0,0.0,0.0,1.0,0.0,1.0,1.0,0.0,1.0,0.0,0.0
3199,0.12560386473429952,0.5,0.5,0.5,1.0,0.0,0.0,1.0,0.0,0.0,0.0,1.0,1.0
3200,0.06763285024154586,0.5,0.5,0.75,0.5,0.0,0.0,0.5,0.0,0.0,0.0,1.0,0.0
3201,0.0579710144927536,0.0,0.0,0.5,0.5,1.0,1.0,0.5,0.0,0.0,0.0,0.5,0.0
3202,0.07729468599033817,1.0,0.5,0.25,0.5,0.0,1.0,1.0,0.0,1.0,1.0,0.5,0.0
3203,0.053140096618357446,0.0,1.0,0.5,0.5,1.0,0.0,1.0,0.0,0.0,1.0,1.0,0.0
3204,0.09661835748792269,1.0,0.0,1.0,0.0,0.0,1.0,0.0,1.0,1.0,0.0,1.0,0.0
3205,0.19806763285024154,0.5,0.5,0.0,0.5,0.0,1.0,1.0,1.0,0.0,1.0,0.0,1.0
3206,0.24637681159420288,0.5,1.0,0.75,0.5,0.0,0.0,0.0,1.0,0.0,1.0,0.5,1.0
3207,0.1497584541062802,0.0,0.5,0.5,1.0,1.0,0.0,0.0,0.0,0.0,0.0,0.0,1.0
3208,0.1111111111111111,0.5,0.5,0.25,0.5,1.0,0.0,0.5,0.0,1.0,0.0,0.0,0.0
3209,0.15942028985507245,0.5,1.0,0.75,0.0,1.0,0.0,0.5,1.0,1.0,1.0,1.0,0.0
3210,0.12077294685990336,0.5,0.5,0.5,1.0,1.0,0.0,0.5,0.0,1.0,0.0,0.5,1.0
3211,0.13043478260869562,1.0,0.0,0.5,0.0,0.0,1.0,0.5,1.0,1.0,0.0,0.5,0.0
3212,0.2222222222222222,0.5,1.0,0.25,0.5,0.0,0.0,1.0,1.0,0.0,1.0,0.5,1.0
3213,0.10144927536231885,0.5,0.5,1.0,1.0,0.0,0.0,0.0,0.0,0.0,0.0,1.0,1.0
3214,0.024154589371980673,0.5,0.0,0.25,0.5,0.0,1.0,0.5,0.0,0.0,0.0,0.0,0.0
3215,0.04347826086956519,0.5,1.0,0.25,0.5,0.0,0.0,1.0,0.0,0.0,1.0,0.5,0.0
3216,0.13043478260869562,0.0,0.0,1.0,0.0,1.0,1.0,0.0,1.0,0.0,0.0,1.0,0.0
3217,0.028985507246376774,1.0,1.0,0.25,0.5,0.0,0.0,1.0,0.0,1.0,1.0,0.5,0.0
3218,0.053140096618357446,0.0,0.5,0.75,0.5,1.0,0.0,0.5,0.0,0.0,0.0,1.0,0.0
3219,0.07246376811594202,0.5,0.0,0.75,0.5,1.0,1.0,0.0,0.0,1.0,0.0,0.5,0.0
3220,0.024154589371980673,1.0,1.0,0.25,0.5,0.0,0.0,0.5,0.0,1.0,1.0,0.0,0.0
3221,0.0,0.5,0.5,0.75,0.5,0.0,0.0,0.0,0.0,0.0,0.0,0.5,0.0
3222,0.0579710144927536,0.0,0.5,0.0,0.5,1.0,0.0,1.0,0.0,0.0,0.0,0.0,0.0
3223,0.1642512077294686,1.0,0.0,0.5,0.0,0.0,1.0,1.0,1.0,1.0,0.0,1.0,0.0
3224,0.2125603864734299,0.5,0.5,0.75,0.5,0.0,1.0,0.5,1.0,0.0,1.0,1.0,1.0
3225,0.1690821256038647,0.5,0.5,0.75,0.5,0.0,0.0,0.0,1.0,0.0,0.0,0.5,1.0
3226,0.09178743961352653,0.5,0.5,1.0,1.0,1.0,0.0,0.0,0.0,1.0,0.0,1.0,1.0
3227,0.0579710144927536,0.5,0.5,0.0,0.5,0.0,1.0,1.0,0.0,0.0,1.0,0.0,0.0
3228,0.10144927536231885,0.0,1.0,1.0,0.0,1.0,0.0,0.0,1.0,0.0,1.0,1.0,0.0
3229,0.09661835748792269,1.0,0.5,0.5,1.0,0.0,0.0,0.0,0.0,1.0,0.0,0.0,1.0
3230,0.10628019323671495,0.5,0.5,0.5,0.0,0.0,0.0,0.0,1.0,0.0,0.0,0.0,0.0
3231,0.09178743961352653,0.5,0.5,0.0,1.0,0.0,0.0,1.0,0.0,0.0,0.0,0.0,1.0
3232,0.014492753623188415,0.5,0.0,0.75,0.5,0.0,1.0,0.5,0.0,0.0,0.0,1.0,0.0
3233,0.09661835748792269,0.0,0.5,0.5,0.5,1.0,1.0,0.5,0.0,0.0,1.0,0.5,0.0
3234,0.09661835748792269,0.5,0.0,0.25,1.0,1.0,1.0,0.5,0.0,1.0,0.0,0.0,1.0
3235,0.03864734299516909,1.0,1.0,0.75,0.5,0.0,0.0,0.0,0.0,1.0,1.0,0.5,0.0
3236,0.019323671497584516,0.5,0.5,0.25,0.5,1.0,0.0,1.0,0.0,1.0,0.0,0.5,0.0
3237,0.009661835748792258,1.0,0.0,0.5,0.5,0.0,1.0,1.0,0.0,1.0,0.0,1.0,0.0
3238,0.019323671497584516,0.5,1.0,0.5,0.5,0.0,0.0,1.0,0.0,0.0,1.0,1.0,0.0
3239,0.1159420289855072,0.0,0.0,0.75,0.0,1.0,1.0,0.5,1.0,0.0,0.0,1.0,0.0
3240,0.2222222222222222,1.0,1.0,0.25,0.5,0.0,0.0,1.0,1.0,1.0,1.0,0.5,1.0
3241,0.1497584541062802,0.5,0.0,1.0,1.0,0.0,1.0,0.0,0.0,0.0,0.0,1.0,1.0
3242,0.19323671497584538,0.0,1.0,0.0,0.5,1.0,0.0,1.0,1.0,0.0,1.0,0.0,1.0
3243,0.07246376811594202,0.5,0.5,0.75,0.0,1.0,1.0,0.5,1.0,1.0,1.0,1.0,0.0
3244,0.14492753623188404,0.0,0.5,0.5,0.5,1.0,0.0,0.5,1.0,0.0,0.0,0.5,1.0
3245,0.24637681159420288,0.0,0.0,0.0,0.5,1.0,1.0,1.0,1.0,0.0,0.0,0.0,1.0
3246,0.13526570048309178,0.5,0.5,1.0,1.0,1.0,1.0,0.0,0.0,1.0,1.0,1.0,1.0
3247,0.019323671497584516,1.0,1.0,0.5,0.5,0.0,0.0,0.0,0.0,1.0,1.0,0.0,0.0
3248,0.1111111111111111,0.0,0.0,0.5,0.0,1.0,1.0,0.0,1.0,0.0,0.0,0.0,0.0
3249,0.15942028985507245,0.5,1.0,0.0,1.0,1.0,0.0,1.0,0.0,1.0,1.0,0.0,1.0
3250,0.2028985507246377,0.5,1.0,0.5,0.5,0.0,0.0,1.0,1.0,0.0,1.0,1.0,1.0
3251,0.18840579710144928,0.5,0.0,1.0,0.5,0.0,1.0,0.0,1.0,0.0,0.0,1.0,1.0
3252,0.18357487922705312,0.5,1.0,0.5,0.5,0.0,0.0,0.0,1.0,0.0,1.0,0.0,1.0
3253,0.13526570048309178,0.5,0.5,0.25,1.0,0.0,0.0,0.5,0.0,0.0,0.0,0.0,1.0
3254,0.12560386473429952,0.5,0.5,0.5,0.0,0.0,0.0,0.5,1.0,0.0,0.0,0.5,0.0
3255,0.10144927536231885,1.0,0.0,1.0,0.5,0.0,1.0,0.0,0.0,1.0,0.0,1.0,0.0
3256,0.10628019323671495,0.5,1.0,0.5,0.5,0.0,0.0,0.0,0.0,0.0,1.0,0.0,0.0
3257,0.07246376811594202,0.5,0.0,0.25,0.5,0.0,1.0,0.5,0.0,0.0,0.0,0.0,0.0
3258,0.08212560386473428,0.5,0.5,0.25,0.5,0.0,1.0,1.0,0.0,0.0,1.0,0.5,0.0
3259,0.09178743961352653,1.0,0.5,0.25,1.0,0.0,1.0,0.5,0.0,1.0,1.0,0.0,1.0
3260,0.09178743961352653,0.5,0.5,0.25,0.0,0.0,1.0,1.0,1.0,0.0,1.0,0.5,0.0
3261,0.23671497584541057,1.0,1.0,0.5,0.5,0.0,0.0,1.0,1.0,1.0,1.0,1.0,1.0
3262,0.17874396135265697,0.0,0.0,1.0,1.0,1.0,1.0,0.0,0.0,0.0,0.0,1.0,1.0
3263,0.08212560386473428,0.5,0.5,0.25,0.5,1.0,1.0,0.5,0.0,1.0,1.0,0.0,0.0
3264,0.053140096618357446,1.0,0.5,0.75,0.5,0.0,1.0,0.0,0.0,1.0,1.0,0.5,0.0
3265,0.09178743961352653,0.0,1.0,0.5,0.0,1.0,0.0,0.0,1.0,0.0,1.0,0.0,0.0
3266,0.18357487922705312,0.5,0.5,0.0,0.5,1.0,0.0,1.0,1.0,1.0,0.0,0.0,1.0
3267,0.23188405797101452,0.5,0.0,0.75,0.5,1.0,1.0,0.5,1.0,1.0,0.0,1.0,1.0
3268,0.14009661835748793,1.0,1.0,0.5,1.0,0.0,0.0,0.5,0.0,1.0,1.0,0.5,1.0
3269,0.17874396135265697,0.5,0.5,0.0,0.5,0.0,0.0,1.0,1.0,0.0,0.0,0.0,1.0
3270,0.13526570048309178,0.0,0.5,0.5,0.5,1.0,0.0,1.0,1.0,0.0,0.0,1.0,1.0
3271,0.06280193236714976,1.0,0.0,0.5,1.0,0.0,1.0,1.0,0.0,1.0,0.0,1.0,1.0
3272,0.08695652173913043,0.0,0.5,0.5,0.0,1.0,1.0,1.0,1.0,0.0,1.0,1.0,0.0
3273,0.10144927536231885,1.0,0.5,1.0,1.0,0.0,1.0,0.0,0.0,1.0,1.0,1.0,1.0
3274,0.09178743961352653,0.5,1.0,0.5,0.5,1.0,0.0,0.0,0.0,1.0,1.0,0.0,0.0
3275,0.21739130434782605,0.5,0.5,0.25,0.0,1.0,0.0,0.5,1.0,1.0,0.0,0.0,0.0
3276,0.17391304347826086,0.5,1.0,0.75,0.5,1.0,0.0,0.5,1.0,1.0,1.0,1.0,1.0
3277,0.2028985507246377,0.5,0.5,0.25,0.5,1.0,0.0,1.0,1.0,1.0,0.0,0.5,1.0
3278,0.2125603864734299,0.5,0.0,1.0,0.5,1.0,1.0,0.0,1.0,1.0,0.0,1.0,1.0
3279,0.07729468599033817,0.5,0.0,0.0,0.5,1.0,1.0,1.0,0.0,1.0,0.0,0.0,0.0
3280,0.15942028985507245,1.0,1.0,1.0,0.0,0.0,0.0,0.0,1.0,1.0,1.0,1.0,0.0
3281,0.13526570048309178,1.0,0.5,0.5,0.0,0.0,1.0,0.0,1.0,1.0,1.0,0.0,0.0
3282,0.1159420289855072,0.0,1.0,0.5,1.0,1.0,0.0,0.0,0.0,0.0,1.0,0.0,1.0
3283,0.08695652173913043,0.5,0.5,0.0,0.0,1.0,0.0,1.0,1.0,1.0,0.0,0.0,0.0
3284,0.13526570048309178,1.0,0.5,0.5,0.5,0.0,0.0,1.0,1.0,1.0,0.0,1.0,1.0
3285,0.1690821256038647,0.5,0.0,0.5,0.5,0.0,1.0,1.0,1.0,0.0,0.0,1.0,1.0
3286,0.12560386473429952,0.5,1.0,1.0,1.0,0.0,0.0,0.0,0.0,0.0,1.0,1.0,1.0
3287,0.09178743961352653,0.0,0.0,0.25,0.0,1.0,1.0,0.5,1.0,0.0,0.0,0.0,0.0
3288,0.10628019323671495,1.0,1.0,0.25,1.0,0.0,0.0,1.0,0.0,1.0,1.0,0.5,1.0
3289,0.1159420289855072,0.5,0.0,0.75,0.0,0.0,1.0,0.5,1.0,0.0,0.0,1.0,0.0
3290,0.22705314009661837,0.0,1.0,0.75,0.5,1.0,0.0,0.0,1.0,0.0,1.0,0.5,1.0
3291,0.06280193236714976,0.0,0.0,0.5,1.0,1.0,1.0,1.0,0.0,0.0,0.0,1.0,1.0
3292,0.019323671497584516,1.0,0.5,0.5,0.5,0.0,1.0,1.0,0.0,1.0,1.0,1.0,0.0
3293,0.1545893719806763,0.5,0.5,1.0,0.0,0.0,1.0,0.0,1.0,0.0,1.0,1.0,0.0
3294,0.22705314009661837,0.0,0.5,0.25,0.5,1.0,1.0,0.5,1.0,0.0,1.0,0.0,1.0
3295,0.19323671497584538,0.5,0.5,0.25,0.5,1.0,1.0,1.0,1.0,1.0,1.0,0.5,1.0
3296,0.17391304347826086,1.0,0.5,1.0,1.0,0.0,0.0,0.0,0.0,1.0,0.0,1.0,1.0
3297,0.10628019323671495,0.5,0.5,0.75,0.0,0.0,0.0,0.5,1.0,0.0,0.0,1.0,0.0
3298,0.06280193236714976,0.5,0.5,0.5,1.0,0.0,0.0,0.5,0.0,0.0,0.0,0.5,1.0
3299,0.06763285024154586,0.5,0.0,0.75,0.5,0.0,1.0,0.0,0.0,0.0,0.0,0.5,0.0
3300,0.10628019323671495,0.5,0.0,0.5,0.0,0.0,1.0,1.0,1.0,0.0,0.0,1.0,0.0
3301,0.2028985507246377,0.5,1.0,0.5,0.5,0.0,0.0,1.0,1.0,0.0,1.0,1.0,1.0
3302,0.18840579710144928,0.5,0.0,1.0,0.5,0.0,1.0,0.0,1.0,0.0,0.0,1.0,1.0
3303,0.18357487922705312,0.5,1.0,0.5,0.5,0.0,0.0,0.0,1.0,0.0,1.0,0.0,1.0
3304,0.13526570048309178,0.5,0.5,0.25,1.0,0.0,0.0,0.5,0.0,0.0,0.0,0.0,1.0
3305,0.12560386473429952,0.5,0.5,0.5,0.0,0.0,0.0,0.5,1.0,0.0,0.0,0.5,0.0
3306,0.13043478260869562,0.0,0.5,0.25,1.0,1.0,0.0,1.0,0.0,0.0,0.0,0.5,1.0
3307,0.10144927536231885,1.0,0.0,1.0,0.5,0.0,1.0,0.0,0.0,1.0,0.0,1.0,0.0
3308,0.10628019323671495,0.5,1.0,0.5,0.5,0.0,0.0,0.0,0.0,0.0,1.0,0.0,0.0
3309,0.07246376811594202,0.5,0.0,0.25,0.5,0.0,1.0,0.5,0.0,0.0,0.0,0.0,0.0
3310,0.08212560386473428,0.5,0.5,0.25,0.5,0.0,1.0,1.0,0.0,0.0,1.0,0.5,0.0
3311,0.1545893719806763,0.5,0.0,0.25,0.0,0.0,1.0,1.0,1.0,0.0,0.0,0.5,0.0
3312,0.1545893719806763,0.0,0.5,0.5,1.0,1.0,1.0,1.0,0.0,0.0,1.0,1.0,1.0
3313,0.14009661835748793,1.0,0.5,1.0,0.0,0.0,1.0,0.0,1.0,1.0,1.0,1.0,0.0
3314,0.2753623188405797,0.5,1.0,0.0,0.5,0.0,0.0,1.0,1.0,0.0,1.0,0.0,1.0
3315,0.28019323671497587,0.0,0.5,1.0,0.5,1.0,0.0,0.0,1.0,0.0,0.0,1.0,1.0
3316,0.1642512077294686,0.5,0.5,0.25,1.0,1.0,0.0,0.5,0.0,1.0,0.0,0.0,1.0
3317,0.2028985507246377,0.5,0.0,0.75,0.0,1.0,1.0,0.0,1.0,1.0,0.0,0.5,0.0
3318,0.1111111111111111,0.0,0.0,0.75,0.0,1.0,1.0,0.5,1.0,0.0,0.0,1.0,0.0
3319,0.1545893719806763,1.0,0.5,0.25,0.0,0.0,1.0,0.5,1.0,1.0,1.0,0.0,0.0
3320,0.20772946859903385,0.0,1.0,0.25,0.5,1.0,0.0,1.0,1.0,0.0,1.0,0.5,1.0
3321,0.09178743961352653,0.5,0.5,1.0,1.0,1.0,0.0,0.0,0.0,1.0,0.0,1.0,1.0
3322,0.0579710144927536,1.0,0.0,0.5,0.5,0.0,1.0,0.0,0.0,1.0,0.0,0.0,0.0
3323,0.0579710144927536,0.5,0.5,0.0,0.5,0.0,1.0,1.0,0.0,0.0,1.0,0.0,0.0
3324,0.10144927536231885,0.0,1.0,1.0,0.0,1.0,0.0,0.0,1.0,0.0,1.0,1.0,0.0
3325,0.10628019323671495,0.5,0.5,0.5,0.0,0.0,0.0,0.0,1.0,0.0,0.0,0.0,0.0
3326,0.09178743961352653,0.5,0.5,0.0,1.0,0.0,0.0,1.0,0.0,0.0,0.0,0.0,1.0
3327,0.014492753623188415,0.5,0.0,0.75,0.5,0.0,1.0,0.5,0.0,0.0,0.0,1.0,0.0
3328,0.09661835748792269,0.0,0.5,0.5,0.5,1.0,1.0,0.5,0.0,0.0,1.0,0.5,0.0
3329,0.1690821256038647,0.0,0.0,0.75,1.0,1.0,1.0,0.0,0.0,0.0,0.0,0.5,1.0
3330,0.13526570048309178,1.0,0.5,0.5,0.0,0.0,1.0,0.0,1.0,1.0,1.0,0.0,0.0
3331,0.1159420289855072,0.0,1.0,0.5,1.0,1.0,0.0,0.0,0.0,0.0,1.0,0.0,1.0
3332,0.12560386473429952,0.5,1.0,1.0,1.0,0.0,0.0,0.0,0.0,0.0,1.0,1.0,1.0
3333,0.09178743961352653,0.0,0.0,0.25,0.0,1.0,1.0,0.5,1.0,0.0,0.0,0.0,0.0
3334,0.10628019323671495,1.0,1.0,0.25,1.0,0.0,0.0,1.0,0.0,1.0,1.0,0.5,1.0
3335,0.1159420289855072,0.5,0.0,0.75,0.0,0.0,1.0,0.5,1.0,0.0,0.0,1.0,0.0
3336,0.12560386473429952,0.0,1.0,0.25,0.0,1.0,0.0,0.5,1.0,0.0,1.0,0.0,0.0
3337,0.13043478260869562,0.5,0.5,0.5,0.0,1.0,1.0,1.0,1.0,1.0,1.0,1.0,0.0
3338,0.19323671497584538,1.0,1.0,0.75,0.5,0.0,0.0,0.5,1.0,1.0,1.0,1.0,1.0
3339,0.17874396135265697,0.5,0.5,0.25,0.5,0.0,0.0,1.0,1.0,0.0,0.0,0.5,1.0
3340,0.08695652173913043,0.5,0.0,0.75,1.0,0.0,1.0,0.5,0.0,0.0,0.0,1.0,1.0
3341,0.08695652173913043,0.0,0.5,0.5,0.0,1.0,1.0,0.5,1.0,0.0,1.0,0.5,0.0
3342,0.09178743961352653,1.0,1.0,0.75,1.0,0.0,0.0,0.0,0.0,1.0,1.0,0.5,1.0
3343,0.14009661835748793,0.5,0.0,0.0,0.0,0.0,1.0,1.0,1.0,0.0,0.0,0.0,0.0
3344,0.09661835748792269,1.0,1.0,0.25,0.0,0.0,0.0,1.0,1.0,1.0,1.0,0.5,0.0
3345,0.1111111111111111,0.0,1.0,0.75,1.0,1.0,0.0,0.5,0.0,0.0,1.0,1.0,1.0
3346,0.024154589371980673,1.0,0.0,0.75,0.5,0.0,1.0,0.0,0.0,1.0,0.0,0.5,0.0
3347,0.009661835748792258,0.5,1.0,0.0,0.5,0.0,0.0,1.0,0.0,0.0,1.0,0.0,0.0
3348,0.1159420289855072,0.0,0.5,0.5,0.0,1.0,0.0,1.0,1.0,0.0,0.0,1.0,0.0
3349,0.21739130434782605,1.0,0.0,0.75,0.5,0.0,1.0,0.5,1.0,1.0,0.0,1.0,1.0
3350,0.12560386473429952,0.5,0.5,0.5,1.0,0.0,1.0,0.5,0.0,0.0,1.0,0.5,1.0
3351,0.14009661835748793,0.5,0.0,0.25,0.0,0.0,1.0,1.0,1.0,0.0,0.0,0.5,0.0
3352,0.12560386473429952,0.5,0.5,1.0,1.0,0.0,1.0,0.0,0.0,0.0,1.0,1.0,1.0
3353,0.1111111111111111,0.5,1.0,0.0,0.0,0.0,0.0,1.0,1.0,0.0,1.0,0.0,0.0
3354,0.14009661835748793,0.5,0.0,0.5,1.0,0.0,1.0,1.0,0.0,0.0,0.0,1.0,1.0
3355,0.07729468599033817,0.0,1.0,0.75,0.5,1.0,0.0,0.5,0.0,0.0,1.0,1.0,0.0
3356,0.053140096618357446,0.5,0.5,0.75,0.5,1.0,0.0,0.0,0.0,1.0,0.0,0.5,0.0
3357,0.014492753623188415,0.5,0.5,0.0,0.5,1.0,0.0,1.0,0.0,1.0,0.0,0.0,0.0
3358,0.1159420289855072,0.5,0.5,0.75,0.0,1.0,0.0,0.5,1.0,1.0,0.0,1.0,0.0
3359,0.2560386473429952,1.0,0.0,0.75,0.5,0.0,1.0,0.0,1.0,1.0,0.0,0.5,1.0
3360,0.21739130434782605,0.0,1.0,0.5,0.5,1.0,0.0,0.0,1.0,0.0,1.0,0.0,1.0
3361,0.1545893719806763,0.5,0.0,0.25,0.0,0.0,1.0,1.0,1.0,0.0,0.0,0.5,0.0
3362,0.1545893719806763,0.0,0.5,0.5,1.0,1.0,1.0,1.0,0.0,0.0,1.0,1.0,1.0
3363,0.14009661835748793,1.0,0.5,1.0,0.0,0.0,1.0,0.0,1.0,1.0,1.0,1.0,0.0
3364,0.28019323671497587,0.0,0.5,1.0,0.5,1.0,0.0,0.0,1.0,0.0,0.0,1.0,1.0
3365,0.1642512077294686,0.5,0.5,0.25,1.0,1.0,0.0,0.5,0.0,1.0,0.0,0.0,1.0
3366,0.2028985507246377,0.5,0.0,0.75,0.0,1.0,1.0,0.0,1.0,1.0,0.0,0.5,0.0
3367,0.18357487922705312,1.0,1.0,0.0,1.0,0.0,0.0,1.0,0.0,1.0,1.0,0.0,1.0
3368,0.1111111111111111,0.0,0.0,0.75,0.0,1.0,1.0,0.5,1.0,0.0,0.0,1.0,0.0
3369,0.14492753623188404,0.5,0.5,0.5,1.0,1.0,1.0,0.5,0.0,1.0,1.0,0.5,1.0
3370,0.2222222222222222,0.5,1.0,1.0,0.5,0.0,0.0,0.0,1.0,0.0,1.0,1.0,1.0
3371,0.12560386473429952,0.0,0.5,0.25,1.0,1.0,0.0,0.5,0.0,0.0,0.0,0.0,1.0
3372,0.09178743961352653,0.5,0.5,0.75,0.0,1.0,0.0,0.0,1.0,1.0,0.0,0.5,0.0
3373,0.10144927536231885,0.5,0.0,0.5,1.0,1.0,1.0,0.0,0.0,1.0,0.0,0.0,1.0
3374,0.03381642512077293,1.0,0.5,0.5,0.5,0.0,1.0,0.0,0.0,1.0,1.0,0.0,0.0
3375,0.04347826086956519,0.0,1.0,0.0,0.5,1.0,0.0,1.0,0.0,0.0,1.0,0.0,0.0
3376,0.13526570048309178,1.0,0.0,1.0,0.0,0.0,1.0,0.0,1.0,1.0,0.0,1.0,0.0
3377,0.15942028985507245,0.0,0.5,0.0,1.0,1.0,1.0,1.0,0.0,0.0,1.0,0.0,1.0
3378,0.048309178743961345,1.0,1.0,1.0,0.5,0.0,0.0,0.0,0.0,1.0,1.0,1.0,0.0
3379,0.024154589371980673,0.0,0.5,0.5,0.5,1.0,0.0,0.0,0.0,0.0,0.0,0.0,0.0
3380,0.14009661835748793,1.0,0.5,0.0,0.0,0.0,0.0,1.0,1.0,1.0,0.0,0.0,0.0
3381,0.07729468599033817,1.0,0.0,0.75,0.0,0.0,1.0,0.0,1.0,1.0,0.0,0.5,0.0
3382,0.07729468599033817,0.5,0.5,0.25,1.0,0.0,1.0,0.5,0.0,0.0,1.0,0.0,1.0
3383,0.15942028985507245,0.5,1.0,0.0,0.5,1.0,0.0,1.0,1.0,1.0,1.0,0.0,1.0
3384,0.07729468599033817,0.5,0.0,0.75,1.0,1.0,1.0,0.5,0.0,1.0,0.0,1.0,1.0
3385,0.08695652173913043,0.5,0.5,0.25,0.0,1.0,1.0,1.0,1.0,1.0,1.0,0.5,0.0
3386,0.15942028985507245,1.0,0.5,0.75,0.5,0.0,1.0,0.5,1.0,1.0,1.0,1.0,1.0
3387,0.07246376811594202,1.0,0.5,1.0,0.5,0.0,0.0,0.0,0.0,1.0,0.0,1.0,0.0
3388,0.1497584541062802,0.5,0.5,0.0,0.0,0.0,0.0,1.0,1.0,0.0,0.0,0.0,0.0
3389,0.2125603864734299,1.0,0.0,0.75,1.0,0.0,1.0,0.0,0.0,1.0,0.0,0.5,1.0
3390,0.1111111111111111,0.0,0.5,0.0,0.0,1.0,1.0,1.0,1.0,0.0,1.0,0.0,0.0
3391,0.12077294685990336,0.5,0.5,0.0,1.0,1.0,1.0,1.0,0.0,1.0,1.0,0.0,1.0
3392,0.03381642512077293,1.0,1.0,0.5,0.5,0.0,0.0,1.0,0.0,1.0,1.0,1.0,0.0
3393,0.1545893719806763,0.0,0.5,0.5,0.0,1.0,0.0,1.0,1.0,0.0,0.0,1.0,0.0
3394,0.06280193236714976,0.5,1.0,0.25,0.5,1.0,0.0,1.0,0.0,1.0,1.0,0.5,0.0
3395,0.17391304347826086,1.0,0.5,0.75,0.0,0.0,0.0,0.5,1.0,1.0,0.0,1.0,0.0
3396,0.2125603864734299,0.5,0.0,0.25,0.5,0.0,1.0,1.0,1.0,0.0,0.0,0.5,1.0
3397,0.10144927536231885,0.5,0.5,0.5,1.0,1.0,0.0,1.0,0.0,1.0,0.0,1.0,1.0
3398,0.08212560386473428,1.0,0.5,0.5,0.0,0.0,0.0,1.0,1.0,1.0,0.0,1.0,0.0
3399,0.15942028985507245,0.5,0.0,0.75,0.5,0.0,1.0,0.5,1.0,0.0,0.0,1.0,1.0
3400,0.08695652173913043,0.5,1.0,0.5,1.0,0.0,0.0,0.5,0.0,0.0,1.0,0.5,1.0
3401,0.08695652173913043,1.0,0.0,0.25,0.5,0.0,1.0,0.5,0.0,1.0,0.0,0.0,0.0
3402,0.0579710144927536,0.0,0.5,0.25,0.5,1.0,1.0,0.5,0.0,0.0,1.0,0.0,0.0
3403,0.09661835748792269,1.0,0.5,0.75,0.0,0.0,1.0,0.0,1.0,1.0,1.0,0.5,0.0
3404,0.1111111111111111,0.5,1.0,0.5,0.5,0.0,0.0,0.0,1.0,0.0,1.0,0.0,1.0
3405,0.19806763285024154,0.0,0.0,0.5,0.5,1.0,1.0,0.0,1.0,0.0,0.0,0.0,1.0
3406,0.14009661835748793,0.5,0.0,0.25,0.0,0.0,1.0,1.0,1.0,0.0,0.0,0.5,0.0
3407,0.12560386473429952,0.5,0.5,1.0,1.0,0.0,1.0,0.0,0.0,0.0,1.0,1.0,1.0
3408,0.14009661835748793,0.5,0.0,0.5,1.0,0.0,1.0,1.0,0.0,0.0,0.0,1.0,1.0
3409,0.07729468599033817,0.0,1.0,0.75,0.5,1.0,0.0,0.5,0.0,0.0,1.0,1.0,0.0
3410,0.053140096618357446,0.5,0.5,0.75,0.5,1.0,0.0,0.0,0.0,1.0,0.0,0.5,0.0
3411,0.014492753623188415,0.5,0.5,0.0,0.5,1.0,0.0,1.0,0.0,1.0,0.0,0.0,0.0
3412,0.1159420289855072,0.5,0.5,0.75,0.0,1.0,0.0,0.5,1.0,1.0,0.0,1.0,0.0
3413,0.2560386473429952,1.0,0.0,0.75,0.5,0.0,1.0,0.0,1.0,1.0,0.0,0.5,1.0
3414,0.21739130434782605,0.0,1.0,0.5,0.5,1.0,0.0,0.0,1.0,0.0,1.0,0.0,1.0
3415,0.2125603864734299,1.0,0.0,0.75,1.0,0.0,1.0,0.0,0.0,1.0,0.0,0.5,1.0
3416,0.1111111111111111,0.0,0.5,0.0,0.0,1.0,1.0,1.0,1.0,0.0,1.0,0.0,0.0
3417,0.19806763285024154,0.5,0.5,1.0,0.5,1.0,1.0,0.0,1.0,1.0,1.0,1.0,1.0
3418,0.12077294685990336,0.5,0.5,0.0,1.0,1.0,1.0,1.0,0.0,1.0,1.0,0.0,1.0
3419,0.03381642512077293,1.0,1.0,0.5,0.5,0.0,0.0,1.0,0.0,1.0,1.0,1.0,0.0
3420,0.1545893719806763,0.0,0.5,0.5,0.0,1.0,0.0,1.0,1.0,0.0,0.0,1.0,0.0
3421,0.20772946859903385,1.0,0.5,1.0,0.5,0.0,0.0,0.0,1.0,1.0,0.0,1.0,1.0
3422,0.10144927536231885,0.0,0.0,0.25,1.0,1.0,1.0,0.5,0.0,0.0,0.0,0.0,1.0
3423,0.06280193236714976,0.5,1.0,0.25,0.5,1.0,0.0,1.0,0.0,1.0,1.0,0.5,0.0
3424,0.2125603864734299,0.5,0.0,0.25,0.5,0.0,1.0,1.0,1.0,0.0,0.0,0.5,1.0
3425,0.12560386473429952,0.5,0.5,1.0,0.5,1.0,0.0,0.0,1.0,1.0,0.0,1.0,1.0
3426,0.1690821256038647,1.0,0.0,0.5,0.5,0.0,1.0,0.0,1.0,1.0,0.0,0.0,1.0
3427,0.1111111111111111,0.5,1.0,0.0,1.0,0.0,0.0,1.0,0.0,0.0,1.0,0.0,1.0
3428,0.07729468599033817,0.0,0.5,0.75,0.0,1.0,0.0,0.5,1.0,0.0,0.0,1.0,0.0
3429,0.08212560386473428,1.0,0.0,0.25,1.0,0.0,1.0,1.0,0.0,1.0,0.0,0.5,1.0
3430,0.04347826086956519,0.0,1.0,1.0,0.5,1.0,0.0,0.0,0.0,0.0,1.0,1.0,0.0
3431,0.07246376811594202,0.5,0.0,0.25,0.5,1.0,1.0,0.5,0.0,1.0,0.0,0.0,0.0
3432,0.23671497584541057,0.0,0.5,0.5,0.5,1.0,1.0,0.5,1.0,0.0,1.0,0.5,1.0
3433,0.19323671497584538,0.0,0.5,0.0,0.0,1.0,1.0,1.0,1.0,0.0,1.0,0.0,0.0
3434,0.2125603864734299,1.0,0.0,0.75,1.0,0.0,1.0,0.0,0.0,1.0,0.0,0.5,1.0
3435,0.1111111111111111,0.0,0.5,0.0,0.0,1.0,1.0,1.0,1.0,0.0,1.0,0.0,0.0
3436,0.12077294685990336,0.5,0.5,0.0,1.0,1.0,1.0,1.0,0.0,1.0,1.0,0.0,1.0
3437,0.03381642512077293,1.0,1.0,0.5,0.5,0.0,0.0,1.0,0.0,1.0,1.0,1.0,0.0
3438,0.1545893719806763,0.0,0.5,0.5,0.0,1.0,0.0,1.0,1.0,0.0,0.0,1.0,0.0
3439,0.20772946859903385,1.0,0.5,1.0,0.5,0.0,0.0,0.0,1.0,1.0,0.0,1.0,1.0
3440,0.10144927536231885,0.0,0.0,0.25,1.0,1.0,1.0,0.5,0.0,0.0,0.0,0.0,1.0
3441,0.06280193236714976,0.5,1.0,0.25,0.5,1.0,0.0,1.0,0.0,1.0,1.0,0.5,0.0
3442,0.17391304347826086,1.0,0.5,0.75,0.0,0.0,0.0,0.5,1.0,1.0,0.0,1.0,0.0
3443,0.2125603864734299,0.5,0.0,0.25,0.5,0.0,1.0,1.0,1.0,0.0,0.0,0.5,1.0
3444,0.10144927536231885,0.5,0.5,0.5,1.0,1.0,0.0,1.0,0.0,1.0,0.0,1.0,1.0
3445,0.08212560386473428,1.0,0.5,0.5,0.0,0.0,0.0,1.0,1.0,1.0,0.0,1.0,0.0
3446,0.15942028985507245,0.5,0.0,0.75,0.5,0.0,1.0,0.5,1.0,0.0,0.0,1.0,1.0
3447,0.08695652173913043,0.5,1.0,0.5,1.0,0.0,0.0,0.5,0.0,0.0,1.0,0.5,1.0
3448,0.014492753623188415,0.0,0.5,0.75,0.5,1.0,0.0,0.0,0.0,0.0,0.0,0.5,0.0
3449,0.08695652173913043,1.0,0.0,0.25,0.5,0.0,1.0,0.5,0.0,1.0,0.0,0.0,0.0
3450,0.08212560386473428,0.5,0.5,0.75,0.5,0.0,1.0,0.0,0.0,0.0,1.0,0.5,0.0
3451,0.09661835748792269,1.0,0.5,0.75,0.0,0.0,1.0,0.0,1.0,1.0,1.0,0.5,0.0
3452,0.1111111111111111,0.5,1.0,0.5,0.5,0.0,0.0,0.0,1.0,0.0,1.0,0.0,1.0
3453,0.19806763285024154,0.0,0.0,0.5,0.5,1.0,1.0,0.0,1.0,0.0,0.0,0.0,1.0
