,delta_mean
0,1.0
1,1.0
2,0.0
3,0.0
4,1.0
5,0.0
6,0.0
7,0.0
8,1.0
9,0.0
10,1.0
11,1.0
12,0.0
13,1.0
14,0.0
15,1.0
16,0.0
17,1.0
18,1.0
19,0.0
20,0.0
21,0.0
22,1.0
23,0.0
24,0.0
25,0.0
26,1.0
27,1.0
28,0.0
29,0.0
30,0.0
31,1.0
32,1.0
33,0.0
34,0.0
35,0.0
36,1.0
37,0.0
38,0.0
39,1.0
40,1.0
41,0.0
42,1.0
43,1.0
44,1.0
45,1.0
46,0.0
47,0.0
48,0.0
49,0.0
50,1.0
51,1.0
52,1.0
53,1.0
54,1.0
55,1.0
56,1.0
57,1.0
58,1.0
59,0.0
60,0.0
61,0.0
62,0.0
63,0.0
64,0.0
65,0.0
66,0.0
67,0.0
68,1.0
69,1.0
70,1.0
71,0.0
72,0.0
73,0.0
74,0.0
75,1.0
76,1.0
77,0.0
78,0.0
79,1.0
80,0.0
81,1.0
82,0.0
83,1.0
84,1.0
85,0.0
86,1.0
87,1.0
88,0.0
89,1.0
90,1.0
91,0.0
92,0.0
93,1.0
94,0.0
95,0.0
96,1.0
97,1.0
98,0.0
99,1.0
100,1.0
101,0.0
102,0.0
103,1.0
104,0.0
105,1.0
106,1.0
107,1.0
108,1.0
109,1.0
110,1.0
111,1.0
112,0.0
113,1.0
114,1.0
115,0.0
116,1.0
117,0.0
118,1.0
119,0.0
120,1.0
121,0.0
122,1.0
123,1.0
124,1.0
125,0.0
126,1.0
127,0.0
128,1.0
129,0.0
130,1.0
131,1.0
132,1.0
133,0.0
134,0.0
135,1.0
136,0.0
137,1.0
138,0.0
139,1.0
140,1.0
141,0.0
142,1.0
143,0.0
144,1.0
145,0.0
146,0.0
147,1.0
148,0.0
149,1.0
150,1.0
151,0.0
152,1.0
153,0.0
154,0.0
155,0.0
156,0.0
157,0.0
158,0.0
159,1.0
160,1.0
161,1.0
162,0.0
163,1.0
164,1.0
165,0.0
166,0.0
167,0.0
168,0.0
169,1.0
170,0.0
171,0.0
172,0.0
173,0.0
174,1.0
175,1.0
176,0.0
177,0.0
178,0.0
179,0.0
180,0.0
181,0.0
182,0.0
183,1.0
184,0.0
185,1.0
186,0.0
187,1.0
188,1.0
189,0.0
190,1.0
191,1.0
192,0.0
193,1.0
194,0.0
195,1.0
196,1.0
197,0.0
198,1.0
199,0.0
200,1.0
201,1.0
202,1.0
203,0.0
204,0.0
205,1.0
206,0.0
207,1.0
208,0.0
209,0.0
210,1.0
211,0.0
212,0.0
213,1.0
214,0.0
215,0.0
216,1.0
217,1.0
218,1.0
219,0.0
220,1.0
221,0.0
222,0.0
223,0.0
224,0.0
225,1.0
226,0.0
227,1.0
228,1.0
229,1.0
230,0.0
231,0.0
232,1.0
233,0.0
234,1.0
235,0.0
236,0.0
237,0.0
238,1.0
239,0.0
240,0.0
241,1.0
242,1.0
243,0.0
244,0.0
245,1.0
246,0.0
247,0.0
248,0.0
249,0.0
250,0.0
251,0.0
252,0.0
253,1.0
254,0.0
255,0.0
256,0.0
257,0.0
258,1.0
259,0.0
260,1.0
261,1.0
262,0.0
263,0.0
264,0.0
265,1.0
266,0.0
267,0.0
268,1.0
269,0.0
270,1.0
271,1.0
272,0.0
273,1.0
274,0.0
275,1.0
276,0.0
277,1.0
278,0.0
279,0.0
280,1.0
281,1.0
282,0.0
283,0.0
284,1.0
285,1.0
286,0.0
287,0.0
288,0.0
289,0.0
290,0.0
291,0.0
292,0.0
293,0.0
294,0.0
295,0.0
296,0.0
297,1.0
298,1.0
299,0.0
300,0.0
301,0.0
302,0.0
303,0.0
304,0.0
305,0.0
306,0.0
307,0.0
308,0.0
309,0.0
310,1.0
311,1.0
312,1.0
313,1.0
314,1.0
315,1.0
316,1.0
317,1.0
318,1.0
319,1.0
320,1.0
321,1.0
322,1.0
323,1.0
324,1.0
325,1.0
326,1.0
327,1.0
328,1.0
329,1.0
330,1.0
331,1.0
332,1.0
333,0.0
334,1.0
335,0.0
336,0.0
337,0.0
338,1.0
339,1.0
340,0.0
341,0.0
342,0.0
343,0.0
344,0.0
345,1.0
346,1.0
347,0.0
348,0.0
349,1.0
350,0.0
351,1.0
352,0.0
353,0.0
354,0.0
355,0.0
356,1.0
357,0.0
358,0.0
359,0.0
360,1.0
361,1.0
362,0.0
363,0.0
364,0.0
365,0.0
366,0.0
367,0.0
368,0.0
369,1.0
370,0.0
371,0.0
372,0.0
373,1.0
374,0.0
375,0.0
376,1.0
377,1.0
378,0.0
379,0.0
380,0.0
381,1.0
382,0.0
383,1.0
384,1.0
385,1.0
386,0.0
387,0.0
388,0.0
389,1.0
390,0.0
391,0.0
392,0.0
393,1.0
394,0.0
395,1.0
396,0.0
397,1.0
398,0.0
399,1.0
400,0.0
401,1.0
402,1.0
403,1.0
404,1.0
405,0.0
406,1.0
407,0.0
408,1.0
409,1.0
410,0.0
411,1.0
412,0.0
413,0.0
414,1.0
415,1.0
416,1.0
417,1.0
418,1.0
419,0.0
420,1.0
421,0.0
422,0.0
423,1.0
424,1.0
425,1.0
426,0.0
427,1.0
428,0.0
429,1.0
430,0.0
431,1.0
432,0.0
433,1.0
434,0.0
435,0.0
436,1.0
437,1.0
438,1.0
439,0.0
440,0.0
441,0.0
442,1.0
443,0.0
444,0.0
445,1.0
446,1.0
447,0.0
448,1.0
449,0.0
450,1.0
451,1.0
452,0.0
453,1.0
454,0.0
455,0.0
456,0.0
457,1.0
458,0.0
459,0.0
460,1.0
461,0.0
462,1.0
463,1.0
464,0.0
465,1.0
466,0.0
467,1.0
468,0.0
469,1.0
470,0.0
471,0.0
472,0.0
473,1.0
474,0.0
475,0.0
476,0.0
477,1.0
478,0.0
479,1.0
480,1.0
481,0.0
482,1.0
483,0.0
484,1.0
485,0.0
486,1.0
487,1.0
488,1.0
489,0.0
490,1.0
491,1.0
492,0.0
493,0.0
494,1.0
495,1.0
496,0.0
497,1.0
498,0.0
499,1.0
500,1.0
501,1.0
502,1.0
503,1.0
504,1.0
505,0.0
506,1.0
507,0.0
508,1.0
509,1.0
510,0.0
511,1.0
512,1.0
513,1.0
514,0.0
515,0.0
516,1.0
517,1.0
518,0.0
519,0.0
520,1.0
521,1.0
522,1.0
523,1.0
524,0.0
525,0.0
526,1.0
527,1.0
528,0.0
529,1.0
530,1.0
531,1.0
532,0.0
533,1.0
534,1.0
535,1.0
536,0.0
537,1.0
538,0.0
539,0.0
540,1.0
541,0.0
542,1.0
543,0.0
544,0.0
545,1.0
546,0.0
547,0.0
548,0.0
549,1.0
550,1.0
551,0.0
552,1.0
553,0.0
554,1.0
555,1.0
556,0.0
557,1.0
558,1.0
559,0.0
560,1.0
561,1.0
562,1.0
563,1.0
564,0.0
565,1.0
566,0.0
567,0.0
568,0.0
569,0.0
570,0.0
571,1.0
572,0.0
573,0.0
574,1.0
575,0.0
576,0.0
577,1.0
578,0.0
579,1.0
580,0.0
581,0.0
582,0.0
583,1.0
584,0.0
585,1.0
586,1.0
587,1.0
588,0.0
589,0.0
590,1.0
591,0.0
592,0.0
593,0.0
594,1.0
595,1.0
596,1.0
597,0.0
598,0.0
599,0.0
600,0.0
601,0.0
602,1.0
603,1.0
604,0.0
605,0.0
606,1.0
607,1.0
608,0.0
609,0.0
610,0.0
611,1.0
612,0.0
613,1.0
614,1.0
615,0.0
616,0.0
617,0.0
618,0.0
619,0.0
620,0.0
621,1.0
622,1.0
623,0.0
624,1.0
625,1.0
626,1.0
627,0.0
628,0.0
629,0.0
630,0.0
631,1.0
632,0.0
633,1.0
634,1.0
635,1.0
636,0.0
637,0.0
638,1.0
639,1.0
640,0.0
641,0.0
642,1.0
643,1.0
644,1.0
645,1.0
646,1.0
647,1.0
648,1.0
649,1.0
650,1.0
651,0.0
652,0.0
653,0.0
654,1.0
655,1.0
656,0.0
657,0.0
658,0.0
659,0.0
660,1.0
661,0.0
662,0.0
663,0.0
664,1.0
665,0.0
666,0.0
667,0.0
668,0.0
669,1.0
670,1.0
671,1.0
672,1.0
673,1.0
674,0.0
675,0.0
676,1.0
677,1.0
678,0.0
679,0.0
680,0.0
681,1.0
682,1.0
683,0.0
684,0.0
685,1.0
686,1.0
687,1.0
688,0.0
689,1.0
690,0.0
691,0.0
692,0.0
693,1.0
694,0.0
695,0.0
696,1.0
697,1.0
698,0.0
699,1.0
700,1.0
701,0.0
702,1.0
703,1.0
704,0.0
705,1.0
706,0.0
707,1.0
708,1.0
709,0.0
710,1.0
711,1.0
712,1.0
713,0.0
714,1.0
715,0.0
716,0.0
717,1.0
718,0.0
719,1.0
720,0.0
721,0.0
722,0.0
723,0.0
724,0.0
725,0.0
726,1.0
727,1.0
728,1.0
729,0.0
730,0.0
731,0.0
732,0.0
733,0.0
734,0.0
735,0.0
736,0.0
737,0.0
738,0.0
739,0.0
740,0.0
741,0.0
742,0.0
743,0.0
744,0.0
745,1.0
746,0.0
747,0.0
748,1.0
749,1.0
750,1.0
751,1.0
752,0.0
753,0.0
754,1.0
755,0.0
756,1.0
757,1.0
758,1.0
759,0.0
760,0.0
761,1.0
762,1.0
763,1.0
764,0.0
765,1.0
766,1.0
767,0.0
768,0.0
769,1.0
770,1.0
771,0.0
772,1.0
773,1.0
774,0.0
775,1.0
776,0.0
777,1.0
778,0.0
779,0.0
780,1.0
781,1.0
782,0.0
783,1.0
784,0.0
785,0.0
786,1.0
787,0.0
788,1.0
789,0.0
790,1.0
791,0.0
792,0.0
793,0.0
794,0.0
795,1.0
796,1.0
797,0.0
798,1.0
799,1.0
800,0.0
801,0.0
802,0.0
803,1.0
804,1.0
805,0.0
806,0.0
807,1.0
808,0.0
809,1.0
810,0.0
811,0.0
812,1.0
813,0.0
814,1.0
815,1.0
816,0.0
817,1.0
818,0.0
819,1.0
820,1.0
821,0.0
822,1.0
823,0.0
824,0.0
825,1.0
826,0.0
827,1.0
828,1.0
829,0.0
830,1.0
831,0.0
832,0.0
833,0.0
834,1.0
835,1.0
836,0.0
837,1.0
838,1.0
839,0.0
840,1.0
841,0.0
842,1.0
843,1.0
844,0.0
845,0.0
846,0.0
847,0.0
848,0.0
849,1.0
850,0.0
851,1.0
852,0.0
853,0.0
854,0.0
855,0.0
856,1.0
857,0.0
858,1.0
859,0.0
860,1.0
861,0.0
862,0.0
863,0.0
864,1.0
865,1.0
866,0.0
867,0.0
868,1.0
869,0.0
870,0.0
871,1.0
872,1.0
873,0.0
874,1.0
875,1.0
876,0.0
877,0.0
878,0.0
879,1.0
880,0.0
881,0.0
882,1.0
883,1.0
884,1.0
885,0.0
886,0.0
887,0.0
888,0.0
889,0.0
890,0.0
891,0.0
892,0.0
893,0.0
894,0.0
895,0.0
896,0.0
897,0.0
898,0.0
899,0.0
900,0.0
901,0.0
902,0.0
903,1.0
904,0.0
905,0.0
906,0.0
907,0.0
908,0.0
909,1.0
910,0.0
911,1.0
912,0.0
913,0.0
914,0.0
915,1.0
916,0.0
917,1.0
918,0.0
919,0.0
920,0.0
921,0.0
922,0.0
923,0.0
924,0.0
925,0.0
926,0.0
927,0.0
928,0.0
929,0.0
930,0.0
931,0.0
932,0.0
933,0.0
934,0.0
935,1.0
936,0.0
937,0.0
938,0.0
939,0.0
940,0.0
941,1.0
942,1.0
943,1.0
944,1.0
945,1.0
946,0.0
947,0.0
948,1.0
949,1.0
950,0.0
951,0.0
952,1.0
953,1.0
954,1.0
955,0.0
956,1.0
957,1.0
958,0.0
959,0.0
960,1.0
961,0.0
962,1.0
963,1.0
964,0.0
965,1.0
966,0.0
967,1.0
968,1.0
969,1.0
970,1.0
971,1.0
972,1.0
973,1.0
974,1.0
975,1.0
976,1.0
977,0.0
978,1.0
979,0.0
980,1.0
981,1.0
982,1.0
983,1.0
984,1.0
985,1.0
986,1.0
987,1.0
988,0.0
989,0.0
990,0.0
991,0.0
992,1.0
993,0.0
994,0.0
995,1.0
996,1.0
997,1.0
998,0.0
999,1.0
1000,0.0
1001,1.0
1002,1.0
1003,0.0
1004,0.0
1005,0.0
1006,1.0
1007,0.0
1008,0.0
1009,1.0
1010,0.0
1011,0.0
1012,0.0
1013,1.0
1014,1.0
1015,0.0
1016,0.0
1017,1.0
1018,0.0
1019,1.0
1020,0.0
1021,0.0
1022,0.0
1023,1.0
1024,0.0
1025,0.0
1026,1.0
1027,0.0
1028,1.0
1029,1.0
1030,1.0
1031,1.0
1032,1.0
1033,1.0
1034,1.0
1035,1.0
1036,1.0
1037,1.0
1038,1.0
1039,1.0
1040,1.0
1041,1.0
1042,1.0
1043,1.0
1044,1.0
1045,1.0
1046,1.0
1047,1.0
1048,0.0
1049,0.0
1050,0.0
1051,1.0
1052,1.0
1053,0.0
1054,1.0
1055,0.0
1056,1.0
1057,0.0
1058,0.0
1059,1.0
1060,1.0
1061,0.0
1062,0.0
1063,1.0
1064,1.0
1065,1.0
1066,0.0
1067,1.0
1068,0.0
1069,0.0
1070,1.0
1071,1.0
1072,0.0
1073,1.0
1074,0.0
1075,0.0
1076,0.0
1077,1.0
1078,1.0
1079,1.0
1080,0.0
1081,0.0
1082,0.0
1083,1.0
1084,1.0
1085,0.0
1086,0.0
1087,1.0
1088,1.0
1089,0.0
1090,0.0
1091,0.0
1092,1.0
1093,1.0
1094,0.0
1095,0.0
1096,0.0
1097,1.0
1098,1.0
1099,1.0
1100,1.0
1101,0.0
1102,0.0
1103,1.0
1104,1.0
1105,1.0
1106,1.0
1107,0.0
1108,0.0
1109,1.0
1110,1.0
1111,1.0
1112,1.0
1113,1.0
1114,1.0
1115,0.0
1116,1.0
1117,0.0
1118,0.0
1119,0.0
1120,1.0
1121,1.0
1122,0.0
1123,1.0
1124,1.0
1125,1.0
1126,0.0
1127,1.0
1128,0.0
1129,0.0
1130,1.0
1131,1.0
1132,1.0
1133,1.0
1134,0.0
1135,1.0
1136,1.0
1137,1.0
1138,0.0
1139,0.0
1140,1.0
1141,0.0
1142,1.0
1143,0.0
1144,0.0
1145,1.0
1146,1.0
1147,0.0
1148,0.0
1149,1.0
1150,0.0
1151,1.0
1152,0.0
1153,0.0
1154,0.0
1155,1.0
1156,0.0
1157,1.0
1158,0.0
1159,1.0
1160,1.0
1161,1.0
1162,1.0
1163,0.0
1164,1.0
1165,0.0
1166,0.0
1167,1.0
1168,0.0
1169,0.0
1170,1.0
1171,0.0
1172,1.0
1173,1.0
1174,1.0
1175,1.0
1176,1.0
1177,0.0
1178,0.0
1179,0.0
1180,0.0
1181,0.0
1182,1.0
1183,1.0
1184,0.0
1185,0.0
1186,0.0
1187,0.0
1188,0.0
1189,0.0
1190,0.0
1191,1.0
1192,1.0
1193,1.0
1194,0.0
1195,1.0
1196,1.0
1197,1.0
1198,1.0
1199,0.0
1200,0.0
1201,1.0
1202,0.0
1203,0.0
1204,0.0
1205,1.0
1206,1.0
1207,1.0
1208,1.0
1209,0.0
1210,0.0
1211,1.0
1212,1.0
1213,1.0
1214,1.0
1215,1.0
1216,1.0
1217,1.0
1218,1.0
1219,1.0
1220,1.0
1221,0.0
1222,0.0
1223,0.0
1224,0.0
1225,0.0
1226,0.0
1227,0.0
1228,0.0
1229,0.0
1230,0.0
1231,0.0
1232,1.0
1233,0.0
1234,0.0
1235,0.0
1236,0.0
1237,0.0
1238,0.0
1239,0.0
1240,0.0
1241,1.0
1242,1.0
1243,1.0
1244,1.0
1245,1.0
1246,1.0
1247,0.0
1248,0.0
1249,0.0
1250,0.0
1251,0.0
1252,0.0
1253,0.0
1254,0.0
1255,0.0
1256,0.0
1257,1.0
1258,1.0
1259,1.0
1260,1.0
1261,1.0
1262,1.0
1263,0.0
1264,0.0
1265,0.0
1266,0.0
1267,0.0
1268,0.0
1269,0.0
1270,0.0
1271,0.0
1272,0.0
1273,0.0
1274,0.0
1275,1.0
1276,1.0
1277,0.0
1278,0.0
1279,0.0
1280,0.0
1281,0.0
1282,0.0
1283,1.0
1284,1.0
1285,1.0
1286,1.0
1287,1.0
1288,1.0
1289,1.0
1290,0.0
1291,0.0
1292,1.0
1293,1.0
1294,1.0
1295,1.0
1296,1.0
1297,1.0
1298,1.0
1299,1.0
1300,1.0
1301,1.0
1302,1.0
1303,1.0
1304,1.0
1305,1.0
1306,1.0
1307,0.0
1308,0.0
1309,0.0
1310,0.0
1311,0.0
1312,0.0
1313,0.0
1314,0.0
1315,0.0
1316,0.0
1317,0.0
1318,0.0
1319,0.0
1320,0.0
1321,0.0
1322,0.0
1323,0.0
1324,0.0
1325,0.0
1326,0.0
1327,0.0
1328,0.0
1329,1.0
1330,1.0
1331,1.0
1332,1.0
1333,1.0
1334,1.0
1335,1.0
1336,1.0
1337,1.0
1338,1.0
1339,1.0
1340,1.0
1341,1.0
1342,1.0
1343,1.0
1344,1.0
1345,1.0
1346,1.0
1347,1.0
1348,1.0
1349,1.0
1350,1.0
1351,1.0
1352,1.0
1353,1.0
1354,1.0
1355,1.0
1356,1.0
1357,1.0
1358,1.0
1359,1.0
1360,1.0
1361,1.0
1362,1.0
1363,1.0
1364,0.0
1365,0.0
1366,0.0
1367,0.0
1368,0.0
1369,0.0
1370,0.0
1371,0.0
1372,0.0
1373,0.0
1374,0.0
1375,0.0
1376,0.0
1377,0.0
1378,0.0
1379,0.0
1380,0.0
1381,0.0
1382,0.0
1383,0.0
1384,0.0
1385,0.0
1386,0.0
1387,0.0
1388,0.0
1389,0.0
1390,0.0
1391,0.0
1392,0.0
1393,0.0
1394,0.0
1395,0.0
1396,0.0
1397,0.0
1398,0.0
1399,0.0
1400,0.0
1401,0.0
1402,0.0
1403,0.0
1404,0.0
1405,0.0
1406,0.0
1407,0.0
1408,0.0
1409,0.0
1410,0.0
1411,0.0
1412,0.0
1413,0.0
1414,0.0
1415,0.0
1416,0.0
1417,0.0
1418,0.0
1419,0.0
1420,0.0
1421,0.0
1422,0.0
1423,0.0
1424,0.0
1425,0.0
1426,0.0
1427,0.0
1428,0.0
1429,0.0
1430,0.0
1431,0.0
1432,0.0
1433,0.0
1434,0.0
1435,0.0
1436,0.0
1437,0.0
1438,0.0
1439,0.0
1440,0.0
1441,0.0
1442,0.0
1443,0.0
1444,0.0
1445,0.0
1446,0.0
1447,0.0
1448,0.0
1449,0.0
1450,0.0
1451,0.0
1452,0.0
1453,0.0
1454,0.0
1455,0.0
1456,0.0
1457,0.0
1458,0.0
1459,0.0
1460,0.0
1461,0.0
1462,0.0
1463,1.0
1464,1.0
1465,1.0
1466,1.0
1467,1.0
1468,1.0
1469,1.0
1470,0.0
1471,0.0
1472,0.0
1473,0.0
1474,0.0
1475,0.0
1476,0.0
1477,0.0
1478,0.0
1479,0.0
1480,0.0
1481,0.0
1482,1.0
1483,1.0
1484,1.0
1485,1.0
1486,1.0
1487,1.0
1488,0.0
1489,0.0
1490,0.0
1491,0.0
1492,0.0
1493,0.0
1494,1.0
1495,0.0
1496,0.0
1497,0.0
1498,0.0
1499,0.0
1500,0.0
1501,1.0
1502,0.0
1503,0.0
1504,0.0
1505,0.0
1506,0.0
1507,1.0
1508,1.0
1509,1.0
1510,1.0
1511,1.0
1512,1.0
1513,0.0
1514,1.0
1515,0.0
1516,0.0
1517,0.0
1518,0.0
1519,0.0
1520,1.0
1521,1.0
1522,1.0
1523,1.0
1524,1.0
1525,1.0
1526,0.0
1527,0.0
1528,0.0
1529,0.0
1530,0.0
1531,1.0
1532,1.0
1533,1.0
1534,1.0
1535,1.0
1536,1.0
1537,0.0
1538,0.0
1539,0.0
1540,0.0
1541,0.0
1542,0.0
1543,0.0
1544,1.0
1545,1.0
1546,1.0
1547,1.0
1548,1.0
1549,0.0
1550,0.0
1551,0.0
1552,0.0
1553,0.0
1554,0.0
1555,1.0
1556,1.0
1557,1.0
1558,1.0
1559,1.0
1560,1.0
1561,0.0
1562,1.0
1563,0.0
1564,1.0
1565,1.0
1566,1.0
1567,1.0
1568,0.0
1569,0.0
1570,0.0
1571,0.0
1572,0.0
1573,1.0
1574,1.0
1575,1.0
1576,1.0
1577,1.0
1578,0.0
1579,0.0
1580,0.0
1581,0.0
1582,0.0
1583,0.0
1584,1.0
1585,1.0
1586,1.0
1587,1.0
1588,1.0
1589,1.0
1590,1.0
1591,1.0
1592,1.0
1593,1.0
1594,1.0
1595,1.0
1596,1.0
1597,1.0
1598,1.0
1599,1.0
1600,1.0
1601,0.0
1602,1.0
1603,0.0
1604,0.0
1605,0.0
1606,0.0
1607,1.0
1608,1.0
1609,1.0
1610,0.0
1611,1.0
1612,0.0
1613,0.0
1614,1.0
1615,0.0
1616,0.0
1617,0.0
1618,0.0
1619,1.0
1620,1.0
1621,1.0
1622,1.0
1623,0.0
1624,1.0
1625,0.0
1626,1.0
1627,0.0
1628,1.0
1629,0.0
1630,0.0
1631,1.0
1632,1.0
1633,1.0
1634,1.0
1635,1.0
1636,1.0
1637,1.0
1638,1.0
1639,1.0
1640,1.0
1641,1.0
1642,0.0
1643,0.0
1644,0.0
1645,0.0
1646,0.0
1647,0.0
1648,1.0
1649,1.0
1650,0.0
1651,0.0
1652,1.0
1653,1.0
1654,1.0
1655,0.0
1656,1.0
1657,1.0
1658,1.0
1659,1.0
1660,1.0
1661,1.0
1662,1.0
1663,1.0
1664,1.0
1665,1.0
1666,0.0
1667,0.0
1668,0.0
1669,0.0
1670,0.0
1671,0.0
1672,0.0
1673,0.0
1674,0.0
1675,1.0
1676,1.0
1677,1.0
1678,0.0
1679,1.0
1680,0.0
1681,1.0
1682,1.0
1683,1.0
1684,1.0
1685,1.0
1686,1.0
1687,0.0
1688,0.0
1689,0.0
1690,0.0
1691,1.0
1692,1.0
1693,0.0
1694,1.0
1695,1.0
1696,0.0
1697,0.0
1698,0.0
1699,0.0
1700,0.0
1701,1.0
1702,1.0
1703,0.0
1704,1.0
1705,1.0
1706,0.0
1707,0.0
1708,1.0
1709,1.0
1710,1.0
1711,1.0
1712,0.0
1713,1.0
1714,1.0
1715,0.0
1716,0.0
1717,0.0
1718,0.0
1719,0.0
1720,0.0
1721,0.0
1722,0.0
1723,0.0
1724,0.0
1725,0.0
1726,0.0
1727,0.0
1728,0.0
1729,0.0
1730,0.0
1731,0.0
1732,0.0
1733,0.0
1734,0.0
1735,0.0
1736,0.0
1737,0.0
1738,0.0
1739,0.0
1740,0.0
1741,0.0
1742,1.0
1743,1.0
1744,1.0
1745,1.0
1746,1.0
1747,1.0
1748,1.0
1749,1.0
1750,1.0
1751,1.0
1752,1.0
1753,1.0
1754,1.0
1755,1.0
1756,0.0
1757,0.0
1758,0.0
1759,0.0
1760,1.0
1761,1.0
1762,1.0
1763,1.0
1764,1.0
1765,0.0
1766,0.0
1767,0.0
1768,0.0
1769,0.0
1770,0.0
1771,0.0
1772,0.0
1773,0.0
1774,0.0
1775,0.0
1776,0.0
1777,0.0
1778,0.0
1779,0.0
1780,0.0
1781,0.0
1782,1.0
1783,1.0
1784,1.0
1785,1.0
1786,1.0
1787,0.0
1788,0.0
1789,0.0
1790,0.0
1791,0.0
1792,0.0
1793,0.0
1794,0.0
1795,0.0
1796,0.0
1797,0.0
1798,0.0
1799,0.0
1800,1.0
1801,0.0
1802,0.0
1803,0.0
1804,0.0
1805,0.0
1806,0.0
1807,0.0
1808,0.0
1809,1.0
1810,1.0
1811,1.0
1812,1.0
1813,1.0
1814,1.0
1815,1.0
1816,0.0
1817,0.0
1818,0.0
1819,0.0
1820,0.0
1821,0.0
1822,0.0
1823,0.0
1824,0.0
1825,0.0
1826,0.0
1827,0.0
1828,0.0
1829,0.0
1830,0.0
1831,0.0
1832,0.0
1833,0.0
1834,0.0
1835,0.0
1836,0.0
1837,0.0
1838,0.0
1839,0.0
1840,0.0
1841,0.0
1842,0.0
1843,0.0
1844,0.0
1845,1.0
1846,1.0
1847,1.0
1848,1.0
1849,1.0
1850,1.0
1851,0.0
1852,0.0
1853,0.0
1854,0.0
1855,0.0
1856,1.0
1857,1.0
1858,1.0
1859,1.0
1860,1.0
1861,1.0
1862,0.0
1863,0.0
1864,0.0
1865,0.0
1866,0.0
1867,1.0
1868,1.0
1869,1.0
1870,1.0
1871,1.0
1872,1.0
1873,0.0
1874,1.0
1875,1.0
1876,1.0
1877,1.0
1878,0.0
1879,0.0
1880,0.0
1881,1.0
1882,0.0
1883,0.0
1884,0.0
1885,0.0
1886,1.0
1887,1.0
1888,0.0
1889,1.0
1890,0.0
1891,1.0
1892,0.0
1893,1.0
1894,0.0
1895,0.0
1896,1.0
1897,1.0
1898,1.0
1899,1.0
1900,1.0
1901,1.0
1902,1.0
1903,1.0
1904,0.0
1905,0.0
1906,0.0
1907,0.0
1908,0.0
1909,0.0
1910,1.0
1911,0.0
1912,1.0
1913,0.0
1914,0.0
1915,0.0
1916,0.0
1917,0.0
1918,1.0
1919,1.0
1920,1.0
1921,0.0
1922,0.0
1923,0.0
1924,0.0
1925,0.0
1926,0.0
1927,0.0
1928,0.0
1929,1.0
1930,1.0
1931,0.0
1932,0.0
1933,0.0
1934,0.0
1935,0.0
1936,0.0
1937,0.0
1938,1.0
1939,1.0
1940,1.0
1941,1.0
1942,0.0
1943,0.0
1944,0.0
1945,0.0
1946,0.0
1947,0.0
1948,0.0
1949,0.0
1950,1.0
1951,1.0
1952,1.0
1953,1.0
1954,1.0
1955,1.0
1956,1.0
1957,1.0
1958,0.0
1959,1.0
1960,0.0
1961,0.0
1962,1.0
1963,0.0
1964,1.0
1965,0.0
1966,0.0
1967,0.0
1968,0.0
1969,0.0
1970,0.0
1971,0.0
1972,0.0
1973,0.0
1974,0.0
1975,0.0
1976,0.0
1977,0.0
1978,0.0
1979,1.0
1980,1.0
1981,1.0
1982,0.0
1983,0.0
1984,1.0
1985,1.0
1986,1.0
1987,1.0
1988,1.0
1989,1.0
1990,0.0
1991,0.0
1992,0.0
1993,0.0
1994,0.0
1995,0.0
1996,0.0
1997,1.0
1998,1.0
1999,0.0
2000,1.0
2001,1.0
2002,1.0
2003,1.0
2004,0.0
2005,0.0
2006,0.0
2007,0.0
2008,0.0
2009,0.0
2010,0.0
2011,0.0
2012,0.0
2013,0.0
2014,0.0
2015,0.0
2016,0.0
2017,0.0
2018,0.0
2019,1.0
2020,0.0
2021,1.0
2022,0.0
2023,0.0
2024,0.0
2025,0.0
2026,0.0
2027,0.0
2028,1.0
2029,1.0
2030,1.0
2031,1.0
2032,1.0
2033,1.0
2034,0.0
2035,0.0
2036,0.0
2037,0.0
2038,0.0
2039,0.0
2040,0.0
2041,1.0
2042,0.0
2043,0.0
2044,0.0
2045,0.0
2046,0.0
2047,0.0
2048,0.0
2049,0.0
2050,0.0
2051,0.0
2052,0.0
2053,0.0
2054,0.0
2055,0.0
2056,0.0
2057,0.0
2058,0.0
2059,0.0
2060,0.0
2061,0.0
2062,0.0
2063,1.0
2064,1.0
2065,0.0
2066,0.0
2067,0.0
2068,0.0
2069,0.0
2070,0.0
2071,0.0
2072,0.0
2073,0.0
2074,0.0
2075,0.0
2076,0.0
2077,0.0
2078,1.0
2079,1.0
2080,1.0
2081,1.0
2082,0.0
2083,0.0
2084,0.0
2085,1.0
2086,1.0
2087,1.0
2088,1.0
2089,1.0
2090,0.0
2091,0.0
2092,0.0
2093,0.0
2094,0.0
2095,0.0
2096,0.0
2097,0.0
2098,0.0
2099,0.0
2100,0.0
2101,0.0
2102,0.0
2103,0.0
2104,1.0
2105,1.0
2106,1.0
2107,0.0
2108,0.0
2109,0.0
2110,0.0
2111,0.0
2112,0.0
2113,0.0
2114,0.0
2115,1.0
2116,1.0
2117,0.0
2118,0.0
2119,0.0
2120,0.0
2121,0.0
2122,1.0
2123,1.0
2124,1.0
2125,1.0
2126,1.0
2127,1.0
2128,1.0
2129,0.0
2130,1.0
2131,0.0
2132,0.0
2133,0.0
2134,0.0
2135,0.0
2136,0.0
2137,1.0
2138,1.0
2139,1.0
2140,1.0
2141,1.0
2142,0.0
2143,0.0
2144,0.0
2145,1.0
2146,0.0
2147,1.0
2148,0.0
2149,0.0
2150,0.0
2151,0.0
2152,0.0
2153,1.0
2154,1.0
2155,1.0
2156,1.0
2157,1.0
2158,0.0
2159,0.0
2160,0.0
2161,0.0
2162,0.0
2163,1.0
2164,1.0
2165,1.0
2166,1.0
2167,1.0
2168,1.0
2169,0.0
2170,0.0
2171,0.0
2172,0.0
2173,0.0
2174,0.0
2175,0.0
2176,0.0
2177,0.0
2178,0.0
2179,0.0
2180,0.0
2181,0.0
2182,0.0
2183,0.0
2184,0.0
2185,0.0
2186,0.0
2187,0.0
2188,0.0
2189,0.0
2190,0.0
2191,0.0
2192,0.0
2193,0.0
2194,0.0
2195,0.0
2196,0.0
2197,0.0
2198,0.0
2199,0.0
2200,0.0
2201,0.0
2202,0.0
2203,0.0
2204,0.0
2205,0.0
2206,0.0
2207,0.0
2208,0.0
2209,0.0
2210,0.0
2211,0.0
2212,0.0
2213,0.0
2214,0.0
2215,0.0
2216,1.0
2217,1.0
2218,1.0
2219,1.0
2220,1.0
2221,0.0
2222,0.0
2223,0.0
2224,0.0
2225,0.0
2226,0.0
2227,0.0
2228,0.0
2229,0.0
2230,0.0
2231,0.0
2232,0.0
2233,0.0
2234,0.0
2235,0.0
2236,0.0
2237,0.0
2238,0.0
2239,0.0
2240,0.0
2241,0.0
2242,0.0
2243,0.0
2244,0.0
2245,0.0
2246,0.0
2247,0.0
2248,0.0
2249,0.0
2250,0.0
2251,0.0
2252,0.0
2253,0.0
2254,0.0
2255,0.0
2256,0.0
2257,0.0
2258,0.0
2259,0.0
2260,0.0
2261,0.0
2262,0.0
2263,0.0
2264,0.0
2265,0.0
2266,0.0
2267,0.0
2268,0.0
2269,0.0
2270,0.0
2271,0.0
2272,1.0
2273,1.0
2274,1.0
2275,1.0
2276,1.0
2277,1.0
2278,1.0
2279,1.0
2280,1.0
2281,1.0
2282,1.0
2283,1.0
2284,1.0
2285,1.0
2286,1.0
2287,1.0
2288,1.0
2289,1.0
2290,1.0
2291,1.0
2292,1.0
2293,1.0
2294,1.0
2295,1.0
2296,1.0
2297,1.0
2298,1.0
2299,1.0
2300,1.0
2301,1.0
2302,1.0
2303,1.0
2304,1.0
2305,1.0
2306,1.0
2307,1.0
2308,1.0
2309,1.0
2310,1.0
2311,1.0
2312,1.0
2313,1.0
2314,1.0
2315,1.0
2316,1.0
2317,1.0
2318,1.0
2319,1.0
2320,1.0
2321,1.0
2322,1.0
2323,1.0
2324,1.0
2325,1.0
2326,1.0
2327,1.0
2328,1.0
2329,1.0
2330,1.0
2331,1.0
2332,1.0
2333,1.0
2334,1.0
2335,1.0
2336,1.0
2337,1.0
2338,1.0
2339,1.0
2340,1.0
2341,1.0
2342,1.0
2343,1.0
2344,1.0
2345,1.0
2346,1.0
2347,1.0
2348,1.0
2349,1.0
2350,1.0
2351,1.0
2352,1.0
2353,1.0
2354,1.0
2355,1.0
2356,1.0
2357,1.0
2358,1.0
2359,1.0
2360,1.0
2361,1.0
2362,1.0
2363,1.0
2364,1.0
2365,1.0
2366,1.0
2367,1.0
2368,1.0
2369,1.0
2370,1.0
2371,1.0
2372,1.0
2373,1.0
2374,1.0
2375,1.0
2376,1.0
2377,1.0
2378,1.0
2379,1.0
2380,1.0
2381,1.0
2382,0.0
2383,0.0
2384,1.0
2385,1.0
2386,1.0
2387,0.0
2388,0.0
2389,1.0
2390,0.0
2391,1.0
2392,1.0
2393,0.0
2394,0.0
2395,0.0
2396,0.0
2397,0.0
2398,1.0
2399,1.0
2400,1.0
2401,1.0
2402,1.0
2403,1.0
2404,0.0
2405,0.0
2406,0.0
2407,0.0
2408,0.0
2409,0.0
2410,0.0
2411,0.0
2412,0.0
2413,0.0
2414,0.0
2415,0.0
2416,0.0
2417,0.0
2418,0.0
2419,0.0
2420,0.0
2421,0.0
2422,0.0
2423,0.0
2424,0.0
2425,0.0
2426,0.0
2427,0.0
2428,1.0
2429,1.0
2430,1.0
2431,1.0
2432,1.0
2433,1.0
2434,0.0
2435,0.0
2436,0.0
2437,1.0
2438,1.0
2439,1.0
2440,0.0
2441,1.0
2442,1.0
2443,1.0
2444,0.0
2445,0.0
2446,0.0
2447,0.0
2448,0.0
2449,0.0
2450,1.0
2451,0.0
2452,0.0
2453,0.0
2454,0.0
2455,0.0
2456,0.0
2457,0.0
2458,0.0
2459,0.0
2460,0.0
2461,0.0
2462,0.0
2463,0.0
2464,0.0
2465,0.0
2466,0.0
2467,0.0
2468,0.0
2469,0.0
2470,0.0
2471,1.0
2472,1.0
2473,0.0
2474,0.0
2475,0.0
2476,0.0
2477,0.0
2478,0.0
2479,0.0
2480,0.0
2481,0.0
2482,0.0
2483,0.0
2484,0.0
2485,0.0
2486,0.0
2487,0.0
2488,1.0
2489,1.0
2490,1.0
2491,1.0
2492,0.0
2493,0.0
2494,0.0
2495,0.0
2496,0.0
2497,0.0
2498,0.0
2499,0.0
2500,0.0
2501,0.0
2502,0.0
2503,0.0
2504,0.0
2505,0.0
2506,0.0
2507,0.0
2508,0.0
2509,0.0
2510,0.0
2511,0.0
2512,0.0
2513,0.0
2514,0.0
2515,0.0
2516,1.0
2517,1.0
2518,0.0
2519,0.0
2520,0.0
2521,0.0
2522,0.0
2523,0.0
2524,0.0
2525,0.0
2526,0.0
2527,1.0
2528,0.0
2529,0.0
2530,0.0
2531,0.0
2532,0.0
2533,0.0
2534,1.0
2535,1.0
2536,1.0
2537,1.0
2538,0.0
2539,0.0
2540,0.0
2541,0.0
2542,0.0
2543,0.0
2544,0.0
2545,0.0
2546,0.0
2547,0.0
2548,0.0
2549,0.0
2550,1.0
2551,1.0
2552,0.0
2553,1.0
2554,1.0
2555,1.0
2556,1.0
2557,1.0
2558,1.0
2559,1.0
2560,1.0
2561,0.0
2562,0.0
2563,0.0
2564,0.0
2565,0.0
2566,0.0
2567,0.0
2568,0.0
2569,0.0
2570,0.0
2571,1.0
2572,0.0
2573,0.0
2574,0.0
2575,0.0
2576,0.0
2577,0.0
2578,0.0
2579,0.0
2580,1.0
2581,0.0
2582,0.0
2583,1.0
2584,1.0
2585,0.0
2586,1.0
2587,1.0
2588,1.0
2589,0.0
2590,0.0
2591,1.0
2592,0.0
2593,1.0
2594,0.0
2595,1.0
2596,0.0
2597,1.0
2598,1.0
2599,1.0
2600,1.0
2601,1.0
2602,1.0
2603,1.0
2604,1.0
2605,1.0
2606,1.0
2607,1.0
2608,1.0
2609,1.0
2610,1.0
2611,1.0
2612,1.0
2613,0.0
2614,1.0
2615,1.0
2616,0.0
2617,0.0
2618,1.0
2619,1.0
2620,1.0
2621,1.0
2622,0.0
2623,0.0
2624,0.0
2625,1.0
2626,1.0
2627,0.0
2628,0.0
2629,0.0
2630,0.0
2631,0.0
2632,1.0
2633,1.0
2634,1.0
2635,0.0
2636,1.0
2637,1.0
2638,1.0
2639,1.0
2640,1.0
2641,1.0
2642,1.0
2643,1.0
2644,0.0
2645,0.0
2646,0.0
2647,1.0
2648,1.0
2649,1.0
2650,1.0
2651,1.0
2652,0.0
2653,0.0
2654,0.0
2655,0.0
2656,0.0
2657,1.0
2658,1.0
2659,1.0
2660,1.0
2661,1.0
2662,1.0
2663,1.0
2664,1.0
2665,1.0
2666,1.0
2667,0.0
2668,0.0
2669,0.0
2670,0.0
2671,1.0
2672,0.0
2673,1.0
2674,1.0
2675,0.0
2676,0.0
2677,0.0
2678,1.0
2679,0.0
2680,1.0
2681,0.0
2682,0.0
2683,1.0
2684,1.0
2685,1.0
2686,0.0
2687,1.0
2688,1.0
2689,1.0
2690,1.0
2691,0.0
2692,0.0
2693,0.0
2694,0.0
2695,0.0
2696,0.0
2697,1.0
2698,1.0
2699,1.0
2700,1.0
2701,0.0
2702,0.0
2703,0.0
2704,0.0
2705,0.0
2706,0.0
2707,0.0
2708,1.0
2709,0.0
2710,1.0
2711,1.0
2712,1.0
2713,1.0
2714,0.0
2715,0.0
2716,0.0
2717,0.0
2718,0.0
2719,0.0
2720,1.0
2721,1.0
2722,1.0
2723,1.0
2724,0.0
2725,0.0
2726,1.0
2727,1.0
2728,0.0
2729,1.0
2730,1.0
2731,1.0
2732,1.0
2733,1.0
2734,0.0
2735,0.0
2736,0.0
2737,0.0
2738,0.0
2739,1.0
2740,1.0
2741,1.0
2742,1.0
2743,1.0
2744,0.0
2745,0.0
2746,0.0
2747,0.0
2748,0.0
2749,0.0
2750,1.0
2751,0.0
2752,1.0
2753,0.0
2754,0.0
2755,0.0
2756,0.0
2757,0.0
2758,0.0
2759,0.0
2760,1.0
2761,1.0
2762,0.0
2763,1.0
2764,1.0
2765,1.0
2766,1.0
2767,1.0
2768,0.0
2769,1.0
2770,0.0
2771,1.0
2772,0.0
2773,0.0
2774,1.0
2775,1.0
2776,0.0
2777,0.0
2778,1.0
2779,1.0
2780,1.0
2781,1.0
2782,1.0
2783,0.0
2784,0.0
2785,0.0
2786,0.0
2787,0.0
2788,0.0
2789,0.0
2790,0.0
2791,0.0
2792,1.0
2793,1.0
2794,0.0
2795,0.0
2796,0.0
2797,0.0
2798,0.0
2799,0.0
2800,0.0
2801,0.0
2802,1.0
2803,0.0
2804,1.0
2805,0.0
2806,0.0
2807,1.0
2808,1.0
2809,1.0
2810,0.0
2811,1.0
2812,0.0
2813,0.0
2814,1.0
2815,1.0
2816,1.0
2817,0.0
2818,0.0
2819,1.0
2820,0.0
2821,0.0
2822,1.0
2823,1.0
2824,1.0
2825,1.0
2826,1.0
2827,1.0
2828,1.0
2829,0.0
2830,0.0
2831,0.0
2832,1.0
2833,1.0
2834,1.0
2835,1.0
2836,1.0
2837,1.0
2838,1.0
2839,1.0
2840,0.0
2841,0.0
2842,0.0
2843,0.0
2844,0.0
2845,0.0
2846,0.0
2847,1.0
2848,1.0
2849,1.0
2850,1.0
2851,1.0
2852,0.0
2853,0.0
2854,1.0
2855,1.0
2856,0.0
2857,1.0
2858,1.0
2859,1.0
2860,1.0
2861,1.0
2862,1.0
2863,1.0
2864,1.0
2865,1.0
2866,1.0
2867,1.0
2868,1.0
2869,1.0
2870,1.0
2871,1.0
2872,1.0
2873,1.0
2874,1.0
2875,1.0
2876,1.0
2877,0.0
2878,0.0
2879,0.0
2880,1.0
2881,1.0
2882,0.0
2883,1.0
2884,0.0
2885,1.0
2886,0.0
2887,1.0
2888,1.0
2889,1.0
2890,1.0
2891,0.0
2892,0.0
2893,1.0
2894,1.0
2895,1.0
2896,1.0
2897,1.0
2898,1.0
2899,1.0
2900,1.0
2901,1.0
2902,1.0
2903,0.0
2904,0.0
2905,0.0
2906,0.0
2907,0.0
2908,0.0
2909,1.0
2910,1.0
2911,1.0
2912,1.0
2913,1.0
2914,0.0
2915,0.0
2916,1.0
2917,1.0
2918,1.0
2919,1.0
2920,1.0
2921,1.0
2922,1.0
2923,1.0
2924,1.0
2925,1.0
2926,0.0
2927,0.0
2928,0.0
2929,0.0
2930,0.0
2931,0.0
2932,1.0
2933,1.0
2934,1.0
2935,1.0
2936,0.0
2937,1.0
2938,1.0
2939,1.0
2940,1.0
2941,1.0
2942,1.0
2943,0.0
2944,1.0
2945,1.0
2946,1.0
2947,1.0
2948,1.0
2949,1.0
2950,1.0
2951,1.0
2952,1.0
2953,1.0
2954,0.0
2955,1.0
2956,1.0
2957,1.0
2958,1.0
2959,1.0
2960,0.0
2961,0.0
2962,0.0
2963,1.0
2964,0.0
2965,1.0
2966,0.0
2967,1.0
2968,0.0
2969,0.0
2970,1.0
2971,1.0
2972,0.0
2973,0.0
2974,0.0
2975,0.0
2976,0.0
2977,0.0
2978,0.0
2979,0.0
2980,0.0
2981,1.0
2982,1.0
2983,0.0
2984,0.0
2985,0.0
2986,0.0
2987,0.0
2988,0.0
2989,0.0
2990,0.0
2991,0.0
2992,1.0
2993,1.0
2994,1.0
2995,1.0
2996,1.0
2997,1.0
2998,0.0
2999,0.0
3000,0.0
3001,1.0
3002,0.0
3003,1.0
3004,0.0
3005,1.0
3006,1.0
3007,0.0
3008,0.0
3009,0.0
3010,1.0
3011,1.0
3012,1.0
3013,1.0
3014,1.0
3015,1.0
3016,1.0
3017,1.0
3018,1.0
3019,1.0
3020,1.0
3021,0.0
3022,1.0
3023,0.0
3024,1.0
3025,1.0
3026,1.0
3027,1.0
3028,1.0
3029,1.0
3030,0.0
3031,1.0
3032,0.0
3033,1.0
3034,1.0
3035,1.0
3036,1.0
3037,1.0
3038,1.0
3039,1.0
3040,1.0
3041,1.0
3042,0.0
3043,0.0
3044,0.0
3045,1.0
3046,0.0
3047,0.0
3048,0.0
3049,0.0
3050,0.0
3051,0.0
3052,0.0
3053,1.0
3054,0.0
3055,0.0
3056,0.0
3057,0.0
3058,0.0
3059,0.0
3060,0.0
3061,0.0
3062,0.0
3063,0.0
3064,0.0
3065,0.0
3066,0.0
3067,0.0
3068,0.0
3069,0.0
3070,0.0
3071,0.0
3072,0.0
3073,0.0
3074,0.0
3075,0.0
3076,0.0
3077,1.0
3078,1.0
3079,1.0
3080,0.0
3081,0.0
3082,0.0
3083,0.0
3084,0.0
3085,1.0
3086,1.0
3087,0.0
3088,0.0
3089,0.0
3090,0.0
3091,0.0
3092,0.0
3093,0.0
3094,0.0
3095,1.0
3096,0.0
3097,0.0
3098,0.0
3099,0.0
3100,0.0
3101,0.0
3102,1.0
3103,1.0
3104,0.0
3105,0.0
3106,0.0
3107,0.0
3108,0.0
3109,0.0
3110,0.0
3111,0.0
3112,0.0
3113,0.0
3114,0.0
3115,0.0
3116,0.0
3117,0.0
3118,0.0
3119,0.0
3120,0.0
3121,0.0
3122,0.0
3123,0.0
3124,0.0
3125,0.0
3126,0.0
3127,0.0
3128,0.0
3129,1.0
3130,1.0
3131,0.0
3132,1.0
3133,1.0
3134,1.0
3135,1.0
3136,1.0
3137,1.0
3138,1.0
3139,1.0
3140,1.0
3141,1.0
3142,0.0
3143,1.0
3144,0.0
3145,0.0
3146,0.0
3147,0.0
3148,0.0
3149,1.0
3150,1.0
3151,1.0
3152,1.0
3153,0.0
3154,0.0
3155,0.0
3156,0.0
3157,0.0
3158,0.0
3159,0.0
3160,0.0
3161,0.0
3162,0.0
3163,0.0
3164,1.0
3165,1.0
3166,1.0
3167,1.0
3168,1.0
3169,0.0
3170,1.0
3171,1.0
3172,1.0
3173,0.0
3174,0.0
3175,0.0
3176,0.0
3177,0.0
3178,0.0
3179,0.0
3180,0.0
3181,0.0
3182,0.0
3183,0.0
3184,0.0
3185,1.0
3186,1.0
3187,1.0
3188,1.0
3189,1.0
3190,1.0
3191,1.0
3192,0.0
3193,0.0
3194,0.0
3195,0.0
3196,0.0
3197,0.0
3198,1.0
3199,1.0
3200,1.0
3201,1.0
3202,1.0
3203,1.0
3204,0.0
3205,0.0
3206,0.0
3207,0.0
3208,0.0
3209,0.0
3210,0.0
3211,0.0
3212,0.0
3213,0.0
3214,1.0
3215,1.0
3216,0.0
3217,1.0
3218,1.0
3219,1.0
3220,1.0
3221,1.0
3222,1.0
3223,1.0
3224,0.0
3225,0.0
3226,0.0
3227,0.0
3228,0.0
3229,0.0
3230,0.0
3231,0.0
3232,0.0
3233,0.0
3234,0.0
3235,0.0
3236,0.0
3237,0.0
3238,0.0
3239,1.0
3240,1.0
3241,1.0
3242,1.0
3243,1.0
3244,1.0
3245,1.0
3246,1.0
3247,0.0
3248,0.0
3249,1.0
3250,1.0
3251,1.0
3252,1.0
3253,1.0
3254,1.0
3255,1.0
3256,1.0
3257,1.0
3258,0.0
3259,0.0
3260,0.0
3261,0.0
3262,0.0
3263,0.0
3264,0.0
3265,0.0
3266,0.0
3267,0.0
3268,0.0
3269,0.0
3270,1.0
3271,0.0
3272,1.0
3273,1.0
3274,1.0
3275,1.0
3276,1.0
3277,1.0
3278,1.0
3279,1.0
3280,1.0
3281,0.0
3282,0.0
3283,0.0
3284,0.0
3285,0.0
3286,0.0
3287,1.0
3288,1.0
3289,1.0
3290,1.0
3291,1.0
3292,0.0
3293,0.0
3294,0.0
3295,0.0
3296,1.0
3297,1.0
3298,1.0
3299,1.0
3300,1.0
3301,1.0
3302,1.0
3303,1.0
3304,1.0
3305,1.0
3306,1.0
3307,1.0
3308,1.0
3309,1.0
3310,1.0
3311,1.0
3312,1.0
3313,1.0
3314,1.0
3315,1.0
3316,1.0
3317,1.0
3318,1.0
3319,1.0
3320,1.0
3321,1.0
3322,1.0
3323,1.0
3324,1.0
3325,1.0
3326,1.0
3327,1.0
3328,1.0
3329,1.0
3330,1.0
3331,1.0
3332,1.0
3333,1.0
3334,1.0
3335,1.0
3336,1.0
3337,0.0
3338,0.0
3339,0.0
3340,0.0
3341,0.0
3342,0.0
3343,0.0
3344,0.0
3345,0.0
3346,0.0
3347,0.0
3348,0.0
3349,1.0
3350,1.0
3351,1.0
3352,1.0
3353,1.0
3354,0.0
3355,0.0
3356,0.0
3357,0.0
3358,0.0
3359,0.0
3360,0.0
3361,0.0
3362,0.0
3363,0.0
3364,0.0
3365,0.0
3366,0.0
3367,0.0
3368,0.0
3369,0.0
3370,0.0
3371,0.0
3372,1.0
3373,0.0
3374,0.0
3375,0.0
3376,0.0
3377,0.0
3378,0.0
3379,0.0
3380,0.0
3381,1.0
3382,1.0
3383,1.0
3384,1.0
3385,1.0
3386,0.0
3387,0.0
3388,0.0
3389,0.0
3390,0.0
3391,0.0
3392,0.0
3393,0.0
3394,0.0
3395,0.0
3396,0.0
3397,1.0
3398,1.0
3399,1.0
3400,1.0
3401,1.0
3402,1.0
3403,1.0
3404,1.0
3405,1.0
3406,1.0
3407,1.0
3408,1.0
3409,1.0
3410,1.0
3411,0.0
3412,0.0
3413,0.0
3414,0.0
3415,0.0
3416,0.0
3417,0.0
3418,1.0
3419,1.0
3420,1.0
3421,1.0
3422,0.0
3423,1.0
3424,1.0
3425,0.0
3426,0.0
3427,0.0
3428,0.0
3429,0.0
3430,0.0
3431,0.0
3432,0.0
3433,1.0
3434,1.0
3435,1.0
3436,0.0
3437,0.0
3438,0.0
3439,0.0
3440,0.0
3441,0.0
3442,1.0
3443,1.0
3444,1.0
3445,1.0
3446,1.0
3447,1.0
3448,1.0
3449,1.0
3450,1.0
3451,1.0
3452,1.0
3453,0.0
3454,0.0
3455,0.0
3456,1.0
3457,0.0
3458,0.0
3459,0.0
3460,0.0
3461,0.0
3462,1.0
3463,1.0
3464,1.0
3465,1.0
3466,1.0
3467,0.0
3468,0.0
3469,0.0
3470,0.0
3471,0.0
3472,0.0
3473,0.0
3474,1.0
3475,1.0
3476,1.0
3477,1.0
3478,0.0
3479,1.0
3480,0.0
3481,0.0
3482,0.0
3483,0.0
3484,1.0
3485,1.0
3486,1.0
3487,1.0
3488,1.0
3489,1.0
3490,1.0
3491,1.0
3492,1.0
3493,0.0
3494,0.0
3495,0.0
3496,0.0
3497,0.0
3498,0.0
3499,1.0
3500,1.0
3501,1.0
3502,1.0
3503,1.0
3504,0.0
3505,1.0
3506,1.0
3507,1.0
3508,0.0
3509,1.0
3510,1.0
3511,1.0
3512,1.0
3513,1.0
3514,1.0
3515,0.0
3516,0.0
3517,0.0
3518,1.0
3519,1.0
3520,1.0
3521,1.0
3522,1.0
3523,1.0
3524,1.0
3525,1.0
3526,1.0
3527,1.0
3528,1.0
3529,0.0
3530,0.0
3531,0.0
3532,0.0
3533,1.0
3534,1.0
3535,1.0
3536,0.0
3537,0.0
3538,0.0
3539,0.0
3540,0.0
3541,0.0
3542,0.0
3543,1.0
3544,1.0
3545,0.0
3546,1.0
3547,1.0
3548,0.0
3549,0.0
3550,0.0
3551,0.0
3552,0.0
3553,0.0
3554,0.0
3555,0.0
3556,0.0
3557,0.0
3558,0.0
3559,0.0
3560,0.0
3561,0.0
3562,0.0
3563,0.0
3564,0.0
3565,0.0
3566,0.0
3567,0.0
3568,0.0
3569,0.0
3570,0.0
3571,0.0
3572,0.0
3573,0.0
3574,0.0
3575,0.0
3576,0.0
3577,0.0
3578,0.0
3579,0.0
3580,0.0
3581,0.0
3582,0.0
3583,0.0
3584,0.0
3585,0.0
3586,0.0
3587,0.0
3588,1.0
3589,1.0
3590,1.0
3591,1.0
3592,1.0
3593,1.0
3594,1.0
3595,1.0
3596,1.0
3597,0.0
3598,0.0
3599,0.0
3600,0.0
3601,0.0
3602,0.0
3603,0.0
3604,0.0
3605,0.0
3606,0.0
3607,0.0
3608,0.0
3609,0.0
3610,0.0
3611,0.0
3612,0.0
3613,0.0
3614,0.0
3615,0.0
3616,0.0
3617,0.0
3618,0.0
3619,0.0
3620,0.0
3621,0.0
3622,1.0
3623,0.0
3624,0.0
3625,0.0
3626,0.0
3627,0.0
3628,0.0
3629,0.0
3630,0.0
3631,0.0
3632,0.0
3633,0.0
3634,0.0
3635,0.0
3636,0.0
3637,0.0
3638,0.0
3639,0.0
3640,0.0
3641,0.0
3642,0.0
3643,0.0
3644,0.0
3645,0.0
3646,0.0
3647,0.0
3648,0.0
3649,0.0
3650,0.0
3651,0.0
3652,1.0
3653,1.0
3654,1.0
3655,0.0
3656,0.0
3657,0.0
3658,0.0
3659,0.0
3660,1.0
3661,1.0
3662,1.0
3663,1.0
3664,1.0
3665,1.0
3666,1.0
3667,1.0
3668,1.0
3669,1.0
3670,0.0
3671,0.0
3672,0.0
3673,0.0
3674,0.0
3675,0.0
3676,1.0
3677,1.0
3678,0.0
3679,0.0
3680,1.0
3681,1.0
3682,1.0
3683,1.0
3684,1.0
3685,1.0
3686,1.0
3687,1.0
3688,1.0
3689,1.0
3690,1.0
3691,1.0
3692,1.0
3693,0.0
3694,0.0
3695,0.0
3696,0.0
3697,1.0
3698,1.0
3699,1.0
3700,1.0
3701,1.0
3702,1.0
3703,1.0
3704,1.0
3705,1.0
3706,1.0
3707,0.0
3708,1.0
3709,0.0
3710,1.0
3711,1.0
3712,1.0
3713,1.0
3714,1.0
3715,1.0
3716,1.0
3717,0.0
3718,0.0
3719,0.0
3720,0.0
3721,0.0
3722,0.0
3723,0.0
3724,1.0
3725,1.0
3726,1.0
3727,1.0
3728,1.0
3729,1.0
3730,1.0
3731,1.0
3732,0.0
3733,0.0
3734,0.0
3735,0.0
3736,0.0
3737,1.0
3738,1.0
3739,1.0
3740,1.0
3741,1.0
3742,1.0
3743,1.0
3744,1.0
3745,0.0
3746,0.0
3747,1.0
3748,0.0
3749,1.0
3750,1.0
3751,1.0
3752,1.0
3753,1.0
3754,1.0
3755,1.0
3756,1.0
3757,1.0
3758,0.0
3759,0.0
3760,0.0
3761,0.0
3762,0.0
3763,1.0
3764,1.0
3765,1.0
3766,1.0
3767,1.0
3768,0.0
3769,0.0
3770,0.0
3771,1.0
3772,1.0
3773,1.0
3774,0.0
3775,0.0
3776,0.0
3777,0.0
3778,0.0
3779,0.0
3780,0.0
3781,1.0
3782,0.0
3783,0.0
3784,0.0
3785,1.0
3786,1.0
3787,1.0
3788,1.0
3789,1.0
3790,1.0
3791,1.0
3792,0.0
3793,0.0
3794,0.0
3795,1.0
3796,1.0
3797,1.0
3798,1.0
3799,1.0
3800,0.0
3801,0.0
3802,0.0
3803,0.0
3804,0.0
3805,0.0
3806,0.0
3807,0.0
3808,0.0
3809,0.0
3810,0.0
3811,1.0
3812,1.0
3813,1.0
3814,1.0
3815,1.0
3816,1.0
3817,0.0
3818,1.0
3819,1.0
3820,1.0
3821,1.0
3822,1.0
3823,0.0
3824,0.0
3825,0.0
3826,0.0
3827,0.0
3828,0.0
3829,0.0
3830,0.0
3831,0.0
3832,0.0
3833,0.0
3834,0.0
3835,1.0
3836,1.0
3837,1.0
3838,1.0
3839,1.0
3840,1.0
3841,0.0
3842,0.0
3843,0.0
3844,0.0
3845,0.0
3846,1.0
3847,0.0
3848,0.0
3849,0.0
3850,0.0
3851,1.0
3852,1.0
3853,1.0
3854,1.0
3855,0.0
3856,0.0
3857,0.0
3858,0.0
3859,0.0
3860,1.0
3861,0.0
3862,0.0
3863,0.0
3864,1.0
3865,1.0
3866,1.0
3867,1.0
3868,1.0
3869,0.0
3870,0.0
3871,0.0
3872,0.0
3873,0.0
3874,1.0
3875,1.0
3876,1.0
3877,0.0
3878,1.0
3879,1.0
3880,1.0
3881,1.0
3882,1.0
3883,1.0
3884,0.0
3885,1.0
3886,1.0
3887,1.0
3888,1.0
3889,1.0
3890,0.0
3891,0.0
3892,0.0
3893,0.0
3894,0.0
3895,0.0
3896,0.0
3897,0.0
3898,1.0
3899,0.0
3900,1.0
3901,1.0
3902,1.0
3903,0.0
3904,0.0
3905,0.0
3906,0.0
3907,0.0
3908,1.0
3909,1.0
3910,1.0
3911,1.0
3912,1.0
3913,1.0
3914,0.0
3915,0.0
3916,0.0
3917,0.0
3918,0.0
3919,1.0
3920,0.0
3921,1.0
3922,1.0
3923,1.0
3924,1.0
3925,1.0
3926,1.0
3927,1.0
3928,1.0
3929,1.0
3930,1.0
3931,1.0
3932,1.0
3933,1.0
3934,0.0
3935,0.0
3936,0.0
3937,1.0
3938,1.0
3939,1.0
3940,1.0
3941,1.0
3942,1.0
3943,1.0
3944,1.0
3945,0.0
3946,0.0
3947,0.0
3948,1.0
3949,1.0
3950,0.0
3951,1.0
3952,0.0
3953,0.0
3954,0.0
3955,0.0
3956,1.0
3957,1.0
3958,1.0
3959,1.0
3960,0.0
3961,0.0
3962,0.0
3963,0.0
3964,0.0
3965,0.0
3966,0.0
3967,0.0
3968,0.0
3969,0.0
3970,0.0
3971,0.0
3972,0.0
3973,0.0
3974,0.0
3975,1.0
3976,0.0
3977,1.0
3978,0.0
3979,0.0
3980,0.0
3981,0.0
3982,1.0
3983,0.0
3984,0.0
3985,0.0
3986,0.0
3987,0.0
3988,1.0
3989,0.0
3990,0.0
3991,1.0
3992,0.0
3993,0.0
3994,0.0
3995,1.0
3996,1.0
3997,1.0
3998,0.0
3999,0.0
4000,0.0
4001,0.0
4002,0.0
4003,0.0
4004,0.0
4005,0.0
4006,0.0
4007,0.0
4008,1.0
4009,1.0
4010,1.0
4011,0.0
4012,0.0
4013,0.0
4014,0.0
4015,0.0
4016,0.0
4017,0.0
4018,0.0
4019,0.0
4020,0.0
4021,0.0
4022,0.0
4023,0.0
4024,0.0
4025,0.0
4026,0.0
4027,1.0
4028,1.0
4029,1.0
4030,1.0
4031,1.0
4032,1.0
4033,1.0
4034,1.0
4035,1.0
4036,0.0
4037,0.0
4038,0.0
4039,0.0
4040,0.0
4041,0.0
4042,0.0
4043,0.0
4044,1.0
4045,1.0
4046,1.0
4047,1.0
4048,1.0
4049,1.0
4050,1.0
4051,1.0
4052,0.0
4053,0.0
4054,0.0
4055,0.0
4056,0.0
4057,0.0
4058,1.0
4059,1.0
4060,1.0
4061,1.0
4062,1.0
4063,1.0
4064,1.0
4065,0.0
4066,1.0
4067,1.0
4068,1.0
4069,1.0
4070,0.0
4071,0.0
4072,1.0
4073,0.0
4074,0.0
4075,0.0
4076,0.0
4077,0.0
4078,0.0
4079,0.0
4080,0.0
4081,0.0
4082,1.0
4083,1.0
4084,1.0
4085,0.0
4086,0.0
4087,0.0
4088,0.0
4089,0.0
4090,0.0
4091,1.0
4092,1.0
4093,1.0
4094,1.0
4095,1.0
4096,1.0
4097,1.0
4098,0.0
4099,0.0
4100,0.0
4101,0.0
4102,0.0
4103,0.0
4104,0.0
4105,0.0
4106,0.0
4107,0.0
4108,0.0
4109,0.0
4110,0.0
4111,0.0
4112,0.0
4113,0.0
4114,0.0
4115,0.0
4116,0.0
4117,0.0
4118,0.0
4119,0.0
4120,0.0
4121,0.0
4122,0.0
4123,0.0
4124,0.0
4125,0.0
4126,0.0
4127,0.0
4128,0.0
4129,0.0
4130,0.0
4131,0.0
4132,0.0
4133,0.0
4134,0.0
4135,0.0
4136,0.0
4137,0.0
4138,0.0
4139,0.0
4140,0.0
4141,0.0
4142,0.0
4143,0.0
4144,0.0
4145,0.0
4146,0.0
4147,0.0
4148,0.0
4149,0.0
4150,0.0
4151,0.0
4152,0.0
4153,0.0
4154,0.0
4155,0.0
4156,0.0
4157,0.0
4158,0.0
4159,0.0
4160,0.0
4161,0.0
4162,0.0
4163,0.0
4164,0.0
4165,0.0
4166,0.0
4167,0.0
4168,0.0
4169,0.0
4170,0.0
4171,0.0
4172,0.0
4173,0.0
4174,0.0
4175,0.0
4176,0.0
4177,0.0
4178,0.0
4179,0.0
4180,0.0
4181,0.0
4182,0.0
4183,1.0
4184,1.0
4185,0.0
4186,0.0
4187,0.0
4188,0.0
4189,0.0
4190,0.0
4191,0.0
4192,0.0
4193,0.0
4194,0.0
4195,0.0
4196,0.0
4197,0.0
4198,0.0
4199,0.0
4200,0.0
4201,1.0
4202,0.0
4203,0.0
4204,0.0
4205,1.0
4206,1.0
4207,1.0
4208,0.0
4209,0.0
4210,0.0
4211,0.0
4212,0.0
4213,0.0
4214,0.0
4215,0.0
4216,0.0
4217,0.0
4218,0.0
4219,0.0
4220,0.0
4221,0.0
4222,1.0
4223,0.0
4224,0.0
4225,0.0
4226,0.0
4227,0.0
4228,0.0
4229,0.0
4230,0.0
4231,0.0
4232,1.0
4233,1.0
4234,0.0
4235,0.0
4236,0.0
4237,0.0
4238,0.0
4239,0.0
4240,0.0
4241,0.0
4242,0.0
4243,0.0
4244,0.0
4245,0.0
4246,0.0
4247,0.0
4248,0.0
4249,0.0
4250,0.0
4251,0.0
4252,0.0
4253,0.0
4254,0.0
4255,0.0
4256,0.0
4257,0.0
4258,0.0
4259,0.0
4260,0.0
4261,0.0
4262,0.0
4263,0.0
4264,0.0
4265,0.0
4266,0.0
4267,0.0
4268,0.0
4269,0.0
4270,0.0
4271,0.0
4272,0.0
4273,0.0
4274,0.0
4275,0.0
4276,0.0
4277,0.0
4278,0.0
4279,0.0
4280,0.0
4281,0.0
4282,0.0
4283,0.0
4284,0.0
4285,0.0
4286,0.0
4287,0.0
4288,0.0
4289,0.0
4290,0.0
4291,0.0
4292,0.0
4293,0.0
4294,0.0
4295,0.0
4296,0.0
4297,0.0
4298,0.0
4299,0.0
4300,0.0
4301,0.0
4302,0.0
4303,0.0
4304,0.0
4305,0.0
4306,0.0
4307,0.0
4308,0.0
4309,0.0
4310,1.0
4311,0.0
4312,0.0
4313,0.0
4314,0.0
4315,0.0
4316,0.0
4317,0.0
4318,0.0
4319,0.0
4320,0.0
4321,0.0
4322,0.0
4323,0.0
4324,0.0
4325,0.0
4326,0.0
4327,0.0
4328,0.0
4329,0.0
4330,1.0
4331,1.0
4332,1.0
4333,1.0
4334,1.0
4335,1.0
4336,1.0
4337,1.0
4338,1.0
4339,1.0
4340,1.0
4341,1.0
4342,1.0
4343,1.0
4344,1.0
4345,1.0
4346,1.0
4347,0.0
4348,0.0
4349,0.0
4350,0.0
4351,0.0
4352,0.0
4353,0.0
4354,1.0
4355,1.0
4356,1.0
4357,1.0
4358,1.0
4359,1.0
4360,1.0
4361,1.0
4362,1.0
4363,0.0
4364,0.0
4365,0.0
4366,0.0
4367,0.0
4368,0.0
4369,0.0
4370,1.0
4371,1.0
4372,1.0
4373,1.0
4374,1.0
4375,1.0
4376,1.0
4377,1.0
4378,1.0
4379,1.0
4380,0.0
4381,0.0
4382,0.0
4383,1.0
4384,1.0
4385,1.0
4386,1.0
4387,0.0
4388,0.0
4389,0.0
4390,1.0
4391,1.0
4392,1.0
4393,1.0
4394,0.0
4395,1.0
4396,0.0
4397,0.0
4398,0.0
4399,0.0
4400,1.0
4401,0.0
4402,1.0
4403,1.0
4404,1.0
4405,1.0
4406,1.0
4407,1.0
4408,1.0
4409,0.0
4410,0.0
4411,0.0
4412,0.0
4413,0.0
4414,1.0
4415,1.0
4416,1.0
4417,1.0
4418,0.0
4419,1.0
4420,1.0
4421,1.0
4422,1.0
4423,1.0
4424,1.0
4425,1.0
4426,1.0
4427,1.0
4428,1.0
4429,1.0
4430,1.0
4431,1.0
4432,1.0
4433,1.0
4434,1.0
4435,1.0
4436,1.0
4437,1.0
4438,1.0
4439,1.0
4440,1.0
4441,1.0
4442,1.0
4443,1.0
4444,1.0
4445,1.0
4446,1.0
4447,1.0
4448,1.0
4449,1.0
4450,1.0
4451,1.0
4452,1.0
4453,1.0
4454,1.0
4455,1.0
4456,1.0
4457,1.0
4458,1.0
4459,1.0
4460,1.0
4461,1.0
4462,1.0
4463,1.0
4464,0.0
4465,0.0
4466,0.0
4467,0.0
4468,1.0
4469,1.0
4470,1.0
4471,0.0
4472,0.0
4473,0.0
4474,1.0
4475,1.0
4476,1.0
4477,1.0
4478,1.0
4479,1.0
4480,1.0
4481,1.0
4482,1.0
4483,1.0
4484,1.0
4485,1.0
4486,1.0
4487,1.0
4488,1.0
4489,1.0
4490,1.0
4491,1.0
4492,1.0
4493,1.0
4494,1.0
4495,1.0
4496,1.0
4497,1.0
4498,1.0
4499,1.0
4500,1.0
4501,1.0
4502,1.0
4503,1.0
4504,1.0
4505,1.0
4506,1.0
4507,1.0
4508,1.0
4509,1.0
4510,1.0
4511,1.0
4512,1.0
4513,1.0
4514,1.0
4515,1.0
4516,1.0
4517,1.0
4518,1.0
4519,1.0
4520,1.0
4521,1.0
4522,1.0
4523,1.0
4524,0.0
4525,0.0
4526,0.0
4527,0.0
4528,0.0
4529,0.0
4530,0.0
4531,0.0
4532,0.0
4533,1.0
4534,1.0
4535,1.0
4536,0.0
4537,0.0
4538,0.0
4539,0.0
4540,0.0
4541,0.0
4542,1.0
4543,1.0
4544,1.0
4545,1.0
4546,1.0
4547,0.0
4548,1.0
4549,0.0
4550,0.0
4551,1.0
4552,0.0
4553,1.0
4554,0.0
4555,0.0
4556,1.0
4557,1.0
4558,1.0
4559,1.0
4560,1.0
4561,0.0
4562,0.0
4563,0.0
4564,0.0
4565,0.0
4566,0.0
4567,0.0
4568,0.0
4569,1.0
4570,1.0
4571,1.0
4572,0.0
4573,0.0
4574,0.0
4575,1.0
4576,1.0
4577,1.0
4578,1.0
4579,0.0
4580,0.0
4581,0.0
4582,0.0
4583,0.0
4584,0.0
4585,0.0
4586,0.0
4587,0.0
4588,0.0
4589,0.0
4590,0.0
4591,0.0
4592,0.0
4593,1.0
4594,1.0
4595,1.0
4596,1.0
4597,1.0
4598,0.0
4599,0.0
4600,0.0
4601,0.0
4602,1.0
4603,1.0
4604,0.0
4605,0.0
4606,1.0
4607,0.0
4608,1.0
4609,1.0
4610,1.0
4611,1.0
4612,1.0
4613,0.0
4614,0.0
4615,0.0
4616,0.0
4617,0.0
4618,0.0
4619,0.0
4620,0.0
4621,0.0
4622,1.0
4623,1.0
4624,0.0
4625,0.0
4626,0.0
4627,0.0
4628,0.0
4629,0.0
4630,0.0
4631,0.0
4632,0.0
4633,0.0
4634,0.0
4635,1.0
4636,1.0
4637,1.0
4638,0.0
4639,0.0
4640,0.0
4641,0.0
4642,0.0
4643,1.0
4644,1.0
4645,1.0
4646,1.0
4647,1.0
4648,1.0
4649,1.0
4650,1.0
4651,1.0
4652,1.0
4653,1.0
4654,1.0
4655,1.0
4656,1.0
4657,1.0
4658,1.0
4659,1.0
4660,1.0
4661,1.0
4662,1.0
4663,1.0
4664,1.0
4665,1.0
4666,1.0
4667,1.0
4668,1.0
4669,1.0
4670,1.0
4671,1.0
4672,1.0
4673,1.0
4674,1.0
4675,1.0
4676,1.0
4677,1.0
4678,1.0
4679,1.0
4680,1.0
4681,1.0
4682,1.0
4683,1.0
4684,1.0
4685,1.0
4686,1.0
4687,1.0
4688,1.0
4689,1.0
4690,1.0
4691,1.0
4692,1.0
4693,1.0
4694,1.0
4695,1.0
4696,1.0
4697,1.0
4698,1.0
4699,1.0
4700,1.0
4701,1.0
4702,1.0
4703,1.0
4704,1.0
4705,1.0
4706,1.0
4707,1.0
4708,1.0
4709,1.0
4710,1.0
4711,1.0
4712,1.0
4713,1.0
4714,1.0
4715,1.0
4716,1.0
4717,1.0
4718,1.0
4719,1.0
4720,1.0
4721,1.0
4722,1.0
4723,1.0
4724,1.0
4725,1.0
4726,1.0
4727,1.0
4728,1.0
4729,1.0
4730,1.0
4731,1.0
4732,1.0
4733,1.0
4734,1.0
4735,1.0
4736,1.0
4737,1.0
4738,1.0
4739,1.0
4740,1.0
4741,1.0
4742,0.0
4743,0.0
4744,0.0
4745,0.0
4746,0.0
4747,0.0
4748,0.0
4749,0.0
4750,1.0
4751,0.0
4752,1.0
4753,1.0
4754,1.0
4755,1.0
4756,1.0
4757,1.0
4758,1.0
4759,0.0
4760,0.0
4761,1.0
4762,1.0
4763,0.0
4764,1.0
4765,1.0
4766,1.0
4767,1.0
4768,1.0
4769,0.0
4770,0.0
4771,0.0
4772,1.0
4773,1.0
4774,1.0
4775,1.0
4776,1.0
4777,0.0
4778,0.0
4779,0.0
4780,0.0
4781,0.0
4782,0.0
4783,1.0
4784,1.0
4785,1.0
4786,1.0
4787,1.0
4788,0.0
4789,1.0
4790,0.0
4791,1.0
4792,0.0
4793,1.0
4794,1.0
4795,1.0
4796,0.0
4797,0.0
4798,0.0
4799,0.0
4800,0.0
4801,0.0
4802,0.0
4803,0.0
4804,1.0
4805,1.0
4806,1.0
4807,0.0
4808,1.0
4809,0.0
4810,1.0
4811,0.0
4812,1.0
4813,1.0
4814,1.0
4815,1.0
4816,0.0
4817,0.0
4818,0.0
4819,0.0
4820,0.0
4821,0.0
4822,0.0
4823,0.0
4824,0.0
4825,1.0
4826,1.0
4827,1.0
4828,1.0
4829,1.0
4830,1.0
4831,0.0
4832,0.0
4833,0.0
4834,0.0
4835,0.0
4836,0.0
4837,0.0
4838,0.0
4839,1.0
4840,1.0
4841,1.0
4842,1.0
4843,0.0
4844,0.0
4845,0.0
4846,0.0
4847,0.0
4848,0.0
4849,0.0
4850,0.0
4851,0.0
4852,1.0
4853,1.0
4854,1.0
4855,1.0
4856,1.0
4857,1.0
4858,0.0
4859,0.0
4860,0.0
4861,0.0
4862,0.0
4863,0.0
4864,1.0
4865,1.0
4866,1.0
4867,1.0
4868,1.0
4869,1.0
4870,0.0
4871,0.0
4872,0.0
4873,0.0
4874,0.0
4875,0.0
4876,0.0
4877,0.0
4878,1.0
4879,1.0
4880,1.0
4881,1.0
4882,1.0
4883,1.0
4884,1.0
4885,1.0
4886,1.0
4887,1.0
4888,1.0
4889,1.0
4890,1.0
4891,1.0
4892,0.0
4893,0.0
4894,0.0
4895,0.0
4896,0.0
4897,1.0
4898,1.0
4899,1.0
4900,1.0
4901,1.0
4902,1.0
4903,1.0
4904,1.0
4905,1.0
4906,1.0
4907,1.0
4908,1.0
4909,0.0
4910,0.0
4911,0.0
4912,0.0
4913,0.0
4914,1.0
4915,1.0
4916,1.0
4917,1.0
4918,1.0
4919,1.0
4920,1.0
4921,1.0
4922,1.0
4923,1.0
4924,1.0
4925,1.0
4926,1.0
4927,1.0
4928,1.0
4929,1.0
4930,0.0
4931,0.0
4932,0.0
4933,0.0
4934,1.0
4935,0.0
4936,0.0
4937,0.0
4938,0.0
4939,0.0
4940,0.0
4941,1.0
4942,0.0
4943,0.0
4944,0.0
4945,1.0
4946,1.0
4947,1.0
4948,1.0
4949,1.0
4950,1.0
4951,1.0
4952,1.0
4953,1.0
4954,1.0
4955,1.0
4956,0.0
4957,0.0
4958,0.0
4959,0.0
4960,0.0
4961,1.0
4962,1.0
4963,1.0
4964,1.0
4965,1.0
4966,1.0
4967,1.0
4968,1.0
4969,1.0
4970,1.0
4971,1.0
4972,0.0
4973,0.0
4974,0.0
4975,0.0
4976,0.0
4977,1.0
4978,1.0
4979,1.0
4980,0.0
4981,0.0
4982,0.0
4983,1.0
4984,1.0
4985,1.0
4986,0.0
4987,1.0
4988,1.0
4989,1.0
4990,1.0
4991,1.0
4992,1.0
4993,1.0
4994,1.0
4995,1.0
4996,1.0
4997,1.0
4998,1.0
4999,1.0
5000,1.0
5001,0.0
5002,0.0
5003,1.0
5004,1.0
5005,1.0
5006,1.0
5007,1.0
5008,1.0
5009,1.0
5010,1.0
5011,1.0
5012,1.0
5013,0.0
5014,0.0
5015,0.0
5016,0.0
5017,0.0
5018,0.0
5019,1.0
5020,0.0
5021,1.0
5022,0.0
5023,1.0
5024,1.0
5025,1.0
5026,1.0
5027,0.0
5028,0.0
5029,0.0
5030,0.0
5031,0.0
5032,1.0
5033,0.0
5034,1.0
5035,1.0
5036,1.0
5037,1.0
5038,1.0
5039,1.0
5040,0.0
5041,0.0
5042,0.0
5043,1.0
5044,0.0
5045,1.0
5046,0.0
5047,1.0
5048,0.0
5049,0.0
5050,0.0
5051,1.0
5052,1.0
5053,1.0
5054,1.0
5055,1.0
5056,0.0
5057,0.0
5058,0.0
5059,0.0
5060,0.0
5061,0.0
5062,0.0
5063,0.0
5064,1.0
5065,1.0
5066,0.0
5067,0.0
5068,0.0
5069,0.0
5070,1.0
5071,1.0
5072,0.0
5073,1.0
5074,1.0
5075,1.0
5076,1.0
5077,1.0
5078,1.0
5079,1.0
5080,1.0
5081,1.0
5082,1.0
5083,0.0
5084,1.0
5085,1.0
5086,1.0
5087,0.0
5088,0.0
5089,0.0
5090,0.0
5091,0.0
5092,1.0
5093,0.0
5094,0.0
5095,0.0
5096,0.0
5097,0.0
5098,0.0
5099,1.0
5100,1.0
5101,0.0
5102,1.0
5103,1.0
5104,1.0
5105,1.0
5106,1.0
5107,1.0
5108,0.0
5109,0.0
5110,0.0
5111,0.0
5112,0.0
5113,0.0
5114,0.0
5115,1.0
5116,0.0
5117,1.0
5118,0.0
5119,0.0
5120,0.0
5121,0.0
5122,0.0
5123,0.0
5124,0.0
5125,0.0
5126,1.0
5127,1.0
5128,1.0
5129,1.0
5130,1.0
5131,0.0
5132,1.0
5133,1.0
5134,1.0
5135,1.0
5136,1.0
5137,0.0
5138,0.0
5139,0.0
5140,0.0
5141,0.0
5142,1.0
5143,1.0
5144,0.0
5145,1.0
5146,0.0
5147,0.0
5148,0.0
5149,1.0
5150,0.0
5151,0.0
5152,1.0
5153,1.0
5154,1.0
5155,1.0
5156,0.0
5157,0.0
5158,1.0
5159,1.0
5160,1.0
5161,1.0
5162,1.0
5163,1.0
5164,1.0
5165,1.0
5166,1.0
5167,1.0
5168,1.0
5169,1.0
5170,1.0
5171,1.0
5172,1.0
5173,1.0
5174,1.0
5175,0.0
5176,0.0
5177,0.0
5178,0.0
5179,0.0
5180,0.0
5181,0.0
5182,0.0
5183,0.0
5184,0.0
5185,0.0
5186,0.0
5187,0.0
5188,0.0
5189,0.0
5190,0.0
5191,0.0
5192,1.0
5193,0.0
5194,0.0
5195,0.0
5196,0.0
5197,0.0
5198,0.0
5199,0.0
5200,0.0
5201,0.0
5202,0.0
5203,0.0
5204,0.0
5205,0.0
5206,1.0
5207,0.0
5208,1.0
5209,1.0
5210,0.0
5211,1.0
5212,1.0
5213,0.0
5214,1.0
5215,1.0
5216,1.0
5217,1.0
5218,1.0
5219,0.0
5220,0.0
5221,0.0
5222,0.0
5223,0.0
5224,0.0
5225,0.0
5226,0.0
5227,1.0
5228,0.0
5229,0.0
5230,1.0
5231,1.0
5232,1.0
5233,1.0
5234,1.0
5235,1.0
5236,1.0
5237,1.0
5238,1.0
5239,1.0
5240,1.0
5241,1.0
5242,0.0
5243,0.0
5244,0.0
5245,0.0
5246,0.0
5247,0.0
5248,0.0
5249,0.0
5250,0.0
5251,0.0
5252,0.0
5253,0.0
5254,0.0
5255,0.0
5256,0.0
5257,0.0
5258,0.0
5259,0.0
5260,0.0
5261,1.0
5262,1.0
5263,1.0
5264,0.0
5265,0.0
5266,0.0
5267,0.0
5268,0.0
5269,0.0
5270,0.0
5271,1.0
5272,0.0
5273,1.0
5274,1.0
5275,0.0
5276,1.0
5277,1.0
5278,1.0
5279,1.0
5280,1.0
5281,1.0
5282,1.0
5283,1.0
5284,1.0
5285,1.0
5286,1.0
5287,1.0
5288,0.0
5289,0.0
5290,1.0
5291,1.0
5292,1.0
5293,1.0
5294,1.0
5295,1.0
5296,1.0
5297,1.0
5298,1.0
5299,1.0
5300,1.0
5301,1.0
5302,1.0
5303,1.0
5304,1.0
5305,1.0
5306,1.0
5307,1.0
5308,1.0
5309,1.0
5310,1.0
5311,1.0
5312,1.0
5313,1.0
5314,1.0
5315,1.0
5316,1.0
5317,1.0
5318,0.0
5319,0.0
5320,0.0
5321,0.0
5322,0.0
5323,0.0
5324,0.0
5325,0.0
5326,0.0
5327,0.0
5328,0.0
5329,0.0
5330,0.0
5331,0.0
5332,0.0
5333,0.0
5334,0.0
5335,0.0
5336,0.0
5337,0.0
5338,0.0
5339,0.0
5340,0.0
5341,0.0
5342,0.0
5343,0.0
5344,0.0
5345,0.0
5346,0.0
5347,0.0
5348,0.0
5349,0.0
5350,0.0
5351,0.0
5352,0.0
5353,0.0
5354,0.0
5355,1.0
5356,1.0
5357,1.0
5358,1.0
5359,1.0
5360,1.0
5361,1.0
5362,1.0
5363,1.0
5364,1.0
5365,1.0
5366,1.0
5367,1.0
5368,1.0
5369,1.0
5370,1.0
5371,1.0
5372,1.0
5373,1.0
5374,1.0
5375,1.0
5376,1.0
5377,1.0
5378,1.0
5379,1.0
5380,1.0
5381,1.0
5382,1.0
5383,1.0
5384,1.0
5385,1.0
5386,1.0
5387,1.0
5388,1.0
5389,1.0
5390,1.0
5391,1.0
5392,1.0
5393,1.0
5394,1.0
5395,1.0
5396,1.0
5397,1.0
5398,1.0
5399,1.0
5400,1.0
5401,1.0
5402,1.0
5403,1.0
5404,1.0
5405,1.0
5406,1.0
5407,1.0
5408,1.0
5409,1.0
5410,1.0
5411,1.0
5412,1.0
5413,1.0
5414,1.0
5415,1.0
5416,1.0
5417,1.0
5418,0.0
5419,0.0
5420,0.0
5421,0.0
5422,0.0
5423,0.0
5424,0.0
5425,0.0
5426,0.0
5427,0.0
5428,0.0
5429,0.0
5430,0.0
5431,0.0
5432,0.0
5433,0.0
5434,0.0
5435,0.0
5436,0.0
5437,0.0
5438,0.0
5439,0.0
5440,0.0
5441,0.0
5442,0.0
5443,0.0
5444,0.0
5445,0.0
5446,0.0
5447,0.0
5448,0.0
5449,0.0
5450,0.0
5451,0.0
5452,0.0
5453,0.0
5454,0.0
5455,0.0
5456,0.0
5457,0.0
5458,0.0
5459,0.0
5460,0.0
5461,0.0
5462,0.0
5463,0.0
5464,0.0
5465,0.0
5466,0.0
5467,0.0
5468,0.0
5469,0.0
5470,0.0
5471,0.0
5472,0.0
5473,0.0
5474,0.0
5475,0.0
5476,0.0
5477,0.0
5478,0.0
5479,0.0
5480,0.0
5481,0.0
5482,0.0
5483,0.0
5484,0.0
5485,0.0
5486,0.0
5487,0.0
5488,0.0
5489,0.0
5490,0.0
5491,0.0
5492,0.0
5493,0.0
5494,0.0
5495,0.0
5496,0.0
5497,0.0
5498,0.0
5499,0.0
5500,0.0
5501,0.0
5502,0.0
5503,0.0
5504,0.0
5505,0.0
5506,0.0
5507,0.0
5508,0.0
5509,0.0
5510,0.0
5511,0.0
5512,0.0
5513,0.0
5514,0.0
5515,0.0
5516,0.0
5517,0.0
5518,0.0
5519,0.0
5520,0.0
5521,0.0
5522,0.0
5523,0.0
5524,0.0
5525,0.0
5526,0.0
5527,0.0
5528,0.0
5529,0.0
5530,0.0
5531,0.0
5532,0.0
5533,0.0
5534,0.0
5535,0.0
5536,0.0
5537,0.0
5538,0.0
5539,0.0
5540,0.0
5541,0.0
5542,0.0
5543,0.0
5544,0.0
5545,0.0
5546,0.0
5547,0.0
5548,0.0
5549,0.0
5550,0.0
5551,0.0
5552,0.0
5553,0.0
5554,0.0
5555,0.0
5556,0.0
5557,0.0
5558,0.0
5559,0.0
5560,0.0
5561,0.0
5562,0.0
5563,0.0
5564,0.0
5565,0.0
5566,0.0
5567,0.0
5568,0.0
5569,0.0
5570,0.0
5571,0.0
5572,0.0
5573,0.0
5574,0.0
5575,0.0
5576,0.0
5577,0.0
5578,0.0
5579,0.0
5580,0.0
5581,0.0
5582,0.0
5583,0.0
5584,0.0
5585,0.0
5586,0.0
5587,0.0
5588,0.0
5589,0.0
5590,0.0
5591,0.0
5592,1.0
5593,0.0
5594,1.0
5595,1.0
5596,1.0
5597,1.0
5598,1.0
5599,1.0
5600,1.0
5601,1.0
5602,1.0
5603,1.0
5604,1.0
5605,1.0
5606,0.0
5607,0.0
5608,0.0
5609,0.0
5610,0.0
5611,0.0
5612,0.0
5613,0.0
5614,0.0
5615,0.0
5616,0.0
5617,0.0
5618,0.0
5619,0.0
5620,0.0
5621,0.0
5622,0.0
5623,0.0
5624,1.0
5625,1.0
5626,1.0
5627,1.0
5628,1.0
5629,1.0
5630,0.0
5631,1.0
5632,1.0
5633,0.0
5634,1.0
5635,0.0
5636,0.0
5637,0.0
5638,0.0
5639,0.0
5640,0.0
5641,0.0
5642,0.0
5643,0.0
5644,0.0
5645,0.0
5646,0.0
5647,1.0
5648,0.0
5649,0.0
5650,0.0
5651,0.0
5652,0.0
5653,0.0
5654,0.0
5655,1.0
5656,0.0
5657,0.0
5658,0.0
5659,0.0
5660,0.0
5661,0.0
5662,0.0
5663,1.0
5664,1.0
5665,1.0
5666,1.0
5667,1.0
5668,1.0
5669,0.0
5670,1.0
5671,0.0
5672,0.0
5673,0.0
5674,1.0
5675,0.0
5676,0.0
5677,0.0
5678,1.0
5679,0.0
5680,0.0
5681,0.0
5682,0.0
5683,1.0
5684,1.0
5685,1.0
5686,1.0
5687,1.0
5688,1.0
5689,1.0
5690,1.0
5691,0.0
5692,0.0
5693,0.0
5694,0.0
5695,0.0
5696,0.0
5697,0.0
5698,1.0
5699,1.0
5700,1.0
5701,1.0
5702,1.0
5703,1.0
5704,1.0
5705,1.0
5706,0.0
5707,1.0
5708,0.0
5709,0.0
5710,0.0
5711,0.0
5712,0.0
5713,0.0
5714,1.0
5715,0.0
5716,0.0
5717,1.0
5718,1.0
5719,0.0
5720,0.0
5721,1.0
5722,1.0
5723,1.0
5724,1.0
5725,1.0
5726,1.0
5727,0.0
5728,0.0
5729,0.0
5730,0.0
5731,0.0
5732,0.0
5733,0.0
5734,0.0
5735,0.0
5736,0.0
5737,0.0
5738,1.0
5739,0.0
5740,0.0
5741,1.0
5742,1.0
5743,1.0
5744,1.0
5745,1.0
5746,1.0
5747,1.0
5748,1.0
5749,0.0
5750,1.0
5751,0.0
5752,1.0
5753,1.0
5754,0.0
5755,1.0
5756,1.0
5757,1.0
5758,0.0
5759,0.0
5760,0.0
5761,0.0
5762,0.0
5763,1.0
5764,1.0
5765,0.0
5766,1.0
5767,1.0
5768,0.0
5769,0.0
5770,1.0
5771,1.0
5772,0.0
5773,0.0
5774,0.0
5775,0.0
5776,0.0
5777,0.0
5778,0.0
5779,0.0
5780,0.0
5781,0.0
5782,1.0
5783,1.0
5784,1.0
5785,1.0
5786,1.0
5787,1.0
5788,1.0
5789,1.0
5790,1.0
5791,1.0
5792,1.0
5793,1.0
5794,1.0
5795,1.0
5796,1.0
5797,1.0
5798,1.0
5799,1.0
5800,1.0
5801,1.0
5802,1.0
5803,1.0
5804,0.0
5805,0.0
5806,0.0
5807,1.0
5808,0.0
5809,0.0
5810,1.0
5811,0.0
5812,0.0
5813,0.0
5814,0.0
5815,0.0
5816,1.0
5817,1.0
5818,1.0
5819,1.0
5820,0.0
5821,1.0
5822,0.0
5823,0.0
5824,1.0
5825,0.0
5826,0.0
5827,0.0
5828,0.0
5829,0.0
5830,0.0
5831,1.0
5832,1.0
5833,1.0
5834,1.0
5835,1.0
5836,1.0
5837,1.0
5838,0.0
5839,1.0
5840,0.0
5841,1.0
5842,0.0
5843,1.0
5844,1.0
5845,1.0
5846,0.0
5847,0.0
5848,1.0
5849,1.0
5850,1.0
5851,1.0
5852,1.0
5853,1.0
5854,1.0
5855,1.0
5856,1.0
5857,1.0
5858,1.0
5859,0.0
5860,1.0
5861,1.0
5862,0.0
5863,1.0
5864,1.0
5865,0.0
5866,0.0
5867,0.0
5868,0.0
5869,0.0
5870,0.0
5871,0.0
5872,0.0
5873,0.0
5874,0.0
5875,0.0
5876,1.0
5877,1.0
5878,1.0
5879,1.0
5880,0.0
5881,0.0
5882,0.0
5883,1.0
5884,1.0
5885,1.0
5886,0.0
5887,1.0
5888,1.0
5889,1.0
5890,1.0
5891,1.0
5892,1.0
5893,1.0
5894,1.0
5895,1.0
5896,1.0
5897,1.0
5898,0.0
5899,0.0
5900,1.0
5901,1.0
5902,0.0
5903,0.0
5904,0.0
5905,0.0
5906,0.0
5907,0.0
5908,0.0
5909,0.0
5910,0.0
5911,0.0
5912,0.0
5913,0.0
5914,0.0
5915,0.0
5916,0.0
5917,0.0
5918,1.0
5919,1.0
5920,1.0
5921,1.0
5922,0.0
5923,1.0
5924,0.0
5925,1.0
5926,1.0
5927,1.0
5928,1.0
5929,1.0
5930,1.0
5931,1.0
5932,1.0
5933,1.0
5934,1.0
5935,0.0
5936,0.0
5937,0.0
5938,0.0
5939,0.0
5940,0.0
5941,1.0
5942,1.0
5943,1.0
5944,0.0
5945,0.0
5946,0.0
5947,1.0
5948,1.0
5949,0.0
5950,0.0
5951,0.0
5952,0.0
5953,0.0
5954,0.0
5955,1.0
5956,0.0
5957,1.0
5958,1.0
5959,0.0
5960,1.0
5961,1.0
5962,1.0
5963,1.0
5964,0.0
5965,0.0
5966,0.0
5967,1.0
5968,1.0
5969,1.0
5970,1.0
5971,1.0
5972,1.0
5973,1.0
5974,0.0
5975,0.0
5976,0.0
5977,0.0
5978,1.0
5979,1.0
5980,0.0
5981,0.0
5982,0.0
5983,0.0
5984,0.0
5985,0.0
5986,0.0
5987,0.0
5988,0.0
5989,0.0
5990,0.0
5991,0.0
5992,0.0
5993,0.0
5994,0.0
5995,0.0
5996,0.0
5997,0.0
5998,0.0
5999,0.0
6000,0.0
6001,0.0
6002,0.0
6003,0.0
6004,0.0
6005,0.0
6006,0.0
6007,0.0
6008,0.0
6009,0.0
6010,0.0
6011,0.0
6012,0.0
6013,0.0
6014,0.0
6015,0.0
6016,0.0
6017,0.0
6018,0.0
6019,0.0
6020,0.0
6021,0.0
6022,0.0
6023,0.0
6024,0.0
6025,0.0
6026,0.0
6027,0.0
6028,0.0
6029,0.0
6030,0.0
6031,1.0
6032,1.0
6033,1.0
6034,1.0
6035,1.0
6036,1.0
6037,1.0
6038,1.0
6039,1.0
6040,1.0
6041,1.0
6042,1.0
6043,1.0
6044,1.0
6045,1.0
6046,1.0
6047,1.0
6048,1.0
6049,1.0
6050,1.0
6051,1.0
6052,1.0
6053,1.0
6054,1.0
6055,1.0
6056,1.0
6057,1.0
6058,1.0
6059,0.0
6060,0.0
6061,0.0
6062,0.0
6063,0.0
6064,1.0
6065,1.0
6066,1.0
6067,1.0
6068,1.0
6069,1.0
6070,1.0
6071,0.0
6072,0.0
6073,0.0
6074,0.0
6075,0.0
6076,0.0
6077,0.0
6078,0.0
6079,0.0
6080,0.0
6081,0.0
6082,0.0
6083,0.0
6084,0.0
6085,0.0
6086,0.0
6087,0.0
6088,0.0
6089,0.0
6090,0.0
6091,0.0
6092,0.0
6093,0.0
6094,0.0
6095,0.0
6096,0.0
6097,0.0
6098,0.0
6099,0.0
6100,0.0
6101,0.0
6102,1.0
6103,1.0
6104,1.0
6105,1.0
6106,1.0
6107,1.0
6108,1.0
6109,1.0
6110,0.0
6111,0.0
6112,0.0
6113,0.0
6114,0.0
6115,0.0
6116,0.0
6117,0.0
6118,0.0
6119,0.0
6120,0.0
6121,0.0
6122,0.0
6123,0.0
6124,0.0
6125,0.0
6126,0.0
6127,0.0
6128,0.0
6129,0.0
6130,0.0
6131,0.0
6132,0.0
6133,0.0
6134,0.0
6135,0.0
6136,1.0
6137,0.0
6138,0.0
6139,0.0
6140,0.0
6141,0.0
6142,0.0
6143,0.0
6144,0.0
6145,0.0
6146,0.0
6147,0.0
6148,1.0
6149,0.0
6150,0.0
6151,1.0
6152,1.0
6153,1.0
6154,1.0
6155,1.0
6156,1.0
6157,1.0
6158,1.0
6159,1.0
6160,1.0
6161,0.0
6162,0.0
6163,0.0
6164,0.0
6165,0.0
6166,0.0
6167,0.0
6168,0.0
6169,0.0
6170,0.0
6171,0.0
6172,0.0
6173,0.0
6174,0.0
6175,0.0
6176,0.0
6177,0.0
6178,0.0
6179,0.0
6180,0.0
6181,0.0
6182,0.0
6183,0.0
6184,0.0
6185,0.0
6186,0.0
6187,0.0
6188,0.0
6189,0.0
6190,0.0
6191,0.0
6192,0.0
6193,0.0
6194,0.0
6195,0.0
6196,0.0
6197,0.0
6198,0.0
6199,0.0
6200,0.0
6201,0.0
6202,0.0
6203,0.0
6204,0.0
6205,0.0
6206,0.0
6207,0.0
6208,0.0
6209,1.0
6210,1.0
6211,1.0
6212,1.0
6213,1.0
6214,1.0
6215,1.0
6216,1.0
6217,1.0
6218,1.0
6219,1.0
6220,1.0
6221,0.0
6222,0.0
6223,0.0
6224,0.0
6225,1.0
6226,0.0
6227,0.0
6228,1.0
6229,1.0
6230,0.0
6231,0.0
6232,1.0
6233,1.0
6234,1.0
6235,1.0
6236,1.0
6237,1.0
6238,1.0
6239,1.0
6240,1.0
6241,1.0
6242,1.0
6243,0.0
6244,0.0
6245,0.0
6246,0.0
6247,0.0
6248,0.0
6249,0.0
6250,0.0
6251,1.0
6252,1.0
6253,1.0
6254,1.0
6255,1.0
6256,1.0
6257,1.0
6258,0.0
6259,1.0
6260,1.0
6261,1.0
6262,1.0
6263,0.0
6264,1.0
6265,0.0
6266,0.0
6267,0.0
6268,0.0
6269,0.0
6270,0.0
6271,0.0
6272,1.0
6273,0.0
6274,0.0
6275,0.0
6276,0.0
6277,0.0
6278,0.0
6279,1.0
6280,1.0
6281,0.0
6282,1.0
6283,1.0
6284,0.0
6285,1.0
6286,0.0
6287,1.0
6288,0.0
6289,0.0
6290,1.0
6291,1.0
6292,1.0
6293,1.0
6294,1.0
6295,1.0
6296,1.0
6297,1.0
6298,1.0
6299,0.0
6300,1.0
6301,1.0
6302,0.0
6303,1.0
6304,0.0
6305,0.0
6306,0.0
6307,0.0
6308,0.0
6309,0.0
6310,0.0
6311,0.0
6312,0.0
6313,0.0
6314,1.0
6315,0.0
6316,0.0
6317,0.0
6318,1.0
6319,0.0
6320,0.0
6321,0.0
6322,0.0
6323,0.0
6324,0.0
6325,1.0
6326,1.0
6327,1.0
6328,0.0
6329,0.0
6330,0.0
6331,0.0
6332,0.0
6333,0.0
6334,0.0
6335,0.0
6336,0.0
6337,0.0
6338,0.0
6339,0.0
6340,0.0
6341,0.0
6342,0.0
6343,0.0
6344,0.0
6345,1.0
6346,1.0
6347,0.0
6348,0.0
6349,0.0
6350,0.0
6351,0.0
6352,0.0
6353,0.0
6354,0.0
6355,0.0
6356,1.0
6357,1.0
6358,1.0
6359,1.0
6360,0.0
6361,0.0
6362,0.0
6363,0.0
6364,0.0
6365,0.0
6366,0.0
6367,0.0
6368,0.0
6369,0.0
6370,1.0
6371,1.0
6372,0.0
6373,0.0
6374,1.0
6375,1.0
6376,1.0
6377,1.0
6378,1.0
6379,1.0
6380,1.0
6381,1.0
6382,1.0
6383,1.0
6384,1.0
6385,1.0
6386,1.0
6387,0.0
6388,1.0
6389,0.0
6390,0.0
6391,1.0
6392,0.0
6393,0.0
6394,0.0
6395,1.0
6396,0.0
6397,0.0
6398,0.0
6399,0.0
6400,0.0
6401,0.0
6402,0.0
6403,0.0
6404,0.0
6405,0.0
6406,0.0
6407,0.0
6408,0.0
6409,0.0
6410,0.0
6411,0.0
6412,0.0
6413,0.0
6414,0.0
6415,0.0
6416,0.0
6417,0.0
6418,1.0
6419,0.0
6420,1.0
6421,1.0
6422,1.0
6423,0.0
6424,0.0
6425,1.0
6426,1.0
6427,1.0
6428,1.0
6429,0.0
6430,1.0
6431,1.0
6432,0.0
6433,1.0
6434,0.0
6435,0.0
6436,0.0
6437,0.0
6438,0.0
6439,0.0
6440,0.0
6441,0.0
6442,0.0
6443,0.0
6444,0.0
6445,1.0
6446,1.0
6447,1.0
6448,1.0
6449,0.0
6450,1.0
6451,1.0
6452,0.0
6453,1.0
6454,1.0
6455,0.0
6456,0.0
6457,0.0
6458,0.0
6459,0.0
6460,0.0
6461,0.0
6462,0.0
6463,0.0
6464,0.0
6465,0.0
6466,0.0
6467,0.0
6468,0.0
6469,0.0
6470,0.0
6471,0.0
6472,0.0
6473,0.0
6474,0.0
6475,0.0
6476,0.0
6477,0.0
6478,0.0
6479,0.0
6480,0.0
6481,0.0
6482,1.0
6483,0.0
6484,0.0
6485,1.0
6486,0.0
6487,0.0
6488,0.0
6489,0.0
6490,0.0
6491,0.0
6492,1.0
6493,1.0
6494,1.0
6495,1.0
6496,1.0
6497,1.0
6498,1.0
6499,1.0
6500,0.0
6501,0.0
6502,0.0
6503,0.0
6504,0.0
6505,0.0
6506,0.0
6507,0.0
6508,0.0
6509,0.0
6510,0.0
6511,0.0
6512,0.0
6513,1.0
6514,0.0
6515,0.0
6516,0.0
6517,0.0
6518,0.0
6519,0.0
6520,0.0
6521,0.0
6522,0.0
6523,0.0
6524,0.0
6525,0.0
6526,0.0
6527,0.0
6528,0.0
6529,0.0
6530,0.0
6531,0.0
6532,0.0
6533,0.0
6534,0.0
6535,0.0
6536,0.0
6537,0.0
6538,0.0
6539,0.0
6540,0.0
6541,0.0
6542,0.0
6543,0.0
6544,0.0
6545,0.0
6546,1.0
6547,1.0
6548,0.0
6549,0.0
6550,0.0
6551,0.0
6552,0.0
6553,0.0
6554,0.0
6555,0.0
6556,0.0
6557,0.0
6558,0.0
6559,0.0
6560,0.0
6561,0.0
6562,0.0
6563,0.0
6564,0.0
6565,0.0
6566,0.0
6567,0.0
6568,1.0
6569,1.0
6570,0.0
6571,1.0
6572,1.0
6573,1.0
6574,0.0
6575,1.0
6576,1.0
6577,0.0
6578,1.0
6579,0.0
6580,1.0
6581,1.0
6582,1.0
6583,1.0
6584,1.0
6585,0.0
6586,0.0
6587,0.0
6588,0.0
6589,0.0
6590,0.0
6591,0.0
6592,0.0
6593,0.0
6594,0.0
6595,0.0
6596,0.0
6597,0.0
6598,0.0
6599,0.0
6600,0.0
6601,0.0
6602,0.0
6603,0.0
6604,0.0
6605,0.0
6606,0.0
6607,0.0
6608,0.0
6609,0.0
6610,0.0
6611,1.0
6612,1.0
6613,1.0
6614,0.0
6615,0.0
6616,0.0
6617,0.0
6618,0.0
6619,0.0
6620,0.0
6621,0.0
6622,0.0
6623,0.0
6624,0.0
6625,1.0
6626,1.0
6627,0.0
6628,0.0
6629,0.0
6630,0.0
6631,0.0
6632,0.0
6633,1.0
6634,1.0
6635,0.0
6636,1.0
6637,1.0
6638,1.0
6639,1.0
6640,1.0
6641,1.0
6642,1.0
6643,1.0
6644,1.0
6645,1.0
6646,1.0
6647,0.0
6648,1.0
6649,0.0
6650,0.0
6651,0.0
6652,0.0
6653,0.0
6654,0.0
6655,0.0
6656,0.0
6657,0.0
6658,0.0
6659,1.0
6660,1.0
6661,1.0
6662,1.0
6663,1.0
6664,1.0
6665,1.0
6666,1.0
6667,1.0
6668,1.0
6669,0.0
6670,0.0
6671,0.0
6672,0.0
6673,0.0
6674,1.0
6675,0.0
6676,0.0
6677,1.0
6678,0.0
6679,0.0
6680,0.0
6681,0.0
6682,0.0
6683,1.0
6684,1.0
6685,0.0
6686,1.0
6687,1.0
6688,0.0
6689,1.0
6690,0.0
6691,0.0
6692,0.0
6693,0.0
6694,0.0
6695,0.0
6696,0.0
6697,0.0
6698,1.0
6699,1.0
6700,1.0
6701,1.0
6702,1.0
6703,1.0
6704,1.0
6705,1.0
6706,1.0
6707,0.0
6708,0.0
6709,0.0
6710,0.0
6711,0.0
6712,0.0
6713,0.0
6714,0.0
6715,0.0
6716,0.0
6717,0.0
6718,0.0
6719,0.0
6720,0.0
6721,0.0
6722,0.0
6723,0.0
6724,0.0
6725,0.0
6726,0.0
6727,0.0
6728,0.0
6729,0.0
6730,0.0
6731,0.0
6732,0.0
6733,0.0
6734,0.0
6735,0.0
6736,0.0
6737,0.0
6738,0.0
6739,0.0
6740,0.0
6741,0.0
6742,0.0
6743,0.0
6744,0.0
6745,0.0
6746,0.0
6747,0.0
6748,0.0
6749,0.0
6750,0.0
6751,0.0
6752,0.0
6753,0.0
6754,0.0
6755,0.0
6756,0.0
6757,0.0
6758,0.0
6759,0.0
6760,0.0
6761,0.0
6762,0.0
6763,0.0
6764,0.0
6765,0.0
6766,0.0
6767,0.0
6768,0.0
6769,0.0
6770,0.0
6771,0.0
6772,0.0
6773,0.0
6774,0.0
6775,0.0
6776,0.0
6777,0.0
6778,0.0
6779,0.0
6780,0.0
6781,0.0
6782,0.0
6783,0.0
6784,0.0
6785,0.0
6786,0.0
6787,0.0
6788,0.0
6789,0.0
6790,0.0
6791,0.0
6792,0.0
6793,0.0
6794,0.0
6795,1.0
6796,1.0
6797,1.0
6798,1.0
6799,1.0
6800,1.0
6801,1.0
6802,0.0
6803,0.0
6804,0.0
6805,0.0
6806,0.0
6807,0.0
6808,0.0
6809,0.0
6810,0.0
6811,0.0
6812,0.0
6813,0.0
6814,0.0
6815,0.0
6816,0.0
6817,0.0
6818,0.0
6819,0.0
6820,0.0
6821,0.0
6822,0.0
6823,0.0
6824,0.0
6825,0.0
6826,0.0
6827,0.0
6828,0.0
6829,0.0
6830,0.0
6831,0.0
6832,0.0
6833,0.0
6834,0.0
6835,0.0
6836,0.0
6837,0.0
6838,0.0
6839,0.0
6840,0.0
6841,0.0
6842,0.0
6843,0.0
6844,0.0
6845,0.0
6846,0.0
6847,0.0
6848,0.0
6849,0.0
6850,0.0
6851,0.0
6852,0.0
6853,0.0
6854,0.0
6855,0.0
6856,0.0
6857,0.0
6858,0.0
6859,0.0
6860,0.0
6861,0.0
6862,0.0
6863,0.0
6864,0.0
6865,0.0
6866,0.0
6867,0.0
6868,0.0
6869,0.0
6870,0.0
6871,0.0
6872,0.0
6873,0.0
6874,0.0
6875,0.0
6876,0.0
6877,0.0
6878,0.0
6879,0.0
6880,0.0
6881,0.0
6882,0.0
6883,0.0
6884,0.0
6885,0.0
6886,0.0
6887,0.0
6888,0.0
6889,0.0
6890,0.0
6891,0.0
6892,0.0
6893,0.0
6894,0.0
6895,0.0
6896,0.0
6897,1.0
6898,1.0
6899,1.0
6900,1.0
6901,1.0
6902,1.0
6903,1.0
6904,1.0
6905,1.0
6906,1.0
6907,1.0
6908,1.0
6909,1.0
6910,1.0
6911,1.0
6912,1.0
6913,1.0
6914,1.0
6915,1.0
6916,1.0
6917,1.0
6918,1.0
6919,1.0
6920,1.0
6921,1.0
6922,1.0
6923,1.0
6924,1.0
6925,1.0
6926,1.0
6927,1.0
6928,1.0
6929,1.0
6930,1.0
6931,1.0
6932,1.0
6933,1.0
6934,1.0
6935,1.0
6936,1.0
6937,1.0
6938,1.0
6939,1.0
6940,1.0
6941,1.0
6942,1.0
6943,1.0
6944,1.0
6945,1.0
6946,1.0
6947,1.0
6948,1.0
6949,1.0
6950,1.0
6951,1.0
6952,1.0
6953,1.0
6954,1.0
6955,1.0
6956,1.0
6957,1.0
6958,1.0
6959,1.0
6960,1.0
6961,1.0
6962,1.0
6963,1.0
6964,1.0
6965,1.0
6966,1.0
6967,1.0
6968,1.0
6969,1.0
6970,1.0
6971,1.0
6972,1.0
6973,1.0
6974,1.0
6975,1.0
6976,1.0
6977,1.0
6978,1.0
6979,1.0
6980,1.0
6981,1.0
6982,1.0
6983,1.0
6984,1.0
6985,1.0
6986,1.0
6987,1.0
6988,1.0
6989,1.0
6990,1.0
6991,1.0
6992,1.0
6993,1.0
6994,1.0
6995,1.0
6996,1.0
6997,1.0
6998,1.0
6999,1.0
7000,1.0
7001,1.0
7002,1.0
7003,1.0
7004,1.0
7005,1.0
7006,1.0
7007,1.0
7008,1.0
7009,1.0
7010,1.0
7011,1.0
7012,1.0
7013,1.0
7014,1.0
7015,1.0
7016,1.0
7017,1.0
7018,1.0
7019,1.0
7020,1.0
7021,1.0
7022,1.0
7023,1.0
7024,1.0
7025,1.0
7026,1.0
7027,1.0
7028,1.0
7029,1.0
7030,1.0
7031,1.0
7032,1.0
7033,1.0
7034,1.0
7035,1.0
7036,1.0
7037,1.0
7038,1.0
7039,1.0
7040,1.0
7041,1.0
7042,1.0
7043,1.0
7044,1.0
7045,1.0
7046,1.0
7047,1.0
7048,1.0
7049,1.0
7050,1.0
7051,1.0
7052,1.0
7053,1.0
7054,1.0
7055,1.0
7056,1.0
7057,1.0
7058,1.0
7059,1.0
7060,1.0
7061,1.0
7062,1.0
7063,1.0
7064,1.0
7065,1.0
7066,1.0
7067,1.0
7068,1.0
7069,1.0
7070,1.0
7071,1.0
7072,1.0
7073,1.0
7074,1.0
7075,1.0
7076,1.0
7077,1.0
7078,1.0
7079,1.0
7080,1.0
7081,1.0
7082,1.0
7083,1.0
7084,1.0
7085,1.0
7086,1.0
7087,1.0
7088,1.0
7089,1.0
7090,1.0
7091,1.0
7092,1.0
7093,1.0
7094,1.0
7095,1.0
7096,1.0
7097,1.0
7098,0.0
7099,1.0
7100,0.0
7101,1.0
7102,0.0
7103,1.0
7104,1.0
7105,1.0
7106,0.0
7107,0.0
7108,1.0
7109,0.0
7110,0.0
7111,1.0
7112,1.0
7113,0.0
7114,0.0
7115,0.0
7116,0.0
7117,0.0
7118,0.0
7119,0.0
7120,0.0
7121,1.0
7122,1.0
7123,1.0
7124,1.0
7125,1.0
7126,1.0
7127,1.0
7128,1.0
7129,0.0
7130,0.0
7131,0.0
7132,0.0
7133,0.0
7134,0.0
7135,0.0
7136,0.0
7137,0.0
7138,0.0
7139,0.0
7140,0.0
7141,0.0
7142,0.0
7143,0.0
7144,0.0
7145,0.0
7146,0.0
7147,0.0
7148,0.0
7149,0.0
7150,0.0
7151,0.0
7152,0.0
7153,0.0
7154,0.0
7155,0.0
7156,0.0
7157,0.0
7158,0.0
7159,0.0
7160,0.0
7161,0.0
7162,0.0
7163,0.0
7164,0.0
7165,0.0
7166,0.0
7167,0.0
7168,0.0
7169,0.0
7170,1.0
7171,1.0
7172,1.0
7173,1.0
7174,1.0
7175,1.0
7176,1.0
7177,1.0
7178,1.0
7179,1.0
7180,1.0
7181,1.0
7182,1.0
7183,0.0
7184,0.0
7185,0.0
7186,1.0
7187,1.0
7188,1.0
7189,1.0
7190,1.0
7191,1.0
7192,1.0
7193,1.0
7194,0.0
7195,1.0
7196,0.0
7197,1.0
7198,1.0
7199,0.0
7200,0.0
7201,0.0
7202,0.0
7203,0.0
7204,0.0
7205,0.0
7206,0.0
7207,0.0
7208,0.0
7209,1.0
7210,0.0
7211,0.0
7212,0.0
7213,0.0
7214,0.0
7215,0.0
7216,0.0
7217,0.0
7218,0.0
7219,0.0
7220,0.0
7221,0.0
7222,0.0
7223,0.0
7224,0.0
7225,0.0
7226,0.0
7227,0.0
7228,0.0
7229,0.0
7230,0.0
7231,0.0
7232,0.0
7233,0.0
7234,0.0
7235,0.0
7236,0.0
7237,0.0
7238,0.0
7239,0.0
7240,0.0
7241,0.0
7242,0.0
7243,0.0
7244,0.0
7245,0.0
7246,0.0
7247,0.0
7248,0.0
7249,0.0
7250,0.0
7251,1.0
7252,1.0
7253,0.0
7254,0.0
7255,0.0
7256,0.0
7257,0.0
7258,0.0
7259,0.0
7260,0.0
7261,0.0
7262,0.0
7263,0.0
7264,0.0
7265,0.0
7266,0.0
7267,0.0
7268,0.0
7269,0.0
7270,0.0
7271,0.0
7272,0.0
7273,0.0
7274,0.0
7275,0.0
7276,0.0
7277,1.0
7278,1.0
7279,1.0
7280,1.0
7281,1.0
7282,0.0
7283,0.0
7284,1.0
7285,0.0
7286,0.0
7287,0.0
7288,0.0
7289,0.0
7290,0.0
7291,0.0
7292,0.0
7293,0.0
7294,0.0
7295,0.0
7296,0.0
7297,0.0
7298,0.0
7299,0.0
7300,0.0
7301,0.0
7302,0.0
7303,0.0
7304,0.0
7305,0.0
7306,0.0
7307,0.0
7308,0.0
7309,0.0
7310,0.0
7311,0.0
7312,0.0
7313,0.0
7314,0.0
7315,0.0
7316,0.0
7317,0.0
7318,0.0
7319,0.0
7320,0.0
7321,0.0
7322,0.0
7323,0.0
7324,0.0
7325,1.0
7326,1.0
7327,0.0
7328,0.0
7329,0.0
7330,0.0
7331,0.0
7332,0.0
7333,0.0
7334,0.0
7335,0.0
7336,0.0
7337,0.0
7338,0.0
7339,0.0
7340,0.0
7341,0.0
7342,0.0
7343,0.0
7344,0.0
7345,0.0
7346,1.0
7347,0.0
7348,0.0
7349,1.0
7350,0.0
7351,0.0
7352,0.0
7353,0.0
7354,0.0
7355,1.0
7356,1.0
7357,1.0
7358,1.0
7359,0.0
7360,0.0
7361,0.0
7362,0.0
7363,0.0
7364,0.0
7365,0.0
7366,0.0
7367,0.0
7368,0.0
7369,0.0
7370,0.0
7371,0.0
7372,0.0
7373,0.0
7374,0.0
7375,0.0
7376,0.0
7377,0.0
7378,0.0
7379,1.0
7380,1.0
7381,1.0
7382,1.0
7383,1.0
7384,0.0
7385,1.0
7386,1.0
7387,1.0
7388,1.0
7389,1.0
7390,1.0
7391,1.0
7392,1.0
7393,1.0
7394,1.0
7395,1.0
7396,0.0
7397,0.0
7398,0.0
7399,0.0
7400,0.0
7401,0.0
7402,0.0
7403,0.0
7404,0.0
7405,0.0
7406,0.0
7407,0.0
7408,0.0
7409,0.0
7410,0.0
7411,0.0
7412,0.0
7413,0.0
7414,0.0
7415,0.0
7416,1.0
7417,0.0
7418,0.0
7419,0.0
7420,0.0
7421,0.0
7422,0.0
7423,0.0
7424,0.0
7425,0.0
7426,0.0
7427,0.0
7428,1.0
7429,0.0
7430,0.0
7431,1.0
7432,1.0
7433,1.0
7434,1.0
7435,1.0
7436,1.0
7437,0.0
7438,1.0
7439,1.0
7440,1.0
7441,1.0
7442,0.0
7443,0.0
7444,0.0
7445,0.0
7446,1.0
7447,0.0
7448,1.0
7449,0.0
7450,1.0
7451,0.0
7452,1.0
7453,1.0
7454,1.0
7455,1.0
7456,1.0
7457,1.0
7458,1.0
7459,1.0
7460,1.0
7461,1.0
7462,1.0
7463,1.0
7464,1.0
7465,1.0
7466,1.0
7467,1.0
7468,1.0
7469,1.0
7470,1.0
7471,1.0
7472,1.0
7473,1.0
7474,1.0
7475,1.0
7476,1.0
7477,1.0
7478,1.0
7479,1.0
7480,1.0
7481,1.0
7482,0.0
7483,0.0
7484,1.0
7485,1.0
7486,1.0
7487,0.0
7488,0.0
7489,1.0
7490,1.0
7491,1.0
7492,1.0
7493,1.0
7494,1.0
7495,0.0
7496,0.0
7497,0.0
7498,0.0
7499,0.0
7500,1.0
7501,1.0
7502,0.0
7503,1.0
7504,0.0
7505,0.0
7506,0.0
7507,0.0
7508,0.0
7509,0.0
7510,1.0
7511,1.0
7512,1.0
7513,1.0
7514,1.0
7515,0.0
7516,1.0
7517,1.0
7518,1.0
7519,1.0
7520,1.0
7521,1.0
7522,1.0
7523,1.0
7524,1.0
7525,1.0
7526,1.0
7527,1.0
7528,1.0
7529,0.0
7530,0.0
7531,0.0
7532,1.0
7533,1.0
7534,1.0
7535,1.0
7536,1.0
7537,1.0
7538,1.0
7539,0.0
7540,0.0
7541,0.0
7542,0.0
7543,0.0
7544,0.0
7545,0.0
7546,1.0
7547,1.0
7548,1.0
7549,1.0
7550,1.0
7551,1.0
7552,1.0
7553,1.0
7554,1.0
7555,1.0
7556,1.0
7557,1.0
7558,1.0
7559,1.0
7560,1.0
7561,1.0
7562,1.0
7563,1.0
7564,1.0
7565,1.0
7566,0.0
7567,0.0
7568,0.0
7569,0.0
7570,1.0
7571,0.0
7572,1.0
7573,0.0
7574,1.0
7575,0.0
7576,1.0
7577,1.0
7578,0.0
7579,0.0
7580,0.0
7581,0.0
7582,0.0
7583,1.0
7584,0.0
7585,1.0
7586,1.0
7587,0.0
7588,0.0
7589,1.0
7590,1.0
7591,1.0
7592,1.0
7593,1.0
7594,1.0
7595,0.0
7596,1.0
7597,1.0
7598,0.0
7599,0.0
7600,1.0
7601,1.0
7602,0.0
7603,0.0
7604,0.0
7605,0.0
7606,0.0
7607,0.0
7608,0.0
7609,0.0
7610,1.0
7611,1.0
7612,1.0
7613,0.0
7614,0.0
7615,1.0
7616,0.0
7617,0.0
7618,0.0
7619,0.0
7620,0.0
7621,0.0
7622,0.0
7623,0.0
7624,0.0
7625,0.0
7626,1.0
7627,0.0
7628,0.0
7629,0.0
7630,1.0
7631,0.0
7632,1.0
7633,1.0
7634,1.0
7635,1.0
7636,0.0
7637,0.0
7638,0.0
7639,0.0
7640,0.0
7641,1.0
7642,0.0
7643,0.0
7644,1.0
7645,1.0
7646,1.0
7647,1.0
7648,0.0
7649,0.0
7650,1.0
7651,1.0
7652,1.0
7653,1.0
7654,1.0
7655,0.0
7656,1.0
7657,1.0
7658,0.0
7659,0.0
7660,1.0
7661,1.0
7662,1.0
7663,0.0
7664,0.0
7665,0.0
7666,1.0
7667,0.0
7668,0.0
7669,0.0
7670,0.0
7671,1.0
7672,1.0
7673,0.0
7674,1.0
7675,1.0
7676,0.0
7677,1.0
7678,1.0
7679,0.0
7680,0.0
7681,0.0
7682,0.0
7683,0.0
7684,0.0
7685,0.0
7686,0.0
7687,0.0
7688,0.0
7689,1.0
7690,0.0
7691,0.0
7692,0.0
7693,1.0
7694,0.0
7695,0.0
7696,0.0
7697,0.0
7698,0.0
7699,0.0
7700,0.0
7701,0.0
7702,0.0
7703,0.0
7704,0.0
7705,1.0
7706,1.0
7707,1.0
7708,1.0
7709,1.0
7710,1.0
7711,0.0
7712,1.0
7713,1.0
7714,1.0
7715,1.0
7716,1.0
7717,0.0
7718,1.0
7719,0.0
7720,0.0
7721,1.0
7722,1.0
7723,1.0
7724,0.0
7725,0.0
7726,0.0
7727,0.0
7728,0.0
7729,1.0
7730,1.0
7731,1.0
7732,1.0
7733,1.0
7734,0.0
7735,0.0
7736,0.0
7737,0.0
7738,1.0
7739,1.0
7740,1.0
7741,0.0
7742,1.0
7743,1.0
7744,1.0
7745,0.0
7746,0.0
7747,0.0
7748,0.0
7749,0.0
7750,0.0
7751,0.0
7752,0.0
7753,0.0
7754,0.0
7755,0.0
7756,0.0
7757,0.0
7758,0.0
7759,1.0
7760,1.0
7761,0.0
7762,0.0
7763,0.0
7764,0.0
7765,0.0
7766,0.0
7767,0.0
7768,0.0
7769,0.0
7770,0.0
7771,0.0
7772,0.0
7773,0.0
7774,0.0
7775,0.0
7776,0.0
7777,1.0
7778,0.0
7779,0.0
7780,1.0
7781,1.0
7782,1.0
7783,0.0
7784,0.0
7785,1.0
7786,1.0
7787,1.0
7788,0.0
7789,1.0
7790,0.0
7791,0.0
7792,0.0
7793,0.0
7794,1.0
7795,1.0
7796,1.0
7797,1.0
7798,0.0
7799,0.0
7800,0.0
7801,1.0
7802,0.0
7803,1.0
7804,1.0
7805,0.0
7806,1.0
7807,1.0
7808,1.0
7809,1.0
7810,1.0
7811,1.0
7812,1.0
7813,1.0
7814,1.0
7815,1.0
7816,1.0
7817,0.0
7818,0.0
7819,0.0
7820,1.0
7821,1.0
7822,1.0
7823,1.0
7824,1.0
7825,1.0
7826,1.0
7827,1.0
7828,1.0
7829,1.0
7830,1.0
7831,1.0
7832,1.0
7833,1.0
7834,0.0
7835,0.0
7836,0.0
7837,0.0
7838,0.0
7839,0.0
7840,0.0
7841,0.0
7842,0.0
7843,0.0
7844,0.0
7845,1.0
7846,1.0
7847,1.0
7848,1.0
7849,1.0
7850,0.0
7851,0.0
7852,1.0
7853,1.0
7854,1.0
7855,1.0
7856,1.0
7857,0.0
7858,1.0
7859,1.0
7860,1.0
7861,1.0
7862,1.0
7863,1.0
7864,1.0
7865,1.0
7866,1.0
7867,1.0
7868,1.0
7869,1.0
7870,1.0
7871,1.0
7872,1.0
7873,1.0
7874,1.0
7875,1.0
7876,1.0
7877,1.0
7878,1.0
7879,1.0
7880,1.0
7881,1.0
7882,1.0
7883,1.0
7884,1.0
7885,1.0
7886,1.0
7887,0.0
7888,1.0
7889,1.0
7890,1.0
7891,0.0
7892,0.0
7893,0.0
7894,0.0
7895,1.0
7896,0.0
7897,1.0
7898,1.0
7899,0.0
7900,1.0
7901,1.0
7902,1.0
7903,0.0
7904,1.0
7905,1.0
7906,0.0
7907,0.0
7908,1.0
7909,0.0
7910,1.0
7911,1.0
7912,1.0
7913,0.0
7914,0.0
7915,1.0
7916,1.0
7917,1.0
7918,1.0
7919,1.0
7920,1.0
7921,1.0
7922,1.0
7923,1.0
7924,1.0
7925,1.0
7926,1.0
7927,1.0
7928,1.0
7929,0.0
7930,1.0
7931,0.0
7932,0.0
7933,0.0
7934,0.0
7935,0.0
7936,0.0
7937,0.0
7938,1.0
7939,0.0
7940,1.0
7941,1.0
7942,1.0
7943,1.0
7944,1.0
7945,0.0
7946,0.0
7947,1.0
7948,1.0
7949,1.0
7950,1.0
7951,1.0
7952,1.0
7953,1.0
7954,1.0
7955,1.0
7956,1.0
7957,1.0
7958,1.0
7959,1.0
7960,1.0
7961,0.0
7962,1.0
7963,0.0
7964,0.0
7965,0.0
7966,0.0
7967,0.0
7968,0.0
7969,0.0
7970,0.0
7971,0.0
7972,0.0
7973,0.0
7974,1.0
7975,1.0
7976,1.0
7977,1.0
7978,1.0
7979,0.0
7980,1.0
7981,1.0
7982,1.0
7983,1.0
7984,1.0
7985,1.0
7986,1.0
7987,1.0
7988,1.0
7989,1.0
7990,1.0
7991,1.0
7992,0.0
7993,1.0
7994,1.0
7995,1.0
7996,1.0
7997,1.0
7998,1.0
7999,1.0
8000,1.0
8001,1.0
8002,1.0
8003,1.0
8004,1.0
8005,1.0
8006,1.0
8007,1.0
8008,0.0
8009,1.0
8010,1.0
8011,1.0
8012,1.0
8013,1.0
8014,1.0
8015,1.0
8016,0.0
8017,0.0
8018,0.0
8019,0.0
8020,1.0
8021,1.0
8022,0.0
8023,1.0
8024,0.0
8025,1.0
8026,0.0
8027,0.0
8028,1.0
8029,1.0
8030,1.0
8031,0.0
8032,0.0
8033,1.0
8034,1.0
8035,0.0
8036,0.0
8037,0.0
8038,0.0
8039,0.0
8040,0.0
8041,0.0
8042,0.0
8043,0.0
8044,0.0
8045,0.0
8046,0.0
8047,0.0
8048,0.0
8049,0.0
8050,0.0
8051,1.0
8052,0.0
8053,0.0
8054,1.0
8055,0.0
8056,0.0
8057,0.0
8058,0.0
8059,0.0
8060,0.0
8061,0.0
8062,0.0
8063,0.0
8064,0.0
8065,0.0
8066,0.0
8067,0.0
8068,0.0
8069,1.0
8070,1.0
8071,1.0
8072,1.0
8073,1.0
8074,1.0
8075,0.0
8076,1.0
8077,1.0
8078,0.0
8079,1.0
8080,0.0
8081,0.0
8082,1.0
8083,0.0
8084,0.0
8085,1.0
8086,0.0
8087,0.0
8088,1.0
8089,0.0
8090,1.0
8091,1.0
8092,1.0
8093,1.0
8094,1.0
8095,0.0
8096,0.0
8097,0.0
8098,0.0
8099,1.0
8100,1.0
8101,1.0
8102,1.0
8103,1.0
8104,1.0
8105,1.0
8106,1.0
8107,1.0
8108,1.0
8109,1.0
8110,1.0
8111,1.0
8112,1.0
8113,1.0
8114,1.0
8115,1.0
8116,1.0
8117,1.0
8118,0.0
8119,1.0
8120,1.0
8121,0.0
8122,1.0
8123,1.0
8124,1.0
8125,1.0
8126,1.0
8127,1.0
8128,1.0
8129,1.0
8130,0.0
8131,1.0
8132,0.0
8133,1.0
8134,1.0
8135,1.0
8136,1.0
8137,1.0
8138,1.0
8139,1.0
8140,1.0
8141,1.0
8142,1.0
8143,1.0
8144,1.0
8145,1.0
8146,0.0
8147,0.0
8148,0.0
8149,0.0
8150,0.0
8151,0.0
8152,0.0
8153,1.0
8154,0.0
8155,0.0
8156,0.0
8157,0.0
8158,0.0
8159,0.0
8160,0.0
8161,0.0
8162,0.0
8163,0.0
8164,0.0
8165,0.0
8166,0.0
8167,1.0
8168,0.0
8169,0.0
8170,0.0
8171,0.0
8172,0.0
8173,0.0
8174,0.0
8175,0.0
8176,0.0
8177,0.0
8178,0.0
8179,0.0
8180,0.0
8181,0.0
8182,0.0
8183,0.0
8184,0.0
8185,0.0
8186,0.0
8187,0.0
8188,0.0
8189,0.0
8190,0.0
8191,0.0
8192,0.0
8193,0.0
8194,0.0
8195,0.0
8196,0.0
8197,0.0
8198,0.0
8199,0.0
8200,0.0
8201,0.0
8202,0.0
8203,0.0
8204,0.0
8205,0.0
8206,0.0
8207,1.0
8208,1.0
8209,1.0
8210,1.0
8211,0.0
8212,0.0
8213,0.0
8214,0.0
8215,0.0
8216,0.0
8217,0.0
8218,1.0
8219,1.0
8220,0.0
8221,0.0
8222,0.0
8223,0.0
8224,0.0
8225,0.0
8226,0.0
8227,0.0
8228,0.0
8229,0.0
8230,0.0
8231,0.0
8232,0.0
8233,1.0
8234,0.0
8235,0.0
8236,0.0
8237,0.0
8238,0.0
8239,0.0
8240,0.0
8241,0.0
8242,0.0
8243,0.0
8244,0.0
8245,0.0
8246,0.0
8247,1.0
8248,1.0
8249,0.0
8250,0.0
8251,0.0
8252,0.0
8253,0.0
8254,0.0
8255,0.0
8256,0.0
8257,0.0
8258,0.0
8259,0.0
8260,0.0
8261,0.0
8262,0.0
8263,0.0
8264,0.0
8265,0.0
8266,0.0
8267,0.0
8268,0.0
8269,0.0
8270,0.0
8271,0.0
8272,0.0
8273,0.0
8274,0.0
8275,0.0
8276,0.0
8277,0.0
8278,0.0
8279,0.0
8280,0.0
8281,0.0
8282,0.0
8283,0.0
8284,0.0
8285,0.0
8286,0.0
8287,0.0
8288,0.0
8289,0.0
8290,1.0
8291,1.0
8292,1.0
8293,1.0
8294,0.0
8295,1.0
8296,1.0
8297,1.0
8298,1.0
8299,1.0
8300,1.0
8301,1.0
8302,1.0
8303,1.0
8304,1.0
8305,1.0
8306,1.0
8307,1.0
8308,1.0
8309,0.0
8310,1.0
8311,1.0
8312,0.0
8313,1.0
8314,1.0
8315,0.0
8316,0.0
8317,1.0
8318,0.0
8319,0.0
8320,0.0
8321,0.0
8322,0.0
8323,1.0
8324,1.0
8325,1.0
8326,1.0
8327,0.0
8328,1.0
8329,0.0
8330,0.0
8331,1.0
8332,0.0
8333,0.0
8334,0.0
8335,0.0
8336,0.0
8337,0.0
8338,0.0
8339,0.0
8340,0.0
8341,0.0
8342,0.0
8343,0.0
8344,0.0
8345,0.0
8346,0.0
8347,0.0
8348,1.0
8349,1.0
8350,1.0
8351,1.0
8352,1.0
8353,1.0
8354,1.0
8355,1.0
8356,0.0
8357,1.0
8358,1.0
8359,1.0
8360,0.0
8361,0.0
8362,0.0
8363,1.0
8364,0.0
8365,0.0
8366,0.0
8367,0.0
8368,0.0
8369,0.0
8370,0.0
8371,0.0
8372,0.0
8373,0.0
8374,0.0
8375,0.0
8376,0.0
8377,0.0
8378,1.0
8379,1.0
8380,1.0
8381,1.0
8382,1.0
8383,1.0
8384,1.0
8385,1.0
8386,1.0
8387,1.0
8388,1.0
8389,0.0
8390,0.0
8391,0.0
8392,0.0
8393,0.0
8394,1.0
8395,1.0
8396,0.0
8397,0.0
8398,1.0
8399,1.0
8400,0.0
8401,1.0
8402,1.0
8403,1.0
8404,1.0
8405,1.0
8406,0.0
8407,0.0
8408,0.0
8409,0.0
8410,0.0
8411,0.0
8412,0.0
8413,0.0
8414,0.0
8415,0.0
8416,0.0
8417,0.0
8418,0.0
8419,0.0
8420,1.0
8421,1.0
8422,1.0
8423,1.0
8424,0.0
8425,1.0
8426,1.0
8427,1.0
8428,1.0
8429,1.0
8430,1.0
8431,1.0
8432,0.0
8433,1.0
8434,1.0
8435,0.0
8436,0.0
8437,0.0
8438,0.0
8439,0.0
8440,0.0
8441,0.0
8442,0.0
8443,0.0
8444,0.0
8445,0.0
8446,0.0
8447,0.0
8448,0.0
8449,0.0
8450,0.0
8451,0.0
8452,0.0
8453,0.0
8454,0.0
8455,0.0
8456,1.0
8457,1.0
8458,1.0
8459,1.0
8460,1.0
8461,1.0
8462,1.0
8463,1.0
8464,1.0
8465,1.0
8466,1.0
8467,1.0
8468,1.0
8469,0.0
8470,0.0
8471,1.0
8472,1.0
8473,1.0
8474,1.0
8475,1.0
8476,1.0
8477,1.0
8478,1.0
8479,1.0
8480,1.0
8481,1.0
8482,1.0
8483,1.0
8484,1.0
8485,1.0
8486,1.0
8487,0.0
8488,0.0
8489,0.0
8490,0.0
8491,0.0
8492,0.0
8493,0.0
8494,0.0
8495,0.0
8496,0.0
8497,0.0
8498,0.0
8499,0.0
8500,0.0
8501,0.0
8502,0.0
8503,0.0
8504,0.0
8505,0.0
8506,1.0
8507,0.0
8508,1.0
8509,1.0
8510,1.0
8511,1.0
8512,1.0
8513,1.0
8514,1.0
8515,1.0
8516,1.0
8517,1.0
8518,1.0
8519,1.0
8520,1.0
8521,1.0
8522,0.0
8523,0.0
8524,0.0
8525,0.0
8526,0.0
8527,0.0
8528,0.0
8529,0.0
8530,0.0
8531,0.0
8532,1.0
8533,0.0
8534,1.0
8535,1.0
8536,1.0
8537,0.0
8538,1.0
8539,0.0
8540,0.0
8541,0.0
8542,0.0
8543,1.0
8544,1.0
8545,1.0
8546,1.0
8547,1.0
8548,1.0
8549,1.0
8550,1.0
8551,1.0
8552,1.0
8553,1.0
8554,1.0
8555,1.0
8556,1.0
8557,1.0
8558,1.0
8559,1.0
8560,1.0
8561,1.0
8562,1.0
8563,1.0
8564,1.0
8565,1.0
8566,1.0
8567,1.0
8568,1.0
8569,1.0
8570,1.0
8571,1.0
8572,1.0
8573,1.0
8574,1.0
8575,1.0
8576,1.0
8577,1.0
8578,1.0
8579,1.0
8580,1.0
8581,1.0
8582,1.0
8583,1.0
8584,1.0
8585,1.0
8586,1.0
8587,1.0
8588,1.0
8589,1.0
8590,1.0
8591,1.0
8592,1.0
8593,1.0
8594,1.0
8595,1.0
8596,1.0
8597,1.0
8598,1.0
8599,1.0
8600,1.0
8601,1.0
8602,1.0
8603,1.0
8604,1.0
8605,1.0
8606,1.0
8607,1.0
8608,1.0
8609,1.0
8610,1.0
8611,1.0
8612,1.0
8613,0.0
8614,0.0
8615,0.0
8616,0.0
8617,0.0
8618,0.0
8619,0.0
8620,0.0
8621,0.0
8622,0.0
8623,0.0
8624,0.0
8625,0.0
8626,0.0
8627,0.0
8628,0.0
8629,0.0
8630,0.0
8631,0.0
8632,1.0
8633,0.0
8634,0.0
8635,0.0
8636,1.0
8637,0.0
8638,1.0
8639,1.0
8640,1.0
8641,1.0
8642,1.0
8643,0.0
8644,0.0
8645,0.0
8646,0.0
8647,0.0
8648,0.0
8649,0.0
8650,0.0
8651,0.0
8652,0.0
8653,0.0
8654,0.0
8655,0.0
8656,0.0
8657,0.0
8658,0.0
8659,0.0
8660,0.0
8661,0.0
8662,0.0
8663,0.0
8664,0.0
8665,0.0
8666,0.0
8667,0.0
8668,0.0
8669,0.0
8670,0.0
8671,0.0
8672,0.0
8673,0.0
8674,0.0
8675,0.0
8676,1.0
8677,0.0
8678,0.0
8679,0.0
8680,0.0
8681,0.0
8682,0.0
8683,0.0
8684,0.0
8685,0.0
8686,0.0
8687,1.0
8688,1.0
8689,1.0
8690,1.0
8691,1.0
8692,1.0
8693,0.0
8694,0.0
8695,0.0
8696,0.0
8697,0.0
8698,0.0
8699,0.0
8700,0.0
8701,0.0
8702,0.0
8703,0.0
8704,0.0
8705,0.0
8706,0.0
8707,0.0
8708,0.0
8709,1.0
8710,1.0
8711,1.0
8712,1.0
8713,1.0
8714,1.0
8715,1.0
8716,1.0
8717,1.0
8718,1.0
8719,1.0
8720,1.0
8721,1.0
8722,1.0
8723,1.0
8724,1.0
8725,1.0
8726,1.0
8727,1.0
8728,1.0
8729,1.0
8730,0.0
8731,1.0
8732,0.0
8733,0.0
8734,0.0
8735,0.0
8736,0.0
8737,0.0
8738,0.0
8739,0.0
8740,0.0
8741,0.0
8742,0.0
8743,1.0
8744,1.0
8745,1.0
8746,1.0
8747,0.0
8748,1.0
8749,0.0
8750,1.0
8751,0.0
8752,0.0
8753,0.0
8754,0.0
8755,0.0
8756,0.0
8757,0.0
8758,0.0
8759,0.0
8760,0.0
8761,0.0
8762,0.0
8763,0.0
8764,0.0
8765,0.0
8766,0.0
8767,1.0
8768,1.0
8769,1.0
8770,0.0
8771,0.0
8772,0.0
8773,0.0
8774,0.0
8775,0.0
8776,1.0
8777,1.0
8778,1.0
8779,1.0
8780,1.0
8781,1.0
8782,1.0
8783,1.0
8784,1.0
8785,1.0
8786,1.0
8787,1.0
8788,1.0
8789,1.0
8790,1.0
8791,1.0
8792,1.0
8793,0.0
8794,1.0
8795,1.0
8796,1.0
8797,0.0
8798,0.0
8799,0.0
8800,0.0
8801,0.0
8802,0.0
8803,1.0
8804,0.0
8805,0.0
8806,0.0
8807,0.0
8808,0.0
8809,1.0
8810,1.0
8811,1.0
8812,0.0
8813,1.0
8814,1.0
8815,1.0
8816,0.0
8817,0.0
8818,0.0
8819,0.0
8820,0.0
8821,0.0
8822,0.0
8823,0.0
8824,0.0
8825,0.0
8826,0.0
8827,0.0
8828,0.0
8829,0.0
8830,1.0
8831,0.0
8832,1.0
8833,1.0
8834,1.0
8835,1.0
8836,1.0
8837,1.0
8838,0.0
8839,0.0
8840,1.0
8841,0.0
8842,0.0
8843,0.0
8844,0.0
8845,1.0
8846,1.0
8847,1.0
8848,1.0
8849,1.0
8850,1.0
8851,1.0
8852,1.0
8853,1.0
8854,1.0
8855,0.0
8856,0.0
8857,1.0
8858,1.0
8859,0.0
8860,0.0
8861,0.0
8862,0.0
8863,0.0
8864,0.0
8865,0.0
8866,0.0
8867,0.0
8868,1.0
8869,1.0
8870,1.0
8871,1.0
8872,1.0
8873,1.0
8874,1.0
8875,1.0
8876,0.0
8877,1.0
8878,1.0
8879,1.0
8880,0.0
8881,1.0
8882,1.0
8883,1.0
8884,1.0
8885,1.0
8886,1.0
8887,0.0
8888,1.0
8889,0.0
8890,1.0
8891,1.0
8892,1.0
8893,0.0
8894,0.0
8895,0.0
8896,1.0
8897,1.0
8898,1.0
8899,1.0
8900,1.0
8901,1.0
8902,1.0
8903,1.0
8904,1.0
8905,1.0
8906,1.0
8907,1.0
8908,1.0
8909,1.0
8910,1.0
8911,1.0
8912,0.0
8913,0.0
8914,0.0
8915,0.0
8916,0.0
8917,0.0
8918,1.0
8919,0.0
8920,0.0
8921,1.0
8922,1.0
8923,0.0
8924,0.0
8925,0.0
8926,0.0
8927,0.0
8928,0.0
8929,0.0
8930,0.0
8931,0.0
8932,0.0
8933,0.0
8934,0.0
8935,0.0
8936,1.0
8937,1.0
8938,1.0
8939,0.0
8940,1.0
8941,1.0
8942,0.0
8943,0.0
8944,0.0
8945,0.0
8946,0.0
8947,0.0
8948,0.0
8949,0.0
8950,0.0
8951,0.0
8952,0.0
8953,0.0
8954,0.0
8955,0.0
8956,0.0
8957,0.0
8958,0.0
8959,0.0
8960,0.0
8961,0.0
8962,0.0
8963,0.0
8964,0.0
8965,0.0
8966,0.0
8967,0.0
8968,0.0
8969,0.0
8970,0.0
8971,0.0
8972,0.0
8973,0.0
8974,0.0
8975,0.0
8976,0.0
8977,0.0
8978,0.0
8979,0.0
8980,0.0
8981,0.0
8982,0.0
8983,0.0
8984,0.0
8985,0.0
8986,0.0
8987,0.0
8988,0.0
8989,0.0
8990,0.0
8991,0.0
8992,0.0
8993,0.0
8994,0.0
8995,0.0
8996,0.0
8997,0.0
8998,0.0
8999,0.0
9000,0.0
9001,0.0
9002,0.0
9003,0.0
9004,0.0
9005,0.0
9006,0.0
9007,0.0
9008,0.0
9009,0.0
9010,0.0
9011,0.0
9012,1.0
9013,1.0
9014,1.0
9015,1.0
9016,1.0
9017,1.0
9018,1.0
9019,1.0
9020,1.0
9021,1.0
9022,1.0
9023,1.0
9024,1.0
9025,1.0
9026,1.0
9027,1.0
9028,1.0
9029,0.0
9030,0.0
9031,0.0
9032,0.0
9033,0.0
9034,0.0
9035,0.0
9036,0.0
9037,0.0
9038,0.0
9039,0.0
9040,0.0
9041,0.0
9042,0.0
9043,0.0
9044,0.0
9045,0.0
9046,0.0
9047,0.0
9048,0.0
9049,0.0
9050,0.0
9051,0.0
9052,0.0
9053,0.0
9054,0.0
9055,0.0
9056,0.0
9057,0.0
9058,0.0
9059,0.0
9060,0.0
9061,0.0
9062,0.0
9063,0.0
9064,0.0
9065,0.0
9066,1.0
9067,1.0
9068,1.0
9069,0.0
9070,0.0
9071,0.0
9072,0.0
9073,0.0
9074,0.0
9075,0.0
9076,0.0
9077,0.0
9078,0.0
9079,0.0
9080,0.0
9081,0.0
9082,0.0
9083,0.0
9084,0.0
9085,0.0
9086,0.0
9087,0.0
9088,0.0
9089,0.0
9090,0.0
9091,0.0
9092,0.0
9093,0.0
9094,0.0
9095,0.0
9096,0.0
9097,0.0
9098,0.0
9099,0.0
9100,0.0
9101,0.0
9102,0.0
9103,0.0
9104,0.0
9105,0.0
9106,0.0
9107,0.0
9108,0.0
9109,0.0
9110,0.0
9111,0.0
9112,0.0
9113,0.0
9114,0.0
9115,0.0
9116,0.0
9117,1.0
9118,1.0
9119,0.0
9120,1.0
9121,0.0
9122,0.0
9123,0.0
9124,0.0
9125,0.0
9126,0.0
9127,1.0
9128,1.0
9129,1.0
9130,1.0
9131,1.0
9132,1.0
9133,1.0
9134,1.0
9135,1.0
9136,1.0
9137,1.0
9138,1.0
9139,1.0
9140,1.0
9141,1.0
9142,0.0
9143,0.0
9144,0.0
9145,0.0
9146,0.0
9147,0.0
9148,0.0
9149,0.0
9150,0.0
9151,1.0
9152,0.0
9153,1.0
9154,0.0
9155,0.0
9156,1.0
9157,1.0
9158,1.0
9159,1.0
9160,1.0
9161,1.0
9162,1.0
9163,1.0
9164,1.0
9165,1.0
9166,1.0
9167,1.0
9168,1.0
9169,1.0
9170,1.0
9171,1.0
9172,1.0
9173,1.0
9174,1.0
9175,1.0
9176,1.0
9177,1.0
9178,1.0
9179,1.0
9180,0.0
9181,1.0
9182,0.0
9183,0.0
9184,0.0
9185,1.0
9186,1.0
9187,1.0
9188,1.0
9189,1.0
9190,1.0
9191,1.0
9192,1.0
9193,1.0
9194,1.0
9195,1.0
9196,1.0
9197,1.0
9198,1.0
9199,1.0
9200,1.0
9201,1.0
9202,1.0
9203,1.0
9204,0.0
9205,1.0
9206,1.0
9207,0.0
9208,1.0
9209,1.0
9210,1.0
9211,1.0
9212,1.0
9213,1.0
9214,1.0
9215,1.0
9216,0.0
9217,0.0
9218,0.0
9219,0.0
9220,0.0
9221,0.0
9222,0.0
9223,0.0
9224,0.0
9225,0.0
9226,0.0
9227,0.0
9228,0.0
9229,0.0
9230,0.0
9231,1.0
9232,1.0
9233,1.0
9234,1.0
9235,1.0
9236,1.0
9237,1.0
9238,1.0
9239,1.0
9240,1.0
9241,1.0
9242,1.0
9243,1.0
9244,0.0
9245,0.0
9246,0.0
9247,0.0
9248,0.0
9249,0.0
9250,0.0
9251,0.0
9252,1.0
9253,0.0
9254,0.0
9255,1.0
9256,1.0
9257,1.0
9258,1.0
9259,1.0
9260,1.0
9261,1.0
9262,1.0
9263,1.0
9264,1.0
9265,1.0
9266,1.0
9267,1.0
9268,1.0
9269,1.0
9270,1.0
9271,0.0
9272,0.0
9273,1.0
9274,0.0
9275,1.0
9276,1.0
9277,1.0
9278,1.0
9279,1.0
9280,1.0
9281,1.0
9282,1.0
9283,1.0
9284,1.0
9285,1.0
9286,1.0
9287,1.0
9288,1.0
9289,1.0
9290,1.0
9291,1.0
9292,1.0
9293,1.0
9294,1.0
9295,1.0
9296,0.0
9297,0.0
9298,0.0
9299,0.0
9300,0.0
9301,0.0
9302,0.0
9303,1.0
9304,0.0
9305,1.0
9306,1.0
9307,1.0
9308,1.0
9309,1.0
9310,0.0
9311,1.0
9312,0.0
9313,0.0
9314,0.0
9315,1.0
9316,0.0
9317,0.0
9318,1.0
9319,1.0
9320,0.0
9321,0.0
9322,0.0
9323,0.0
9324,0.0
9325,0.0
9326,0.0
9327,0.0
9328,0.0
9329,0.0
9330,1.0
9331,0.0
9332,0.0
9333,0.0
9334,0.0
9335,0.0
9336,1.0
9337,1.0
9338,1.0
9339,1.0
9340,1.0
9341,1.0
9342,1.0
9343,1.0
9344,1.0
9345,0.0
9346,1.0
9347,1.0
9348,1.0
9349,0.0
9350,1.0
9351,0.0
9352,0.0
9353,0.0
9354,1.0
9355,1.0
9356,1.0
9357,1.0
9358,0.0
9359,1.0
9360,1.0
9361,0.0
9362,0.0
9363,0.0
9364,0.0
9365,0.0
9366,0.0
9367,0.0
9368,0.0
9369,0.0
9370,0.0
9371,0.0
9372,0.0
9373,0.0
9374,0.0
9375,0.0
9376,0.0
9377,0.0
9378,0.0
9379,1.0
9380,1.0
9381,1.0
9382,1.0
9383,1.0
9384,1.0
9385,1.0
9386,1.0
9387,1.0
9388,1.0
9389,1.0
9390,1.0
9391,1.0
9392,0.0
9393,1.0
9394,1.0
9395,1.0
9396,1.0
9397,1.0
9398,0.0
9399,0.0
9400,0.0
9401,0.0
9402,0.0
9403,0.0
9404,0.0
9405,0.0
9406,0.0
9407,0.0
9408,0.0
9409,0.0
9410,0.0
9411,0.0
9412,0.0
9413,0.0
9414,0.0
9415,0.0
9416,0.0
9417,0.0
9418,1.0
9419,1.0
9420,1.0
9421,1.0
9422,1.0
9423,1.0
9424,1.0
9425,0.0
9426,0.0
9427,0.0
9428,0.0
9429,0.0
9430,0.0
9431,0.0
9432,0.0
9433,0.0
9434,1.0
9435,0.0
9436,0.0
9437,0.0
9438,0.0
9439,0.0
9440,0.0
9441,0.0
9442,1.0
9443,1.0
9444,1.0
9445,1.0
9446,1.0
9447,0.0
9448,0.0
9449,0.0
9450,0.0
9451,0.0
9452,0.0
9453,1.0
9454,1.0
9455,1.0
9456,0.0
9457,0.0
9458,0.0
9459,1.0
9460,0.0
9461,1.0
9462,1.0
9463,1.0
9464,1.0
9465,1.0
9466,0.0
9467,0.0
9468,0.0
9469,0.0
9470,0.0
9471,0.0
9472,0.0
9473,0.0
9474,0.0
9475,1.0
9476,1.0
9477,1.0
9478,1.0
9479,0.0
9480,1.0
9481,1.0
9482,1.0
9483,1.0
9484,1.0
9485,1.0
9486,1.0
9487,1.0
9488,1.0
9489,1.0
9490,1.0
9491,1.0
9492,1.0
9493,0.0
9494,1.0
9495,1.0
9496,1.0
9497,1.0
9498,1.0
9499,1.0
9500,1.0
9501,1.0
9502,1.0
9503,0.0
9504,0.0
9505,0.0
9506,0.0
9507,0.0
9508,0.0
9509,0.0
9510,0.0
9511,0.0
9512,0.0
9513,0.0
9514,1.0
9515,1.0
9516,0.0
9517,0.0
9518,0.0
9519,0.0
9520,1.0
9521,1.0
9522,0.0
9523,1.0
9524,0.0
9525,0.0
9526,0.0
9527,1.0
9528,0.0
9529,0.0
9530,0.0
9531,1.0
9532,1.0
9533,1.0
9534,1.0
9535,1.0
9536,1.0
9537,1.0
9538,1.0
9539,1.0
9540,1.0
9541,1.0
9542,1.0
9543,0.0
9544,0.0
9545,0.0
9546,0.0
9547,0.0
9548,1.0
9549,1.0
9550,1.0
9551,0.0
9552,1.0
9553,1.0
9554,1.0
9555,1.0
9556,1.0
9557,1.0
9558,1.0
9559,1.0
9560,1.0
9561,1.0
9562,1.0
9563,1.0
9564,1.0
9565,1.0
9566,1.0
9567,1.0
9568,1.0
9569,1.0
9570,1.0
9571,1.0
9572,1.0
9573,1.0
9574,1.0
9575,1.0
9576,1.0
9577,0.0
9578,0.0
9579,0.0
9580,0.0
9581,1.0
9582,1.0
9583,1.0
9584,1.0
9585,1.0
9586,1.0
9587,1.0
9588,1.0
9589,1.0
9590,1.0
9591,1.0
9592,1.0
9593,1.0
9594,1.0
9595,0.0
9596,0.0
9597,0.0
9598,1.0
9599,0.0
9600,1.0
9601,0.0
9602,1.0
9603,0.0
9604,1.0
9605,0.0
9606,0.0
9607,0.0
9608,0.0
9609,0.0
9610,0.0
9611,1.0
9612,1.0
9613,1.0
9614,1.0
9615,0.0
9616,0.0
9617,1.0
9618,0.0
9619,0.0
9620,0.0
9621,0.0
9622,0.0
9623,0.0
9624,0.0
9625,0.0
9626,0.0
9627,0.0
9628,0.0
9629,0.0
9630,0.0
9631,0.0
9632,0.0
9633,0.0
9634,0.0
9635,0.0
9636,0.0
9637,0.0
9638,0.0
9639,0.0
9640,0.0
9641,1.0
9642,0.0
9643,0.0
9644,1.0
9645,0.0
9646,0.0
9647,0.0
9648,0.0
9649,0.0
9650,0.0
9651,0.0
9652,1.0
9653,0.0
9654,0.0
9655,0.0
9656,0.0
9657,0.0
9658,1.0
9659,0.0
9660,0.0
9661,0.0
9662,0.0
9663,1.0
9664,0.0
9665,0.0
9666,0.0
9667,0.0
9668,1.0
9669,0.0
9670,0.0
9671,0.0
9672,1.0
9673,1.0
9674,1.0
9675,0.0
9676,0.0
9677,0.0
9678,0.0
9679,0.0
9680,0.0
9681,0.0
9682,0.0
9683,0.0
9684,0.0
9685,0.0
9686,0.0
9687,0.0
9688,0.0
9689,0.0
9690,0.0
9691,0.0
9692,0.0
9693,0.0
9694,0.0
9695,1.0
9696,0.0
9697,1.0
9698,1.0
9699,0.0
9700,0.0
9701,0.0
9702,0.0
9703,0.0
9704,0.0
9705,0.0
9706,0.0
9707,0.0
9708,0.0
9709,0.0
9710,0.0
9711,0.0
9712,0.0
9713,0.0
9714,0.0
9715,0.0
9716,0.0
9717,0.0
9718,0.0
9719,0.0
9720,0.0
9721,0.0
9722,0.0
9723,0.0
9724,0.0
9725,1.0
9726,1.0
9727,1.0
9728,1.0
9729,1.0
9730,1.0
9731,1.0
9732,1.0
9733,1.0
9734,1.0
9735,1.0
9736,1.0
9737,1.0
9738,1.0
9739,1.0
9740,1.0
9741,0.0
9742,0.0
9743,0.0
9744,0.0
9745,0.0
9746,0.0
9747,0.0
9748,0.0
9749,0.0
9750,0.0
9751,0.0
9752,0.0
9753,0.0
9754,0.0
9755,1.0
9756,1.0
9757,1.0
9758,1.0
9759,1.0
9760,1.0
9761,1.0
9762,1.0
9763,1.0
9764,1.0
9765,1.0
9766,0.0
9767,0.0
9768,0.0
9769,0.0
9770,0.0
9771,1.0
9772,0.0
9773,0.0
9774,1.0
9775,0.0
9776,1.0
9777,1.0
9778,1.0
9779,1.0
9780,1.0
9781,1.0
9782,1.0
9783,1.0
9784,1.0
9785,1.0
9786,0.0
9787,1.0
9788,1.0
9789,1.0
9790,1.0
9791,1.0
9792,1.0
9793,0.0
9794,0.0
9795,0.0
9796,1.0
9797,0.0
9798,0.0
9799,0.0
9800,0.0
9801,0.0
9802,0.0
9803,0.0
9804,0.0
9805,0.0
9806,0.0
9807,0.0
9808,0.0
9809,0.0
9810,0.0
9811,0.0
9812,0.0
9813,0.0
9814,1.0
9815,1.0
9816,1.0
9817,1.0
9818,0.0
9819,1.0
9820,0.0
9821,0.0
9822,1.0
9823,0.0
9824,0.0
9825,0.0
9826,0.0
9827,0.0
9828,0.0
9829,0.0
9830,0.0
9831,1.0
9832,1.0
9833,1.0
9834,1.0
9835,1.0
9836,1.0
9837,1.0
9838,0.0
9839,0.0
9840,0.0
9841,0.0
9842,0.0
9843,0.0
9844,0.0
9845,0.0
9846,0.0
9847,0.0
9848,0.0
9849,0.0
9850,0.0
9851,0.0
9852,0.0
9853,0.0
9854,0.0
9855,0.0
9856,0.0
9857,0.0
9858,0.0
9859,0.0
9860,0.0
9861,0.0
9862,0.0
9863,0.0
9864,0.0
9865,0.0
9866,0.0
9867,0.0
9868,0.0
9869,0.0
9870,0.0
9871,0.0
9872,0.0
9873,0.0
9874,0.0
9875,0.0
9876,0.0
9877,0.0
9878,0.0
9879,0.0
9880,0.0
9881,0.0
9882,0.0
9883,0.0
9884,0.0
9885,0.0
9886,0.0
9887,0.0
9888,0.0
9889,0.0
9890,0.0
9891,0.0
9892,0.0
9893,0.0
9894,0.0
9895,0.0
9896,0.0
9897,0.0
9898,0.0
9899,0.0
9900,0.0
9901,0.0
9902,0.0
9903,0.0
9904,0.0
9905,0.0
9906,0.0
9907,0.0
9908,0.0
9909,0.0
9910,0.0
9911,0.0
9912,0.0
9913,0.0
9914,0.0
9915,0.0
9916,0.0
9917,0.0
9918,0.0
9919,0.0
9920,0.0
9921,0.0
9922,0.0
9923,0.0
9924,0.0
9925,0.0
9926,0.0
9927,0.0
9928,0.0
9929,0.0
9930,0.0
9931,0.0
9932,0.0
9933,0.0
9934,0.0
9935,0.0
9936,0.0
9937,0.0
9938,0.0
9939,0.0
9940,0.0
9941,0.0
9942,0.0
9943,0.0
9944,0.0
9945,0.0
9946,0.0
9947,0.0
9948,0.0
9949,0.0
9950,0.0
9951,0.0
9952,0.0
9953,0.0
9954,0.0
9955,0.0
9956,0.0
9957,0.0
9958,0.0
9959,0.0
9960,0.0
9961,0.0
9962,0.0
9963,0.0
9964,0.0
9965,0.0
9966,0.0
9967,0.0
9968,0.0
9969,0.0
9970,0.0
9971,0.0
9972,0.0
9973,0.0
9974,0.0
9975,0.0
9976,0.0
9977,0.0
9978,0.0
9979,0.0
9980,0.0
9981,0.0
9982,0.0
9983,0.0
9984,0.0
9985,0.0
9986,0.0
9987,0.0
9988,0.0
9989,0.0
9990,0.0
9991,0.0
9992,0.0
9993,1.0
9994,1.0
9995,0.0
9996,0.0
9997,0.0
9998,0.0
9999,0.0
10000,0.0
10001,0.0
10002,0.0
10003,0.0
10004,0.0
10005,0.0
10006,0.0
10007,0.0
10008,0.0
10009,0.0
10010,0.0
10011,0.0
10012,0.0
10013,0.0
10014,0.0
10015,0.0
10016,0.0
10017,0.0
10018,0.0
10019,0.0
10020,0.0
10021,0.0
10022,0.0
10023,1.0
10024,1.0
10025,0.0
10026,0.0
10027,0.0
10028,1.0
10029,1.0
10030,1.0
10031,0.0
10032,0.0
10033,0.0
10034,0.0
10035,0.0
10036,0.0
10037,0.0
10038,0.0
10039,0.0
10040,0.0
10041,0.0
10042,0.0
10043,0.0
10044,0.0
10045,0.0
10046,0.0
10047,0.0
10048,0.0
10049,0.0
10050,0.0
10051,0.0
10052,0.0
10053,0.0
10054,0.0
10055,0.0
10056,0.0
10057,0.0
10058,0.0
10059,1.0
10060,0.0
10061,0.0
10062,0.0
10063,0.0
10064,0.0
10065,0.0
10066,0.0
10067,0.0
10068,0.0
10069,0.0
10070,0.0
10071,0.0
10072,0.0
10073,0.0
10074,0.0
10075,0.0
10076,0.0
10077,1.0
10078,0.0
10079,0.0
10080,1.0
10081,0.0
10082,0.0
10083,0.0
10084,0.0
10085,0.0
10086,0.0
10087,0.0
10088,0.0
10089,0.0
10090,0.0
10091,0.0
10092,0.0
10093,0.0
10094,0.0
10095,0.0
10096,0.0
10097,0.0
10098,0.0
10099,0.0
10100,0.0
10101,0.0
10102,0.0
10103,0.0
10104,0.0
10105,0.0
10106,0.0
10107,0.0
10108,0.0
10109,0.0
10110,0.0
10111,0.0
10112,0.0
10113,0.0
10114,0.0
10115,0.0
10116,0.0
10117,0.0
10118,0.0
10119,0.0
10120,0.0
10121,0.0
10122,0.0
10123,0.0
10124,0.0
10125,0.0
10126,0.0
10127,0.0
10128,0.0
10129,0.0
10130,0.0
10131,0.0
10132,0.0
10133,0.0
10134,0.0
10135,0.0
10136,0.0
10137,0.0
10138,0.0
10139,0.0
10140,0.0
10141,0.0
10142,0.0
10143,0.0
10144,0.0
10145,0.0
10146,0.0
10147,0.0
10148,0.0
10149,0.0
10150,0.0
10151,0.0
10152,0.0
10153,0.0
10154,0.0
10155,0.0
10156,0.0
10157,0.0
10158,0.0
10159,0.0
10160,0.0
10161,0.0
10162,0.0
10163,0.0
10164,0.0
10165,0.0
10166,0.0
10167,0.0
10168,0.0
10169,0.0
10170,0.0
10171,0.0
10172,0.0
10173,0.0
10174,0.0
10175,0.0
10176,0.0
10177,0.0
10178,0.0
10179,0.0
10180,0.0
10181,0.0
10182,0.0
10183,0.0
10184,0.0
10185,0.0
10186,0.0
10187,0.0
10188,0.0
10189,0.0
10190,0.0
10191,0.0
10192,0.0
10193,0.0
10194,0.0
10195,0.0
10196,0.0
10197,0.0
10198,0.0
10199,0.0
10200,0.0
10201,0.0
10202,0.0
10203,0.0
10204,0.0
10205,0.0
10206,0.0
10207,0.0
10208,0.0
10209,0.0
10210,0.0
10211,0.0
10212,0.0
10213,0.0
10214,0.0
10215,0.0
10216,0.0
10217,1.0
10218,0.0
10219,0.0
10220,0.0
10221,0.0
10222,0.0
10223,0.0
10224,0.0
10225,0.0
10226,0.0
10227,0.0
10228,0.0
10229,0.0
10230,0.0
10231,0.0
10232,0.0
10233,0.0
10234,0.0
10235,0.0
10236,0.0
10237,0.0
10238,0.0
10239,0.0
10240,0.0
10241,0.0
10242,0.0
10243,0.0
10244,0.0
10245,0.0
10246,0.0
10247,0.0
10248,1.0
10249,1.0
10250,1.0
10251,1.0
10252,1.0
10253,1.0
10254,1.0
10255,1.0
10256,1.0
10257,1.0
10258,1.0
10259,1.0
10260,1.0
10261,1.0
10262,1.0
10263,1.0
10264,1.0
10265,1.0
10266,1.0
10267,1.0
10268,1.0
10269,1.0
10270,1.0
10271,1.0
10272,0.0
10273,0.0
10274,0.0
10275,0.0
10276,0.0
10277,0.0
10278,0.0
10279,0.0
10280,0.0
10281,0.0
10282,0.0
10283,0.0
10284,0.0
10285,1.0
10286,1.0
10287,1.0
10288,1.0
10289,1.0
10290,1.0
10291,1.0
10292,1.0
10293,1.0
10294,1.0
10295,1.0
10296,1.0
10297,1.0
10298,1.0
10299,0.0
10300,0.0
10301,0.0
10302,0.0
10303,0.0
10304,0.0
10305,0.0
10306,0.0
10307,0.0
10308,0.0
10309,0.0
10310,0.0
10311,1.0
10312,1.0
10313,1.0
10314,1.0
10315,1.0
10316,1.0
10317,1.0
10318,1.0
10319,1.0
10320,1.0
10321,1.0
10322,1.0
10323,1.0
10324,1.0
10325,1.0
10326,1.0
10327,1.0
10328,1.0
10329,1.0
10330,0.0
10331,0.0
10332,0.0
10333,0.0
10334,1.0
10335,1.0
10336,1.0
10337,1.0
10338,1.0
10339,1.0
10340,1.0
10341,1.0
10342,0.0
10343,0.0
10344,0.0
10345,0.0
10346,0.0
10347,0.0
10348,1.0
10349,1.0
10350,1.0
10351,1.0
10352,1.0
10353,1.0
10354,1.0
10355,0.0
10356,1.0
10357,0.0
10358,0.0
10359,1.0
10360,0.0
10361,0.0
10362,0.0
10363,0.0
10364,1.0
10365,0.0
10366,1.0
10367,1.0
10368,1.0
10369,1.0
10370,1.0
10371,1.0
10372,1.0
10373,1.0
10374,1.0
10375,1.0
10376,1.0
10377,1.0
10378,1.0
10379,0.0
10380,0.0
10381,0.0
10382,0.0
10383,0.0
10384,1.0
10385,0.0
10386,0.0
10387,1.0
10388,0.0
10389,0.0
10390,0.0
10391,1.0
10392,0.0
10393,1.0
10394,1.0
10395,1.0
10396,0.0
10397,1.0
10398,1.0
10399,1.0
10400,1.0
10401,1.0
10402,1.0
10403,1.0
10404,1.0
10405,1.0
10406,1.0
10407,1.0
10408,1.0
10409,1.0
10410,1.0
10411,1.0
10412,1.0
10413,1.0
10414,1.0
10415,1.0
10416,1.0
10417,1.0
10418,1.0
10419,1.0
10420,1.0
10421,1.0
10422,1.0
10423,1.0
10424,1.0
10425,1.0
10426,1.0
10427,1.0
10428,1.0
10429,1.0
10430,1.0
10431,1.0
10432,1.0
10433,1.0
10434,1.0
10435,1.0
10436,1.0
10437,1.0
10438,1.0
10439,1.0
10440,1.0
10441,1.0
10442,1.0
10443,1.0
10444,1.0
10445,1.0
10446,1.0
10447,1.0
10448,1.0
10449,1.0
10450,1.0
10451,1.0
10452,1.0
10453,1.0
10454,1.0
10455,1.0
10456,1.0
10457,1.0
10458,1.0
10459,1.0
10460,1.0
10461,1.0
10462,1.0
10463,1.0
10464,1.0
10465,1.0
10466,1.0
10467,1.0
10468,1.0
10469,1.0
10470,1.0
10471,1.0
10472,1.0
10473,1.0
10474,1.0
10475,1.0
10476,1.0
10477,1.0
10478,1.0
10479,1.0
10480,1.0
10481,1.0
10482,1.0
10483,0.0
10484,0.0
10485,1.0
10486,0.0
10487,0.0
10488,0.0
10489,1.0
10490,0.0
10491,0.0
10492,1.0
10493,1.0
10494,1.0
10495,1.0
10496,1.0
10497,0.0
10498,0.0
10499,0.0
10500,1.0
10501,1.0
10502,1.0
10503,1.0
10504,1.0
10505,1.0
10506,1.0
10507,1.0
10508,1.0
10509,1.0
10510,1.0
10511,1.0
10512,1.0
10513,1.0
10514,1.0
10515,1.0
10516,1.0
10517,1.0
10518,1.0
10519,1.0
10520,1.0
10521,1.0
10522,1.0
10523,1.0
10524,1.0
10525,1.0
10526,1.0
10527,1.0
10528,1.0
10529,1.0
10530,1.0
10531,1.0
10532,1.0
10533,1.0
10534,1.0
10535,1.0
10536,1.0
10537,1.0
10538,1.0
10539,1.0
10540,1.0
10541,1.0
10542,1.0
10543,1.0
10544,1.0
10545,1.0
10546,1.0
10547,1.0
10548,1.0
10549,1.0
10550,1.0
10551,1.0
10552,1.0
10553,1.0
10554,1.0
10555,1.0
10556,1.0
10557,1.0
10558,1.0
10559,1.0
10560,1.0
10561,1.0
10562,1.0
10563,1.0
10564,1.0
10565,1.0
10566,1.0
10567,1.0
10568,1.0
10569,1.0
10570,1.0
10571,1.0
10572,1.0
10573,1.0
10574,1.0
10575,1.0
10576,1.0
10577,1.0
10578,1.0
10579,1.0
10580,1.0
10581,1.0
10582,1.0
10583,1.0
10584,0.0
10585,0.0
10586,0.0
10587,0.0
10588,0.0
10589,0.0
10590,0.0
10591,0.0
10592,0.0
10593,0.0
10594,0.0
10595,0.0
10596,0.0
10597,0.0
10598,0.0
10599,1.0
10600,1.0
10601,1.0
10602,1.0
10603,0.0
10604,0.0
10605,0.0
10606,0.0
10607,0.0
10608,0.0
10609,0.0
10610,0.0
10611,0.0
10612,0.0
10613,1.0
10614,1.0
10615,1.0
10616,1.0
10617,1.0
10618,0.0
10619,1.0
10620,0.0
10621,1.0
10622,0.0
10623,0.0
10624,0.0
10625,0.0
10626,1.0
10627,0.0
10628,1.0
10629,1.0
10630,1.0
10631,0.0
10632,0.0
10633,0.0
10634,1.0
10635,1.0
10636,1.0
10637,1.0
10638,1.0
10639,1.0
10640,1.0
10641,0.0
10642,0.0
10643,0.0
10644,0.0
10645,0.0
10646,0.0
10647,0.0
10648,0.0
10649,0.0
10650,0.0
10651,0.0
10652,1.0
10653,0.0
10654,1.0
10655,1.0
10656,1.0
10657,1.0
10658,1.0
10659,0.0
10660,0.0
10661,0.0
10662,0.0
10663,1.0
10664,1.0
10665,1.0
10666,1.0
10667,1.0
10668,0.0
10669,0.0
10670,0.0
10671,0.0
10672,0.0
10673,0.0
10674,0.0
10675,0.0
10676,0.0
10677,0.0
10678,0.0
10679,0.0
10680,0.0
10681,0.0
10682,0.0
10683,0.0
10684,0.0
10685,0.0
10686,0.0
10687,1.0
10688,0.0
10689,0.0
10690,1.0
10691,0.0
10692,0.0
10693,0.0
10694,1.0
10695,0.0
10696,1.0
10697,1.0
10698,1.0
10699,1.0
10700,1.0
10701,0.0
10702,1.0
10703,0.0
10704,0.0
10705,0.0
10706,1.0
10707,1.0
10708,0.0
10709,1.0
10710,1.0
10711,0.0
10712,1.0
10713,1.0
10714,1.0
10715,0.0
10716,1.0
10717,1.0
10718,1.0
10719,1.0
10720,1.0
10721,1.0
10722,1.0
10723,0.0
10724,0.0
10725,0.0
10726,0.0
10727,0.0
10728,0.0
10729,0.0
10730,0.0
10731,0.0
10732,0.0
10733,0.0
10734,0.0
10735,0.0
10736,0.0
10737,0.0
10738,0.0
10739,1.0
10740,1.0
10741,0.0
10742,0.0
10743,0.0
10744,0.0
10745,0.0
10746,0.0
10747,0.0
10748,0.0
10749,0.0
10750,0.0
10751,0.0
10752,0.0
10753,0.0
10754,0.0
10755,0.0
10756,0.0
10757,0.0
10758,0.0
10759,0.0
10760,0.0
10761,1.0
10762,1.0
10763,0.0
10764,0.0
10765,1.0
10766,0.0
10767,0.0
10768,1.0
10769,0.0
10770,0.0
10771,0.0
10772,0.0
10773,1.0
10774,1.0
10775,1.0
10776,1.0
10777,1.0
10778,1.0
10779,1.0
10780,1.0
10781,1.0
10782,1.0
10783,1.0
10784,1.0
10785,1.0
10786,1.0
10787,1.0
10788,1.0
10789,1.0
10790,1.0
10791,1.0
10792,1.0
10793,1.0
10794,1.0
10795,1.0
10796,1.0
10797,1.0
10798,1.0
10799,1.0
10800,1.0
10801,1.0
10802,1.0
10803,1.0
10804,1.0
10805,1.0
10806,1.0
10807,1.0
10808,1.0
10809,1.0
10810,1.0
10811,1.0
10812,1.0
10813,1.0
10814,1.0
10815,1.0
10816,1.0
10817,1.0
10818,1.0
10819,1.0
10820,1.0
10821,1.0
10822,1.0
10823,1.0
10824,1.0
10825,1.0
10826,1.0
10827,1.0
10828,1.0
10829,1.0
10830,1.0
10831,1.0
10832,1.0
10833,1.0
10834,1.0
10835,1.0
10836,1.0
10837,1.0
10838,1.0
10839,1.0
10840,1.0
10841,1.0
10842,1.0
10843,1.0
10844,1.0
10845,1.0
10846,1.0
10847,1.0
10848,1.0
10849,1.0
10850,1.0
10851,1.0
10852,1.0
10853,1.0
10854,1.0
10855,1.0
10856,1.0
10857,1.0
10858,1.0
10859,1.0
10860,1.0
10861,1.0
10862,1.0
10863,1.0
10864,1.0
10865,1.0
10866,1.0
10867,1.0
10868,1.0
10869,1.0
10870,1.0
10871,1.0
10872,1.0
10873,1.0
10874,1.0
10875,1.0
10876,1.0
10877,1.0
10878,1.0
10879,1.0
10880,1.0
10881,1.0
10882,1.0
10883,1.0
10884,1.0
10885,1.0
10886,1.0
10887,1.0
10888,1.0
10889,1.0
10890,1.0
10891,1.0
10892,1.0
10893,1.0
10894,1.0
10895,1.0
10896,1.0
10897,1.0
10898,1.0
10899,1.0
10900,1.0
10901,1.0
10902,1.0
10903,1.0
10904,1.0
10905,1.0
10906,1.0
10907,1.0
10908,1.0
10909,1.0
10910,1.0
10911,1.0
10912,1.0
10913,1.0
10914,1.0
10915,1.0
10916,1.0
10917,1.0
10918,1.0
10919,1.0
10920,1.0
10921,1.0
10922,1.0
10923,1.0
10924,1.0
10925,1.0
10926,1.0
10927,1.0
10928,1.0
10929,1.0
10930,1.0
10931,1.0
10932,1.0
10933,1.0
10934,1.0
10935,1.0
10936,1.0
10937,1.0
10938,1.0
10939,1.0
10940,1.0
10941,1.0
10942,1.0
10943,1.0
10944,1.0
10945,1.0
10946,0.0
10947,0.0
10948,0.0
10949,0.0
10950,0.0
10951,0.0
10952,0.0
10953,0.0
10954,0.0
10955,0.0
10956,0.0
10957,0.0
10958,0.0
10959,0.0
10960,0.0
10961,1.0
10962,1.0
10963,1.0
10964,0.0
10965,1.0
10966,1.0
10967,1.0
10968,1.0
10969,1.0
10970,1.0
10971,1.0
10972,1.0
10973,1.0
10974,0.0
10975,0.0
10976,1.0
10977,1.0
10978,1.0
10979,1.0
10980,1.0
10981,1.0
10982,0.0
10983,1.0
10984,1.0
10985,1.0
10986,1.0
10987,1.0
10988,1.0
10989,1.0
10990,1.0
10991,0.0
10992,0.0
10993,1.0
10994,0.0
10995,0.0
10996,1.0
10997,0.0
10998,1.0
10999,1.0
11000,1.0
11001,0.0
11002,1.0
11003,0.0
11004,0.0
11005,0.0
11006,0.0
11007,0.0
11008,0.0
11009,0.0
11010,1.0
11011,1.0
11012,0.0
11013,1.0
11014,1.0
11015,1.0
11016,1.0
11017,1.0
11018,1.0
11019,0.0
11020,1.0
11021,0.0
11022,1.0
11023,0.0
11024,0.0
11025,0.0
11026,1.0
11027,1.0
11028,1.0
11029,1.0
11030,1.0
11031,0.0
11032,0.0
11033,0.0
11034,0.0
11035,0.0
11036,0.0
11037,0.0
11038,0.0
11039,0.0
11040,0.0
11041,0.0
11042,0.0
11043,0.0
11044,1.0
11045,1.0
11046,1.0
11047,1.0
11048,0.0
11049,1.0
11050,1.0
11051,0.0
11052,1.0
11053,1.0
11054,1.0
11055,0.0
11056,1.0
11057,0.0
11058,1.0
11059,1.0
11060,1.0
11061,1.0
11062,0.0
11063,0.0
11064,0.0
11065,0.0
11066,0.0
11067,0.0
11068,0.0
11069,0.0
11070,0.0
11071,1.0
11072,0.0
11073,0.0
11074,0.0
11075,0.0
11076,1.0
11077,1.0
11078,1.0
11079,1.0
11080,1.0
11081,1.0
11082,0.0
11083,0.0
11084,0.0
11085,0.0
11086,0.0
11087,0.0
11088,0.0
11089,0.0
11090,0.0
11091,0.0
11092,1.0
11093,0.0
11094,1.0
11095,0.0
11096,0.0
11097,1.0
11098,0.0
11099,0.0
11100,1.0
11101,1.0
11102,1.0
11103,0.0
11104,0.0
11105,0.0
11106,0.0
11107,0.0
11108,0.0
11109,0.0
11110,0.0
11111,0.0
11112,1.0
11113,0.0
11114,0.0
11115,1.0
11116,0.0
11117,0.0
11118,1.0
11119,0.0
11120,1.0
11121,1.0
11122,1.0
11123,1.0
11124,1.0
11125,1.0
11126,1.0
11127,0.0
11128,0.0
11129,0.0
11130,0.0
11131,0.0
11132,0.0
11133,0.0
11134,1.0
11135,1.0
11136,1.0
11137,1.0
11138,1.0
11139,1.0
11140,0.0
11141,1.0
11142,1.0
11143,0.0
11144,0.0
11145,1.0
11146,0.0
11147,0.0
11148,0.0
11149,0.0
11150,0.0
11151,0.0
11152,0.0
11153,0.0
11154,0.0
11155,0.0
11156,0.0
11157,1.0
11158,1.0
11159,1.0
11160,1.0
11161,1.0
11162,1.0
11163,1.0
11164,1.0
11165,1.0
11166,1.0
11167,1.0
11168,1.0
11169,1.0
11170,1.0
11171,1.0
11172,1.0
11173,1.0
11174,1.0
11175,1.0
11176,1.0
11177,1.0
11178,1.0
11179,1.0
11180,1.0
11181,0.0
11182,0.0
11183,0.0
11184,0.0
11185,0.0
11186,1.0
11187,1.0
11188,1.0
11189,1.0
11190,1.0
11191,1.0
11192,1.0
11193,1.0
11194,1.0
11195,1.0
11196,1.0
11197,1.0
11198,1.0
11199,1.0
11200,1.0
11201,1.0
11202,0.0
11203,1.0
11204,0.0
11205,1.0
11206,0.0
11207,0.0
11208,0.0
11209,0.0
11210,1.0
11211,0.0
11212,1.0
11213,1.0
11214,1.0
11215,1.0
11216,1.0
11217,1.0
11218,1.0
11219,1.0
11220,1.0
11221,1.0
11222,1.0
11223,1.0
11224,1.0
11225,1.0
11226,1.0
11227,1.0
11228,1.0
11229,1.0
11230,1.0
11231,1.0
11232,1.0
11233,1.0
11234,0.0
11235,0.0
11236,0.0
11237,0.0
11238,0.0
11239,0.0
11240,0.0
11241,0.0
11242,1.0
11243,0.0
11244,0.0
11245,0.0
11246,0.0
11247,0.0
11248,0.0
11249,0.0
11250,0.0
11251,0.0
11252,1.0
11253,0.0
11254,0.0
11255,0.0
11256,0.0
11257,1.0
11258,1.0
11259,1.0
11260,1.0
11261,1.0
11262,1.0
11263,1.0
11264,1.0
11265,1.0
11266,1.0
11267,1.0
11268,1.0
11269,1.0
11270,1.0
11271,1.0
11272,1.0
11273,1.0
11274,1.0
11275,1.0
11276,1.0
11277,0.0
11278,0.0
11279,0.0
11280,0.0
11281,0.0
11282,0.0
11283,0.0
11284,1.0
11285,1.0
11286,1.0
11287,1.0
11288,1.0
11289,1.0
11290,1.0
11291,1.0
11292,1.0
11293,1.0
11294,1.0
11295,1.0
11296,1.0
11297,1.0
11298,1.0
11299,1.0
11300,1.0
11301,1.0
11302,1.0
11303,0.0
11304,0.0
11305,0.0
11306,0.0
11307,0.0
11308,0.0
11309,0.0
11310,1.0
11311,0.0
11312,1.0
11313,1.0
11314,0.0
11315,0.0
11316,0.0
11317,1.0
11318,1.0
11319,1.0
11320,1.0
11321,1.0
11322,1.0
11323,1.0
11324,0.0
11325,1.0
11326,1.0
11327,1.0
11328,1.0
11329,1.0
11330,1.0
11331,1.0
11332,1.0
11333,1.0
11334,1.0
11335,1.0
11336,1.0
11337,1.0
11338,1.0
11339,1.0
11340,1.0
11341,1.0
11342,1.0
11343,1.0
11344,1.0
11345,1.0
11346,1.0
11347,0.0
11348,1.0
11349,0.0
11350,1.0
11351,1.0
11352,1.0
11353,1.0
11354,1.0
11355,1.0
11356,1.0
11357,1.0
11358,1.0
11359,1.0
11360,1.0
11361,1.0
11362,1.0
11363,1.0
11364,1.0
11365,1.0
11366,1.0
11367,1.0
11368,0.0
11369,0.0
11370,1.0
11371,0.0
11372,0.0
11373,0.0
11374,0.0
11375,0.0
11376,0.0
11377,0.0
11378,1.0
11379,0.0
11380,1.0
11381,1.0
11382,0.0
11383,1.0
11384,1.0
11385,1.0
11386,1.0
11387,1.0
11388,0.0
11389,0.0
11390,0.0
11391,0.0
11392,0.0
11393,0.0
11394,1.0
11395,0.0
11396,1.0
11397,1.0
11398,1.0
11399,1.0
11400,1.0
11401,1.0
11402,1.0
11403,1.0
11404,0.0
11405,0.0
11406,1.0
11407,0.0
11408,0.0
11409,1.0
11410,0.0
11411,0.0
11412,0.0
11413,1.0
11414,0.0
11415,0.0
11416,1.0
11417,1.0
11418,1.0
11419,1.0
11420,0.0
11421,0.0
11422,0.0
11423,0.0
11424,0.0
11425,1.0
11426,1.0
11427,1.0
11428,1.0
11429,1.0
11430,1.0
11431,1.0
11432,0.0
11433,0.0
11434,0.0
11435,0.0
11436,0.0
11437,0.0
11438,0.0
11439,0.0
11440,0.0
11441,0.0
11442,0.0
11443,1.0
11444,1.0
11445,1.0
11446,0.0
11447,0.0
11448,0.0
11449,0.0
11450,0.0
11451,0.0
11452,1.0
11453,1.0
11454,1.0
11455,1.0
11456,1.0
11457,0.0
11458,1.0
11459,1.0
11460,1.0
11461,1.0
11462,1.0
11463,1.0
11464,1.0
11465,1.0
11466,1.0
11467,1.0
11468,1.0
11469,1.0
11470,1.0
11471,1.0
11472,0.0
11473,1.0
11474,0.0
11475,1.0
11476,1.0
11477,1.0
11478,0.0
11479,0.0
11480,0.0
11481,0.0
11482,0.0
11483,0.0
11484,0.0
11485,0.0
11486,0.0
11487,0.0
11488,1.0
11489,0.0
11490,0.0
11491,0.0
11492,0.0
11493,0.0
11494,0.0
11495,0.0
11496,0.0
11497,0.0
11498,0.0
11499,1.0
11500,1.0
11501,0.0
11502,1.0
11503,0.0
11504,1.0
11505,0.0
11506,0.0
11507,1.0
11508,1.0
11509,1.0
11510,0.0
11511,0.0
11512,1.0
11513,1.0
11514,1.0
11515,0.0
11516,0.0
11517,1.0
11518,0.0
11519,0.0
11520,0.0
11521,0.0
11522,0.0
11523,0.0
11524,0.0
11525,0.0
11526,0.0
11527,0.0
11528,0.0
11529,0.0
11530,1.0
11531,0.0
11532,1.0
11533,0.0
11534,0.0
11535,0.0
11536,0.0
11537,0.0
11538,0.0
11539,0.0
11540,0.0
11541,1.0
11542,1.0
11543,1.0
11544,1.0
11545,1.0
11546,1.0
11547,1.0
11548,1.0
11549,1.0
11550,1.0
11551,0.0
11552,1.0
11553,0.0
11554,0.0
11555,1.0
11556,0.0
11557,1.0
11558,1.0
11559,1.0
11560,1.0
11561,1.0
11562,0.0
11563,0.0
11564,1.0
11565,0.0
11566,0.0
11567,0.0
11568,0.0
11569,1.0
11570,0.0
11571,0.0
11572,1.0
11573,0.0
11574,1.0
11575,0.0
11576,0.0
11577,0.0
11578,1.0
11579,0.0
11580,0.0
11581,1.0
11582,1.0
11583,1.0
11584,1.0
11585,0.0
11586,0.0
11587,1.0
11588,1.0
11589,1.0
11590,1.0
11591,1.0
11592,1.0
11593,1.0
11594,0.0
11595,0.0
11596,0.0
11597,1.0
11598,1.0
11599,1.0
11600,1.0
11601,0.0
11602,0.0
11603,0.0
11604,1.0
11605,1.0
11606,1.0
11607,1.0
11608,0.0
11609,0.0
11610,0.0
11611,1.0
11612,1.0
11613,1.0
11614,0.0
11615,0.0
11616,0.0
11617,1.0
11618,1.0
11619,1.0
11620,0.0
11621,0.0
11622,0.0
11623,0.0
11624,0.0
11625,0.0
11626,0.0
11627,0.0
11628,0.0
11629,0.0
11630,0.0
11631,0.0
11632,0.0
11633,0.0
11634,0.0
11635,0.0
11636,0.0
11637,0.0
11638,0.0
11639,0.0
11640,1.0
11641,0.0
11642,0.0
11643,0.0
11644,0.0
11645,1.0
11646,0.0
11647,0.0
11648,0.0
11649,0.0
11650,0.0
11651,0.0
11652,0.0
11653,0.0
11654,0.0
11655,0.0
11656,0.0
11657,0.0
11658,0.0
11659,0.0
11660,1.0
11661,1.0
11662,0.0
11663,0.0
11664,0.0
11665,0.0
11666,0.0
11667,1.0
11668,1.0
11669,0.0
11670,0.0
11671,0.0
11672,1.0
11673,1.0
11674,0.0
11675,0.0
11676,0.0
11677,1.0
11678,1.0
11679,0.0
11680,0.0
11681,1.0
11682,1.0
11683,1.0
11684,1.0
11685,1.0
11686,0.0
11687,0.0
11688,0.0
11689,0.0
11690,0.0
11691,0.0
11692,0.0
11693,0.0
11694,1.0
11695,0.0
11696,0.0
11697,0.0
11698,0.0
11699,0.0
11700,0.0
11701,0.0
11702,1.0
11703,1.0
11704,0.0
11705,0.0
11706,0.0
11707,1.0
11708,1.0
11709,1.0
11710,1.0
11711,1.0
11712,0.0
11713,1.0
11714,1.0
11715,1.0
11716,1.0
11717,1.0
11718,0.0
11719,0.0
11720,1.0
11721,0.0
11722,0.0
11723,0.0
11724,0.0
11725,0.0
11726,0.0
11727,0.0
11728,0.0
11729,0.0
11730,0.0
11731,0.0
11732,0.0
11733,0.0
11734,0.0
11735,0.0
11736,0.0
11737,0.0
11738,0.0
11739,0.0
11740,0.0
11741,0.0
11742,0.0
11743,1.0
11744,1.0
11745,0.0
11746,1.0
11747,1.0
11748,1.0
11749,1.0
11750,1.0
11751,0.0
11752,1.0
11753,1.0
11754,1.0
11755,1.0
11756,0.0
11757,0.0
11758,0.0
11759,0.0
11760,0.0
11761,1.0
11762,1.0
11763,1.0
11764,0.0
11765,1.0
11766,1.0
11767,1.0
11768,1.0
11769,0.0
11770,1.0
11771,1.0
11772,1.0
11773,1.0
11774,0.0
11775,1.0
11776,1.0
11777,1.0
11778,1.0
11779,1.0
11780,1.0
11781,1.0
11782,1.0
11783,1.0
11784,1.0
11785,1.0
11786,1.0
11787,1.0
11788,0.0
11789,0.0
11790,1.0
11791,1.0
11792,1.0
11793,1.0
11794,1.0
11795,1.0
11796,1.0
11797,1.0
11798,1.0
11799,1.0
11800,1.0
11801,1.0
11802,1.0
11803,1.0
11804,1.0
11805,1.0
11806,1.0
11807,1.0
11808,1.0
11809,1.0
11810,1.0
11811,1.0
11812,1.0
11813,1.0
11814,1.0
11815,1.0
11816,1.0
11817,1.0
11818,1.0
11819,1.0
11820,1.0
11821,1.0
11822,1.0
11823,1.0
11824,1.0
11825,1.0
11826,1.0
11827,1.0
11828,1.0
11829,1.0
11830,1.0
11831,1.0
11832,1.0
11833,1.0
11834,1.0
11835,1.0
11836,1.0
11837,1.0
11838,1.0
11839,0.0
11840,0.0
11841,0.0
11842,0.0
11843,0.0
11844,0.0
11845,0.0
11846,0.0
11847,0.0
11848,0.0
11849,0.0
11850,0.0
11851,0.0
11852,0.0
11853,0.0
11854,0.0
11855,0.0
11856,0.0
11857,0.0
11858,0.0
11859,0.0
11860,0.0
11861,0.0
11862,0.0
11863,0.0
11864,0.0
11865,0.0
11866,0.0
11867,0.0
11868,0.0
11869,0.0
11870,0.0
11871,0.0
11872,0.0
11873,0.0
11874,0.0
11875,0.0
11876,0.0
11877,0.0
11878,0.0
11879,0.0
11880,0.0
11881,0.0
11882,0.0
11883,0.0
11884,0.0
11885,0.0
11886,0.0
11887,0.0
11888,0.0
11889,0.0
11890,0.0
11891,0.0
11892,0.0
11893,0.0
11894,0.0
11895,0.0
11896,0.0
11897,1.0
11898,1.0
11899,1.0
11900,1.0
11901,1.0
11902,1.0
11903,1.0
11904,1.0
11905,1.0
11906,1.0
11907,1.0
11908,1.0
11909,1.0
11910,1.0
11911,1.0
11912,1.0
11913,1.0
11914,1.0
11915,1.0
11916,1.0
11917,1.0
11918,1.0
11919,1.0
11920,1.0
11921,1.0
11922,1.0
11923,1.0
11924,1.0
11925,1.0
11926,1.0
11927,1.0
11928,1.0
11929,1.0
11930,1.0
11931,1.0
11932,1.0
11933,1.0
11934,1.0
11935,1.0
11936,1.0
11937,1.0
11938,1.0
11939,1.0
11940,1.0
11941,1.0
11942,1.0
11943,1.0
11944,1.0
11945,1.0
11946,1.0
11947,1.0
11948,1.0
11949,1.0
11950,1.0
11951,1.0
11952,1.0
11953,1.0
11954,1.0
11955,1.0
11956,1.0
11957,1.0
11958,1.0
11959,1.0
11960,1.0
11961,1.0
11962,1.0
11963,1.0
11964,1.0
11965,1.0
11966,1.0
11967,1.0
11968,1.0
11969,1.0
11970,1.0
11971,1.0
11972,1.0
11973,1.0
11974,1.0
11975,1.0
11976,1.0
11977,1.0
11978,1.0
11979,1.0
11980,1.0
11981,1.0
11982,1.0
11983,1.0
11984,1.0
11985,1.0
11986,1.0
11987,1.0
11988,1.0
11989,1.0
11990,1.0
11991,1.0
11992,1.0
11993,1.0
11994,1.0
11995,1.0
11996,1.0
11997,1.0
11998,1.0
11999,1.0
12000,1.0
12001,1.0
12002,0.0
12003,0.0
12004,0.0
12005,0.0
12006,0.0
12007,0.0
12008,0.0
12009,0.0
12010,0.0
12011,0.0
12012,0.0
12013,0.0
12014,0.0
12015,0.0
12016,0.0
12017,0.0
12018,0.0
12019,0.0
12020,0.0
12021,0.0
12022,0.0
12023,0.0
12024,0.0
12025,0.0
12026,0.0
12027,0.0
12028,0.0
12029,0.0
12030,0.0
12031,0.0
12032,0.0
12033,0.0
12034,0.0
12035,0.0
12036,0.0
12037,0.0
12038,0.0
12039,0.0
12040,0.0
12041,0.0
12042,0.0
12043,0.0
12044,0.0
12045,0.0
12046,0.0
12047,0.0
12048,0.0
12049,0.0
12050,0.0
12051,0.0
12052,0.0
12053,0.0
12054,0.0
12055,0.0
12056,0.0
12057,0.0
12058,0.0
12059,0.0
12060,0.0
12061,0.0
12062,0.0
12063,0.0
12064,0.0
12065,0.0
12066,0.0
12067,0.0
12068,0.0
12069,0.0
12070,0.0
12071,0.0
12072,0.0
12073,0.0
12074,0.0
12075,0.0
12076,0.0
12077,0.0
12078,0.0
12079,0.0
12080,0.0
12081,0.0
12082,0.0
12083,0.0
12084,0.0
12085,0.0
12086,0.0
12087,0.0
12088,0.0
12089,0.0
12090,0.0
12091,0.0
12092,0.0
12093,0.0
12094,0.0
12095,0.0
12096,0.0
12097,0.0
12098,0.0
12099,0.0
12100,0.0
12101,0.0
12102,0.0
12103,0.0
12104,0.0
12105,0.0
12106,0.0
12107,0.0
12108,0.0
12109,0.0
12110,0.0
12111,0.0
12112,0.0
12113,0.0
12114,0.0
12115,0.0
12116,0.0
12117,0.0
12118,0.0
12119,0.0
12120,0.0
12121,0.0
12122,0.0
12123,0.0
12124,0.0
12125,0.0
12126,0.0
12127,0.0
12128,0.0
12129,0.0
12130,0.0
12131,0.0
12132,0.0
12133,0.0
12134,0.0
12135,0.0
12136,0.0
12137,0.0
12138,0.0
12139,0.0
12140,0.0
12141,0.0
12142,0.0
12143,0.0
12144,0.0
12145,0.0
12146,0.0
12147,0.0
12148,0.0
12149,0.0
12150,0.0
12151,0.0
12152,0.0
12153,0.0
12154,0.0
12155,0.0
12156,0.0
12157,0.0
12158,0.0
12159,0.0
12160,0.0
12161,0.0
12162,0.0
12163,0.0
12164,0.0
12165,0.0
12166,0.0
12167,0.0
12168,0.0
12169,0.0
12170,0.0
12171,0.0
12172,0.0
12173,0.0
12174,0.0
12175,0.0
12176,0.0
12177,0.0
12178,0.0
12179,0.0
12180,0.0
12181,0.0
12182,0.0
12183,0.0
12184,0.0
12185,0.0
12186,0.0
12187,0.0
12188,0.0
12189,0.0
12190,0.0
12191,0.0
12192,0.0
12193,0.0
12194,0.0
12195,0.0
12196,0.0
12197,0.0
12198,0.0
12199,0.0
12200,0.0
12201,0.0
12202,0.0
12203,0.0
12204,0.0
12205,0.0
12206,0.0
12207,0.0
12208,0.0
12209,0.0
12210,0.0
12211,0.0
12212,0.0
12213,0.0
12214,0.0
12215,0.0
12216,0.0
12217,0.0
12218,0.0
12219,0.0
12220,0.0
12221,0.0
12222,0.0
12223,0.0
12224,0.0
12225,0.0
12226,0.0
12227,0.0
12228,0.0
12229,0.0
12230,0.0
12231,0.0
12232,0.0
12233,0.0
12234,0.0
12235,0.0
12236,0.0
12237,0.0
12238,0.0
12239,0.0
12240,0.0
12241,0.0
12242,0.0
12243,0.0
12244,0.0
12245,0.0
12246,0.0
12247,0.0
12248,0.0
12249,0.0
12250,0.0
12251,0.0
12252,0.0
12253,0.0
12254,0.0
12255,0.0
12256,0.0
12257,0.0
12258,0.0
12259,0.0
12260,0.0
12261,0.0
12262,0.0
12263,0.0
12264,0.0
12265,0.0
12266,0.0
12267,0.0
12268,0.0
12269,0.0
12270,0.0
12271,0.0
12272,0.0
12273,0.0
12274,0.0
12275,0.0
12276,0.0
12277,0.0
12278,0.0
12279,0.0
12280,0.0
12281,1.0
12282,0.0
12283,0.0
12284,0.0
12285,0.0
12286,0.0
12287,1.0
12288,1.0
12289,1.0
12290,1.0
12291,1.0
12292,1.0
12293,1.0
12294,1.0
12295,1.0
12296,0.0
12297,1.0
12298,1.0
12299,1.0
12300,1.0
12301,1.0
12302,1.0
12303,1.0
12304,0.0
12305,1.0
12306,1.0
12307,1.0
12308,0.0
12309,0.0
12310,0.0
12311,0.0
12312,0.0
12313,0.0
12314,0.0
12315,0.0
12316,0.0
12317,0.0
12318,0.0
12319,0.0
12320,0.0
12321,0.0
12322,0.0
12323,0.0
12324,0.0
12325,0.0
12326,0.0
12327,0.0
12328,0.0
12329,0.0
12330,1.0
12331,0.0
12332,0.0
12333,0.0
12334,0.0
12335,0.0
12336,1.0
12337,1.0
12338,1.0
12339,0.0
12340,0.0
12341,0.0
12342,0.0
12343,1.0
12344,1.0
12345,0.0
12346,0.0
12347,0.0
12348,0.0
12349,1.0
12350,1.0
12351,0.0
12352,0.0
12353,0.0
12354,0.0
12355,1.0
12356,0.0
12357,0.0
12358,0.0
12359,0.0
12360,0.0
12361,0.0
12362,0.0
12363,0.0
12364,0.0
12365,0.0
12366,0.0
12367,0.0
12368,0.0
12369,0.0
12370,0.0
12371,1.0
12372,0.0
12373,0.0
12374,0.0
12375,0.0
12376,0.0
12377,0.0
12378,0.0
12379,1.0
12380,0.0
12381,0.0
12382,0.0
12383,1.0
12384,0.0
12385,0.0
12386,0.0
12387,1.0
12388,0.0
12389,0.0
12390,0.0
12391,0.0
12392,0.0
12393,0.0
12394,0.0
12395,1.0
12396,1.0
12397,1.0
12398,1.0
12399,0.0
12400,0.0
12401,1.0
12402,1.0
12403,1.0
12404,1.0
12405,1.0
12406,0.0
12407,0.0
12408,1.0
12409,1.0
12410,1.0
12411,0.0
12412,0.0
12413,0.0
12414,1.0
12415,1.0
12416,1.0
12417,0.0
12418,0.0
12419,0.0
12420,1.0
12421,1.0
12422,0.0
12423,0.0
12424,0.0
12425,0.0
12426,1.0
12427,1.0
12428,1.0
12429,1.0
12430,1.0
12431,1.0
12432,1.0
12433,1.0
12434,0.0
12435,0.0
12436,0.0
12437,0.0
12438,0.0
12439,0.0
12440,0.0
12441,1.0
12442,1.0
12443,0.0
12444,0.0
12445,0.0
12446,0.0
12447,0.0
12448,0.0
12449,0.0
12450,1.0
12451,1.0
12452,1.0
12453,1.0
12454,1.0
12455,1.0
12456,0.0
12457,0.0
12458,1.0
12459,1.0
12460,1.0
12461,1.0
12462,1.0
12463,1.0
12464,0.0
12465,0.0
12466,1.0
12467,1.0
12468,1.0
12469,0.0
12470,0.0
12471,1.0
12472,1.0
12473,0.0
12474,0.0
12475,0.0
12476,0.0
12477,1.0
12478,1.0
12479,0.0
12480,0.0
12481,1.0
12482,1.0
12483,0.0
12484,0.0
12485,1.0
12486,1.0
12487,1.0
12488,1.0
12489,1.0
12490,1.0
12491,0.0
12492,0.0
12493,0.0
12494,0.0
12495,0.0
12496,0.0
12497,0.0
12498,0.0
12499,0.0
12500,0.0
12501,0.0
12502,0.0
12503,0.0
12504,0.0
12505,0.0
12506,0.0
12507,0.0
12508,0.0
12509,0.0
12510,0.0
12511,0.0
12512,1.0
12513,0.0
12514,1.0
12515,0.0
12516,1.0
12517,1.0
12518,1.0
12519,1.0
12520,1.0
12521,1.0
12522,1.0
12523,1.0
12524,0.0
12525,1.0
12526,0.0
12527,1.0
12528,1.0
12529,0.0
12530,1.0
12531,1.0
12532,0.0
12533,0.0
12534,1.0
12535,1.0
12536,1.0
12537,1.0
12538,0.0
12539,0.0
12540,0.0
12541,0.0
12542,0.0
12543,0.0
12544,0.0
12545,0.0
12546,0.0
12547,0.0
12548,0.0
12549,1.0
12550,1.0
12551,0.0
12552,0.0
12553,0.0
12554,1.0
12555,1.0
12556,0.0
12557,0.0
12558,1.0
12559,1.0
12560,1.0
12561,0.0
12562,0.0
12563,0.0
12564,0.0
12565,0.0
12566,0.0
12567,0.0
12568,0.0
12569,0.0
12570,0.0
12571,1.0
12572,1.0
12573,1.0
12574,1.0
12575,1.0
12576,1.0
12577,1.0
12578,1.0
12579,1.0
12580,1.0
12581,1.0
12582,1.0
12583,1.0
12584,1.0
12585,1.0
12586,1.0
12587,1.0
12588,1.0
12589,1.0
12590,1.0
12591,1.0
12592,1.0
12593,1.0
12594,1.0
12595,1.0
12596,1.0
12597,1.0
12598,1.0
12599,1.0
12600,1.0
12601,1.0
12602,1.0
12603,1.0
12604,1.0
12605,1.0
12606,1.0
12607,0.0
12608,1.0
12609,0.0
12610,1.0
12611,0.0
12612,0.0
12613,0.0
12614,1.0
12615,0.0
12616,0.0
12617,1.0
12618,0.0
12619,0.0
12620,0.0
12621,0.0
12622,0.0
12623,1.0
12624,1.0
12625,1.0
12626,1.0
12627,0.0
12628,1.0
12629,0.0
12630,0.0
12631,1.0
12632,0.0
12633,0.0
12634,0.0
12635,0.0
12636,0.0
12637,0.0
12638,0.0
12639,1.0
12640,0.0
12641,1.0
12642,1.0
12643,1.0
12644,1.0
12645,1.0
12646,1.0
12647,1.0
12648,1.0
12649,1.0
12650,1.0
12651,1.0
12652,1.0
12653,1.0
12654,0.0
12655,1.0
12656,0.0
12657,1.0
12658,0.0
12659,1.0
12660,1.0
12661,1.0
12662,1.0
12663,0.0
12664,0.0
12665,1.0
12666,1.0
12667,1.0
12668,1.0
12669,1.0
12670,1.0
12671,1.0
12672,1.0
12673,1.0
12674,0.0
12675,1.0
12676,1.0
12677,1.0
12678,1.0
12679,1.0
12680,0.0
12681,0.0
12682,0.0
12683,0.0
12684,1.0
12685,1.0
12686,0.0
12687,0.0
12688,0.0
12689,0.0
12690,1.0
12691,1.0
12692,0.0
12693,0.0
12694,0.0
12695,0.0
12696,0.0
12697,0.0
12698,0.0
12699,0.0
12700,0.0
12701,0.0
12702,0.0
12703,0.0
12704,0.0
12705,0.0
12706,0.0
12707,0.0
12708,1.0
12709,1.0
12710,1.0
12711,1.0
12712,0.0
12713,0.0
12714,0.0
12715,1.0
12716,1.0
12717,1.0
12718,0.0
12719,1.0
12720,1.0
12721,1.0
12722,1.0
12723,1.0
12724,1.0
12725,1.0
12726,1.0
12727,1.0
12728,1.0
12729,1.0
12730,1.0
12731,0.0
12732,0.0
12733,0.0
12734,1.0
12735,1.0
12736,0.0
12737,0.0
12738,0.0
12739,0.0
12740,0.0
12741,0.0
12742,1.0
12743,1.0
12744,0.0
12745,0.0
12746,0.0
12747,0.0
12748,0.0
12749,0.0
12750,0.0
12751,0.0
12752,0.0
12753,0.0
12754,0.0
12755,0.0
12756,0.0
12757,0.0
12758,0.0
12759,0.0
12760,0.0
12761,0.0
12762,0.0
12763,0.0
12764,0.0
12765,0.0
12766,1.0
12767,1.0
12768,1.0
12769,1.0
12770,0.0
12771,1.0
12772,0.0
12773,1.0
12774,1.0
12775,0.0
12776,1.0
12777,1.0
12778,0.0
12779,1.0
12780,1.0
12781,1.0
12782,1.0
12783,1.0
12784,1.0
12785,1.0
12786,1.0
12787,1.0
12788,1.0
12789,1.0
12790,1.0
12791,0.0
12792,1.0
12793,1.0
12794,0.0
12795,0.0
12796,0.0
12797,0.0
12798,0.0
12799,0.0
12800,0.0
12801,0.0
12802,0.0
12803,0.0
12804,0.0
12805,1.0
12806,1.0
12807,1.0
12808,0.0
12809,0.0
12810,0.0
12811,0.0
12812,1.0
12813,1.0
12814,0.0
12815,0.0
12816,0.0
12817,0.0
12818,0.0
12819,0.0
12820,1.0
12821,0.0
12822,1.0
12823,1.0
12824,1.0
12825,1.0
12826,0.0
12827,1.0
12828,0.0
12829,1.0
12830,1.0
12831,1.0
12832,0.0
12833,1.0
12834,1.0
12835,1.0
12836,1.0
12837,1.0
12838,0.0
12839,0.0
12840,0.0
12841,0.0
12842,0.0
12843,0.0
12844,1.0
12845,1.0
12846,1.0
12847,1.0
12848,1.0
12849,0.0
12850,1.0
12851,1.0
12852,0.0
12853,0.0
12854,0.0
12855,0.0
12856,0.0
12857,1.0
12858,1.0
12859,0.0
12860,0.0
12861,0.0
12862,0.0
12863,0.0
12864,0.0
12865,0.0
12866,0.0
12867,0.0
12868,0.0
12869,0.0
12870,0.0
12871,0.0
12872,0.0
12873,0.0
12874,0.0
12875,0.0
12876,0.0
12877,0.0
12878,0.0
12879,0.0
12880,0.0
12881,0.0
12882,0.0
12883,0.0
12884,0.0
12885,0.0
12886,0.0
12887,0.0
12888,0.0
12889,0.0
12890,0.0
12891,0.0
12892,0.0
12893,0.0
12894,0.0
12895,0.0
12896,0.0
12897,0.0
12898,0.0
12899,0.0
12900,0.0
12901,0.0
12902,0.0
12903,0.0
12904,0.0
12905,0.0
12906,0.0
12907,0.0
12908,0.0
12909,0.0
12910,0.0
12911,0.0
12912,0.0
12913,0.0
12914,0.0
12915,0.0
12916,0.0
12917,0.0
12918,0.0
12919,0.0
12920,0.0
12921,0.0
12922,0.0
12923,0.0
12924,0.0
12925,0.0
12926,0.0
12927,0.0
12928,0.0
12929,0.0
12930,0.0
12931,0.0
12932,0.0
12933,0.0
12934,0.0
12935,0.0
12936,0.0
12937,0.0
12938,0.0
12939,0.0
12940,0.0
12941,0.0
12942,0.0
12943,0.0
12944,0.0
12945,0.0
12946,0.0
12947,0.0
12948,0.0
12949,0.0
12950,0.0
12951,0.0
12952,1.0
12953,1.0
12954,1.0
12955,1.0
12956,1.0
12957,1.0
12958,1.0
12959,1.0
12960,1.0
12961,1.0
12962,1.0
12963,1.0
12964,1.0
12965,1.0
12966,1.0
12967,1.0
12968,1.0
12969,1.0
12970,1.0
12971,1.0
12972,1.0
12973,1.0
12974,1.0
12975,1.0
12976,1.0
12977,1.0
12978,1.0
12979,1.0
12980,1.0
12981,1.0
12982,1.0
12983,1.0
12984,1.0
12985,1.0
12986,1.0
12987,1.0
12988,1.0
12989,1.0
12990,1.0
12991,1.0
12992,1.0
12993,1.0
12994,1.0
12995,1.0
12996,1.0
12997,1.0
12998,1.0
12999,1.0
13000,1.0
13001,0.0
13002,0.0
13003,0.0
13004,0.0
13005,0.0
13006,1.0
13007,1.0
13008,1.0
13009,1.0
13010,1.0
13011,1.0
13012,1.0
13013,1.0
13014,1.0
13015,1.0
13016,1.0
13017,1.0
13018,0.0
13019,0.0
13020,0.0
13021,0.0
13022,0.0
13023,0.0
13024,0.0
13025,0.0
13026,0.0
13027,0.0
13028,0.0
13029,0.0
13030,0.0
13031,0.0
13032,0.0
13033,0.0
13034,0.0
13035,0.0
13036,0.0
13037,0.0
13038,0.0
13039,0.0
13040,0.0
13041,0.0
13042,0.0
13043,0.0
13044,0.0
13045,0.0
13046,0.0
13047,0.0
13048,0.0
13049,0.0
13050,0.0
13051,0.0
13052,0.0
13053,0.0
13054,0.0
13055,0.0
13056,0.0
13057,0.0
13058,0.0
13059,0.0
13060,0.0
13061,0.0
13062,0.0
13063,0.0
13064,0.0
13065,0.0
13066,0.0
13067,0.0
13068,0.0
13069,0.0
13070,0.0
13071,0.0
13072,0.0
13073,0.0
13074,0.0
13075,1.0
13076,1.0
13077,1.0
13078,1.0
13079,1.0
13080,0.0
13081,0.0
13082,1.0
13083,1.0
13084,1.0
13085,1.0
13086,0.0
13087,0.0
13088,0.0
13089,0.0
13090,0.0
13091,0.0
13092,0.0
13093,0.0
13094,0.0
13095,0.0
13096,0.0
13097,0.0
13098,0.0
13099,0.0
13100,0.0
13101,0.0
13102,0.0
13103,0.0
13104,0.0
13105,0.0
13106,0.0
13107,0.0
13108,0.0
13109,0.0
13110,0.0
13111,0.0
13112,0.0
13113,0.0
13114,0.0
13115,0.0
13116,0.0
13117,0.0
13118,0.0
13119,0.0
13120,0.0
13121,0.0
13122,0.0
13123,0.0
13124,0.0
13125,1.0
13126,0.0
13127,0.0
13128,0.0
13129,0.0
13130,0.0
13131,1.0
13132,0.0
13133,1.0
13134,0.0
13135,0.0
13136,0.0
13137,1.0
13138,0.0
13139,0.0
13140,0.0
13141,0.0
13142,0.0
13143,1.0
13144,0.0
13145,0.0
13146,0.0
13147,0.0
13148,0.0
13149,1.0
13150,0.0
13151,0.0
13152,0.0
13153,0.0
13154,1.0
13155,1.0
13156,1.0
13157,0.0
13158,1.0
13159,1.0
13160,1.0
13161,1.0
13162,1.0
13163,1.0
13164,1.0
13165,0.0
13166,0.0
13167,0.0
13168,0.0
13169,0.0
13170,0.0
13171,0.0
13172,0.0
13173,0.0
13174,0.0
13175,0.0
13176,0.0
13177,0.0
13178,0.0
13179,0.0
13180,0.0
13181,0.0
13182,0.0
13183,0.0
13184,0.0
13185,0.0
13186,0.0
13187,0.0
13188,0.0
13189,0.0
13190,0.0
13191,0.0
13192,0.0
13193,0.0
13194,0.0
13195,0.0
13196,0.0
13197,0.0
13198,0.0
13199,0.0
13200,0.0
13201,0.0
13202,0.0
13203,0.0
13204,0.0
13205,0.0
13206,0.0
13207,0.0
13208,0.0
13209,0.0
13210,0.0
13211,0.0
13212,0.0
13213,0.0
13214,0.0
13215,0.0
13216,0.0
13217,0.0
13218,0.0
13219,0.0
13220,0.0
13221,0.0
13222,0.0
13223,0.0
13224,0.0
13225,0.0
13226,0.0
13227,0.0
13228,0.0
13229,0.0
13230,0.0
13231,0.0
13232,0.0
13233,0.0
13234,0.0
13235,0.0
13236,0.0
13237,0.0
13238,0.0
13239,1.0
13240,1.0
13241,1.0
13242,1.0
13243,1.0
13244,1.0
13245,1.0
13246,1.0
13247,1.0
13248,1.0
13249,1.0
13250,1.0
13251,1.0
13252,1.0
13253,1.0
13254,1.0
13255,1.0
13256,1.0
13257,1.0
13258,1.0
13259,1.0
13260,1.0
13261,1.0
13262,0.0
13263,0.0
13264,1.0
13265,1.0
13266,1.0
13267,1.0
13268,0.0
13269,0.0
13270,1.0
13271,1.0
13272,1.0
13273,1.0
13274,0.0
13275,0.0
13276,1.0
13277,1.0
13278,1.0
13279,1.0
13280,0.0
13281,0.0
13282,1.0
13283,1.0
13284,1.0
13285,1.0
13286,1.0
13287,1.0
13288,1.0
13289,1.0
13290,1.0
13291,1.0
13292,1.0
13293,1.0
13294,1.0
13295,1.0
13296,1.0
13297,1.0
13298,0.0
13299,0.0
13300,0.0
13301,0.0
13302,0.0
13303,0.0
13304,0.0
13305,0.0
13306,1.0
13307,1.0
13308,1.0
13309,1.0
13310,1.0
13311,1.0
13312,1.0
13313,1.0
13314,0.0
13315,0.0
13316,0.0
13317,0.0
13318,1.0
13319,0.0
13320,0.0
13321,0.0
13322,1.0
13323,1.0
13324,1.0
13325,0.0
13326,0.0
13327,0.0
13328,1.0
13329,1.0
13330,0.0
13331,0.0
13332,0.0
13333,0.0
13334,0.0
13335,0.0
13336,0.0
13337,0.0
13338,0.0
13339,0.0
13340,1.0
13341,0.0
13342,0.0
13343,0.0
13344,0.0
13345,0.0
13346,0.0
13347,1.0
13348,1.0
13349,0.0
13350,1.0
13351,1.0
13352,0.0
13353,1.0
13354,0.0
13355,1.0
13356,0.0
13357,0.0
13358,1.0
13359,1.0
13360,0.0
13361,0.0
13362,0.0
13363,0.0
13364,0.0
13365,1.0
13366,1.0
13367,1.0
13368,0.0
13369,1.0
13370,0.0
13371,0.0
13372,0.0
13373,1.0
13374,1.0
13375,1.0
13376,1.0
13377,0.0
13378,1.0
13379,0.0
13380,0.0
13381,0.0
13382,1.0
13383,1.0
13384,0.0
13385,0.0
13386,0.0
13387,0.0
13388,1.0
13389,0.0
13390,0.0
13391,0.0
13392,0.0
13393,0.0
13394,0.0
13395,0.0
13396,0.0
13397,0.0
13398,0.0
13399,0.0
13400,0.0
13401,0.0
13402,1.0
13403,0.0
13404,0.0
13405,0.0
13406,1.0
13407,0.0
13408,0.0
13409,0.0
13410,0.0
13411,0.0
13412,0.0
13413,1.0
13414,1.0
13415,1.0
13416,0.0
13417,0.0
13418,0.0
13419,0.0
13420,0.0
13421,0.0
13422,0.0
13423,0.0
13424,0.0
13425,0.0
13426,0.0
13427,0.0
13428,0.0
13429,0.0
13430,0.0
13431,0.0
13432,0.0
13433,0.0
13434,0.0
13435,0.0
13436,0.0
13437,0.0
13438,0.0
13439,0.0
13440,0.0
13441,0.0
13442,0.0
13443,0.0
13444,0.0
13445,0.0
13446,0.0
13447,0.0
13448,0.0
13449,0.0
13450,0.0
13451,0.0
13452,1.0
13453,1.0
13454,0.0
13455,0.0
13456,0.0
13457,0.0
13458,0.0
13459,0.0
13460,0.0
13461,0.0
13462,0.0
13463,1.0
13464,1.0
13465,0.0
13466,0.0
13467,1.0
13468,1.0
13469,1.0
13470,1.0
13471,1.0
13472,0.0
13473,0.0
13474,1.0
13475,1.0
13476,1.0
13477,0.0
13478,0.0
13479,0.0
13480,0.0
13481,1.0
13482,0.0
13483,0.0
13484,0.0
13485,0.0
13486,0.0
13487,1.0
13488,0.0
13489,0.0
13490,1.0
13491,1.0
13492,1.0
13493,0.0
13494,0.0
13495,1.0
13496,1.0
13497,1.0
13498,1.0
13499,1.0
13500,1.0
13501,1.0
13502,1.0
13503,1.0
13504,1.0
13505,1.0
13506,1.0
13507,1.0
13508,0.0
13509,1.0
13510,0.0
13511,0.0
13512,1.0
13513,0.0
13514,0.0
13515,0.0
13516,0.0
13517,0.0
13518,0.0
13519,0.0
13520,0.0
13521,0.0
13522,1.0
13523,0.0
13524,0.0
13525,0.0
13526,0.0
13527,0.0
13528,0.0
13529,0.0
13530,0.0
13531,0.0
13532,0.0
13533,0.0
13534,0.0
13535,0.0
13536,0.0
13537,0.0
13538,0.0
13539,0.0
13540,0.0
13541,0.0
13542,0.0
13543,0.0
13544,0.0
13545,0.0
13546,0.0
13547,0.0
13548,0.0
13549,0.0
13550,0.0
13551,0.0
13552,0.0
13553,0.0
13554,0.0
13555,0.0
13556,0.0
13557,0.0
13558,0.0
13559,0.0
13560,1.0
13561,0.0
13562,1.0
13563,1.0
13564,1.0
13565,0.0
13566,0.0
13567,1.0
13568,1.0
13569,0.0
13570,0.0
13571,0.0
13572,0.0
13573,1.0
13574,1.0
13575,0.0
13576,0.0
13577,1.0
13578,0.0
13579,1.0
13580,1.0
13581,0.0
13582,0.0
13583,1.0
13584,0.0
13585,1.0
13586,0.0
13587,0.0
13588,0.0
13589,0.0
13590,0.0
13591,0.0
13592,0.0
13593,0.0
13594,0.0
13595,0.0
13596,0.0
13597,0.0
13598,0.0
13599,0.0
13600,1.0
13601,0.0
13602,1.0
13603,1.0
13604,1.0
13605,0.0
13606,1.0
13607,1.0
13608,0.0
13609,1.0
13610,1.0
13611,0.0
13612,0.0
13613,0.0
13614,0.0
13615,0.0
13616,0.0
13617,0.0
13618,0.0
13619,0.0
13620,0.0
13621,0.0
13622,0.0
13623,0.0
13624,0.0
13625,0.0
13626,0.0
13627,0.0
13628,0.0
13629,0.0
13630,0.0
13631,0.0
13632,0.0
13633,0.0
13634,0.0
13635,0.0
13636,0.0
13637,0.0
13638,0.0
13639,0.0
13640,0.0
13641,0.0
13642,0.0
13643,0.0
13644,0.0
13645,0.0
13646,0.0
13647,0.0
13648,0.0
13649,0.0
13650,0.0
13651,0.0
13652,0.0
13653,0.0
13654,0.0
13655,0.0
13656,0.0
13657,0.0
13658,0.0
13659,1.0
13660,0.0
13661,0.0
13662,1.0
13663,0.0
13664,0.0
13665,0.0
13666,0.0
13667,0.0
13668,0.0
13669,0.0
13670,0.0
13671,0.0
13672,0.0
13673,0.0
13674,0.0
13675,1.0
13676,0.0
13677,0.0
13678,0.0
13679,0.0
13680,0.0
13681,1.0
13682,1.0
13683,1.0
13684,0.0
13685,0.0
13686,1.0
13687,1.0
13688,1.0
13689,0.0
13690,0.0
13691,1.0
13692,0.0
13693,0.0
13694,0.0
13695,0.0
13696,0.0
13697,0.0
13698,0.0
13699,0.0
13700,0.0
13701,0.0
13702,0.0
13703,0.0
13704,0.0
13705,0.0
13706,0.0
13707,0.0
13708,1.0
13709,0.0
13710,0.0
13711,0.0
13712,0.0
13713,0.0
13714,0.0
13715,0.0
13716,0.0
13717,0.0
13718,0.0
13719,0.0
13720,0.0
13721,0.0
13722,0.0
13723,0.0
13724,0.0
13725,0.0
13726,0.0
13727,0.0
13728,0.0
13729,0.0
13730,0.0
13731,0.0
13732,0.0
13733,0.0
13734,0.0
13735,0.0
13736,0.0
13737,0.0
13738,0.0
13739,0.0
13740,0.0
13741,0.0
13742,0.0
13743,0.0
13744,0.0
13745,0.0
13746,0.0
13747,0.0
13748,0.0
13749,0.0
13750,0.0
13751,0.0
13752,0.0
13753,0.0
13754,0.0
13755,0.0
13756,0.0
13757,0.0
13758,0.0
13759,0.0
13760,0.0
13761,1.0
13762,1.0
13763,0.0
13764,0.0
13765,0.0
13766,0.0
13767,0.0
13768,0.0
13769,0.0
13770,0.0
13771,0.0
13772,0.0
13773,0.0
13774,0.0
13775,0.0
13776,0.0
13777,0.0
13778,0.0
13779,0.0
13780,0.0
13781,0.0
13782,0.0
13783,0.0
13784,0.0
13785,0.0
13786,0.0
13787,1.0
13788,0.0
13789,0.0
13790,0.0
13791,0.0
13792,1.0
13793,0.0
13794,0.0
13795,0.0
13796,1.0
13797,1.0
13798,1.0
13799,0.0
13800,1.0
13801,1.0
13802,1.0
13803,1.0
13804,0.0
13805,1.0
13806,1.0
13807,0.0
13808,1.0
13809,0.0
13810,1.0
13811,1.0
13812,1.0
13813,1.0
13814,1.0
13815,0.0
13816,0.0
13817,0.0
13818,0.0
13819,0.0
13820,0.0
13821,0.0
13822,0.0
13823,0.0
13824,0.0
13825,0.0
13826,0.0
13827,0.0
13828,0.0
13829,0.0
13830,0.0
13831,0.0
13832,0.0
13833,0.0
13834,0.0
13835,0.0
13836,0.0
13837,0.0
13838,0.0
13839,0.0
13840,0.0
13841,0.0
13842,0.0
13843,0.0
13844,0.0
13845,0.0
13846,0.0
13847,0.0
13848,0.0
13849,0.0
13850,0.0
13851,0.0
13852,0.0
13853,0.0
13854,0.0
13855,0.0
13856,0.0
13857,0.0
13858,0.0
13859,0.0
13860,0.0
13861,0.0
13862,1.0
13863,1.0
13864,1.0
13865,0.0
13866,0.0
13867,0.0
13868,0.0
13869,0.0
13870,0.0
13871,0.0
13872,0.0
13873,0.0
13874,0.0
13875,0.0
13876,0.0
13877,0.0
13878,0.0
13879,0.0
13880,0.0
13881,0.0
13882,1.0
13883,0.0
13884,1.0
13885,1.0
13886,1.0
13887,1.0
13888,1.0
13889,1.0
13890,1.0
13891,1.0
13892,0.0
13893,0.0
13894,0.0
13895,0.0
13896,0.0
13897,0.0
13898,0.0
13899,1.0
13900,1.0
13901,1.0
13902,1.0
13903,0.0
13904,1.0
13905,1.0
13906,1.0
13907,1.0
13908,1.0
13909,1.0
13910,1.0
13911,1.0
13912,1.0
13913,1.0
13914,1.0
13915,1.0
13916,0.0
13917,1.0
13918,0.0
13919,0.0
13920,0.0
13921,0.0
13922,0.0
13923,0.0
13924,0.0
13925,0.0
13926,0.0
13927,0.0
13928,0.0
13929,0.0
13930,0.0
13931,0.0
13932,0.0
13933,0.0
13934,0.0
13935,0.0
13936,0.0
13937,0.0
13938,0.0
13939,0.0
13940,0.0
13941,0.0
13942,0.0
13943,1.0
13944,1.0
13945,1.0
13946,1.0
13947,0.0
13948,1.0
13949,1.0
13950,1.0
13951,1.0
13952,0.0
13953,1.0
13954,1.0
13955,1.0
13956,0.0
13957,0.0
13958,0.0
13959,0.0
13960,0.0
13961,0.0
13962,1.0
13963,0.0
13964,0.0
13965,1.0
13966,0.0
13967,0.0
13968,0.0
13969,0.0
13970,0.0
13971,1.0
13972,1.0
13973,0.0
13974,1.0
13975,1.0
13976,0.0
13977,0.0
13978,1.0
13979,1.0
13980,0.0
13981,1.0
13982,1.0
13983,0.0
13984,0.0
13985,1.0
13986,0.0
13987,0.0
13988,1.0
13989,0.0
13990,0.0
13991,0.0
13992,0.0
13993,0.0
13994,0.0
13995,0.0
13996,0.0
13997,0.0
13998,0.0
13999,0.0
14000,1.0
14001,1.0
14002,0.0
14003,0.0
14004,1.0
14005,1.0
14006,1.0
14007,1.0
14008,1.0
14009,1.0
14010,1.0
14011,0.0
14012,0.0
14013,0.0
14014,0.0
14015,0.0
14016,0.0
14017,0.0
14018,0.0
14019,0.0
14020,0.0
14021,0.0
14022,0.0
14023,0.0
14024,0.0
14025,0.0
14026,0.0
14027,0.0
14028,0.0
14029,0.0
14030,0.0
14031,0.0
14032,0.0
14033,0.0
14034,0.0
14035,0.0
14036,0.0
14037,0.0
14038,0.0
14039,0.0
14040,0.0
14041,0.0
14042,0.0
14043,0.0
14044,0.0
14045,0.0
14046,0.0
14047,0.0
14048,0.0
14049,0.0
14050,0.0
14051,0.0
14052,0.0
14053,0.0
14054,0.0
14055,0.0
14056,0.0
14057,0.0
14058,0.0
14059,0.0
14060,0.0
14061,0.0
14062,0.0
14063,0.0
14064,0.0
14065,0.0
14066,0.0
14067,0.0
14068,0.0
14069,0.0
14070,0.0
14071,0.0
14072,0.0
14073,0.0
14074,0.0
14075,0.0
14076,0.0
14077,0.0
14078,0.0
14079,0.0
14080,0.0
14081,0.0
14082,0.0
14083,0.0
14084,0.0
14085,0.0
14086,0.0
14087,0.0
14088,0.0
14089,0.0
14090,0.0
14091,0.0
14092,0.0
14093,0.0
14094,0.0
14095,0.0
14096,0.0
14097,0.0
14098,0.0
14099,0.0
14100,0.0
14101,0.0
14102,0.0
14103,0.0
14104,0.0
14105,0.0
14106,0.0
14107,0.0
14108,0.0
14109,0.0
14110,0.0
14111,0.0
14112,0.0
14113,0.0
14114,0.0
14115,0.0
14116,0.0
14117,0.0
14118,0.0
14119,0.0
14120,0.0
14121,0.0
14122,0.0
14123,0.0
14124,0.0
14125,0.0
14126,0.0
14127,0.0
14128,0.0
14129,0.0
14130,0.0
14131,0.0
14132,0.0
14133,0.0
14134,0.0
14135,0.0
14136,0.0
14137,0.0
14138,0.0
14139,0.0
14140,0.0
14141,0.0
14142,0.0
14143,0.0
14144,0.0
14145,0.0
14146,0.0
14147,0.0
14148,0.0
14149,0.0
14150,0.0
14151,0.0
14152,0.0
14153,0.0
14154,0.0
14155,0.0
14156,0.0
14157,0.0
14158,0.0
14159,0.0
14160,0.0
14161,1.0
14162,1.0
14163,1.0
14164,1.0
14165,1.0
14166,1.0
14167,1.0
14168,0.0
14169,0.0
14170,0.0
14171,0.0
14172,0.0
14173,0.0
14174,0.0
14175,0.0
14176,0.0
14177,0.0
14178,0.0
14179,0.0
14180,0.0
14181,0.0
14182,0.0
14183,0.0
14184,0.0
14185,0.0
14186,0.0
14187,0.0
14188,0.0
14189,0.0
14190,0.0
14191,0.0
14192,0.0
14193,0.0
14194,0.0
14195,0.0
14196,0.0
14197,0.0
14198,0.0
14199,0.0
14200,0.0
14201,0.0
14202,0.0
14203,0.0
14204,0.0
14205,0.0
14206,0.0
14207,0.0
14208,0.0
14209,0.0
14210,0.0
14211,0.0
14212,0.0
14213,0.0
14214,0.0
14215,0.0
14216,0.0
14217,0.0
14218,0.0
14219,0.0
14220,0.0
14221,0.0
14222,0.0
14223,0.0
14224,0.0
14225,0.0
14226,0.0
14227,0.0
14228,0.0
14229,0.0
14230,0.0
14231,0.0
14232,0.0
14233,0.0
14234,0.0
14235,0.0
14236,0.0
14237,0.0
14238,0.0
14239,0.0
14240,0.0
14241,0.0
14242,0.0
14243,0.0
14244,0.0
14245,0.0
14246,0.0
14247,0.0
14248,0.0
14249,0.0
14250,0.0
14251,0.0
14252,0.0
14253,0.0
14254,0.0
14255,0.0
14256,0.0
14257,0.0
14258,0.0
14259,0.0
14260,0.0
14261,0.0
14262,0.0
14263,0.0
14264,0.0
14265,0.0
14266,0.0
14267,0.0
14268,0.0
14269,0.0
14270,0.0
14271,0.0
14272,0.0
14273,0.0
14274,0.0
14275,0.0
14276,0.0
14277,0.0
14278,0.0
14279,0.0
14280,0.0
14281,0.0
14282,0.0
14283,0.0
14284,0.0
14285,0.0
14286,0.0
14287,0.0
14288,0.0
14289,0.0
14290,0.0
14291,0.0
14292,0.0
14293,0.0
14294,0.0
14295,0.0
14296,0.0
14297,0.0
14298,0.0
14299,0.0
14300,0.0
14301,0.0
14302,0.0
14303,0.0
14304,0.0
14305,0.0
14306,0.0
14307,0.0
14308,0.0
14309,0.0
14310,0.0
14311,0.0
14312,0.0
14313,0.0
14314,0.0
14315,0.0
14316,0.0
14317,0.0
14318,0.0
14319,0.0
14320,0.0
14321,0.0
14322,0.0
14323,0.0
14324,0.0
14325,0.0
14326,1.0
14327,1.0
14328,1.0
14329,1.0
14330,1.0
14331,1.0
14332,1.0
14333,1.0
14334,1.0
14335,1.0
14336,1.0
14337,1.0
14338,1.0
14339,1.0
14340,1.0
14341,1.0
14342,1.0
14343,1.0
14344,1.0
14345,1.0
14346,1.0
14347,1.0
14348,1.0
14349,1.0
14350,1.0
14351,1.0
14352,1.0
14353,1.0
14354,1.0
14355,1.0
14356,1.0
14357,1.0
14358,1.0
14359,1.0
14360,1.0
14361,1.0
14362,1.0
14363,1.0
14364,1.0
14365,1.0
14366,1.0
14367,1.0
14368,1.0
14369,1.0
14370,1.0
14371,1.0
14372,1.0
14373,1.0
14374,1.0
14375,1.0
14376,1.0
14377,1.0
14378,1.0
14379,1.0
14380,1.0
14381,1.0
14382,1.0
14383,1.0
14384,1.0
14385,1.0
14386,1.0
14387,1.0
14388,1.0
14389,1.0
14390,1.0
14391,1.0
14392,1.0
14393,1.0
14394,1.0
14395,1.0
14396,1.0
14397,1.0
14398,1.0
14399,1.0
14400,1.0
14401,1.0
14402,1.0
14403,1.0
14404,1.0
14405,1.0
14406,1.0
14407,1.0
14408,1.0
14409,1.0
14410,1.0
14411,1.0
14412,1.0
14413,1.0
14414,1.0
14415,1.0
14416,1.0
14417,1.0
14418,1.0
14419,1.0
14420,1.0
14421,1.0
14422,1.0
14423,1.0
14424,1.0
14425,1.0
14426,1.0
14427,1.0
14428,1.0
14429,1.0
14430,1.0
14431,1.0
14432,1.0
14433,1.0
14434,1.0
14435,1.0
14436,1.0
14437,1.0
14438,1.0
14439,1.0
14440,1.0
14441,1.0
14442,1.0
14443,1.0
14444,1.0
14445,1.0
14446,1.0
14447,1.0
14448,1.0
14449,1.0
14450,1.0
14451,1.0
14452,1.0
14453,1.0
14454,1.0
14455,1.0
14456,1.0
14457,1.0
14458,1.0
14459,1.0
14460,1.0
14461,1.0
14462,1.0
14463,1.0
14464,1.0
14465,1.0
14466,1.0
14467,1.0
14468,1.0
14469,1.0
14470,1.0
14471,1.0
14472,1.0
14473,1.0
14474,1.0
14475,1.0
14476,1.0
14477,1.0
14478,1.0
14479,1.0
14480,1.0
14481,1.0
14482,1.0
14483,1.0
14484,1.0
14485,1.0
14486,1.0
14487,1.0
14488,1.0
14489,1.0
14490,1.0
14491,1.0
14492,1.0
14493,1.0
14494,1.0
14495,1.0
14496,1.0
14497,1.0
14498,1.0
14499,1.0
14500,1.0
14501,1.0
14502,1.0
14503,1.0
14504,1.0
14505,1.0
14506,1.0
14507,1.0
14508,1.0
14509,1.0
14510,1.0
14511,1.0
14512,1.0
14513,1.0
14514,1.0
14515,1.0
14516,1.0
14517,1.0
14518,1.0
14519,1.0
14520,1.0
14521,1.0
14522,1.0
14523,1.0
14524,1.0
14525,1.0
14526,1.0
14527,1.0
14528,1.0
14529,1.0
14530,1.0
14531,1.0
14532,1.0
14533,1.0
14534,1.0
14535,1.0
14536,1.0
14537,1.0
14538,1.0
14539,1.0
14540,1.0
14541,1.0
14542,1.0
14543,1.0
14544,1.0
14545,1.0
14546,1.0
14547,1.0
14548,1.0
14549,1.0
14550,1.0
14551,1.0
14552,1.0
14553,1.0
14554,1.0
14555,1.0
14556,1.0
14557,1.0
14558,1.0
14559,1.0
14560,1.0
14561,1.0
14562,1.0
14563,1.0
14564,1.0
14565,1.0
14566,1.0
14567,1.0
14568,1.0
14569,1.0
14570,1.0
14571,1.0
14572,1.0
14573,1.0
14574,1.0
14575,1.0
14576,1.0
14577,1.0
14578,1.0
14579,1.0
14580,1.0
14581,1.0
14582,1.0
14583,1.0
14584,1.0
14585,1.0
14586,1.0
14587,1.0
14588,1.0
14589,1.0
14590,1.0
14591,1.0
14592,1.0
14593,1.0
14594,1.0
14595,1.0
14596,1.0
14597,1.0
14598,1.0
14599,1.0
14600,1.0
14601,1.0
14602,1.0
14603,1.0
14604,1.0
14605,1.0
14606,1.0
14607,1.0
14608,1.0
14609,1.0
14610,1.0
14611,1.0
14612,1.0
14613,1.0
14614,1.0
14615,1.0
14616,1.0
14617,1.0
14618,1.0
14619,1.0
14620,1.0
14621,1.0
14622,1.0
14623,1.0
14624,1.0
14625,1.0
14626,1.0
14627,1.0
14628,1.0
14629,1.0
14630,1.0
14631,1.0
14632,1.0
14633,1.0
14634,1.0
14635,1.0
14636,1.0
14637,1.0
14638,1.0
14639,1.0
14640,1.0
14641,1.0
14642,1.0
14643,1.0
14644,1.0
14645,1.0
14646,1.0
14647,1.0
14648,1.0
14649,1.0
14650,1.0
14651,1.0
14652,1.0
14653,1.0
14654,1.0
14655,1.0
14656,1.0
14657,1.0
14658,1.0
14659,1.0
14660,1.0
14661,1.0
14662,1.0
14663,0.0
14664,1.0
14665,0.0
14666,0.0
14667,1.0
14668,0.0
14669,1.0
14670,1.0
14671,1.0
14672,0.0
14673,0.0
14674,1.0
14675,0.0
14676,1.0
14677,0.0
14678,0.0
14679,0.0
14680,0.0
14681,0.0
14682,0.0
14683,1.0
14684,1.0
14685,1.0
14686,0.0
14687,1.0
14688,0.0
14689,1.0
14690,0.0
14691,0.0
14692,1.0
14693,0.0
14694,0.0
14695,0.0
14696,1.0
14697,0.0
14698,1.0
14699,1.0
14700,1.0
14701,1.0
14702,1.0
14703,1.0
14704,1.0
14705,1.0
14706,0.0
14707,0.0
14708,0.0
14709,0.0
14710,0.0
14711,0.0
14712,0.0
14713,0.0
14714,0.0
14715,0.0
14716,0.0
14717,0.0
14718,0.0
14719,0.0
14720,0.0
14721,0.0
14722,0.0
14723,0.0
14724,0.0
14725,0.0
14726,0.0
14727,0.0
14728,0.0
14729,0.0
14730,0.0
14731,0.0
14732,0.0
14733,0.0
14734,0.0
14735,0.0
14736,0.0
14737,0.0
14738,0.0
14739,0.0
14740,0.0
14741,0.0
14742,0.0
14743,0.0
14744,0.0
14745,0.0
14746,0.0
14747,0.0
14748,0.0
14749,0.0
14750,0.0
14751,0.0
14752,0.0
14753,0.0
14754,0.0
14755,0.0
14756,0.0
14757,0.0
14758,0.0
14759,0.0
14760,0.0
14761,0.0
14762,0.0
14763,0.0
14764,0.0
14765,0.0
14766,0.0
14767,0.0
14768,0.0
14769,0.0
14770,0.0
14771,0.0
14772,1.0
14773,1.0
14774,1.0
14775,1.0
14776,1.0
14777,1.0
14778,1.0
14779,1.0
14780,1.0
14781,1.0
14782,1.0
14783,1.0
14784,1.0
14785,1.0
14786,1.0
14787,1.0
14788,1.0
14789,1.0
14790,1.0
14791,1.0
14792,1.0
14793,1.0
14794,1.0
14795,1.0
14796,0.0
14797,0.0
14798,0.0
14799,1.0
14800,1.0
14801,1.0
14802,1.0
14803,0.0
14804,0.0
14805,1.0
14806,1.0
14807,1.0
14808,1.0
14809,0.0
14810,0.0
14811,1.0
14812,1.0
14813,1.0
14814,1.0
14815,0.0
14816,0.0
14817,1.0
14818,1.0
14819,0.0
14820,0.0
14821,0.0
14822,1.0
14823,0.0
14824,0.0
14825,1.0
14826,1.0
14827,0.0
14828,0.0
14829,0.0
14830,0.0
14831,0.0
14832,0.0
14833,0.0
14834,0.0
14835,0.0
14836,0.0
14837,0.0
14838,1.0
14839,0.0
14840,0.0
14841,0.0
14842,0.0
14843,0.0
14844,0.0
14845,0.0
14846,0.0
14847,0.0
14848,0.0
14849,0.0
14850,0.0
14851,0.0
14852,0.0
14853,0.0
14854,0.0
14855,0.0
14856,0.0
14857,0.0
14858,0.0
14859,0.0
14860,0.0
14861,0.0
14862,0.0
14863,0.0
14864,0.0
14865,0.0
14866,0.0
14867,0.0
14868,0.0
14869,0.0
14870,0.0
14871,0.0
14872,0.0
14873,0.0
14874,0.0
14875,0.0
14876,0.0
14877,0.0
14878,0.0
14879,0.0
14880,0.0
14881,0.0
14882,0.0
14883,0.0
14884,0.0
14885,0.0
14886,0.0
14887,0.0
14888,0.0
14889,0.0
14890,0.0
14891,0.0
14892,0.0
14893,0.0
14894,0.0
14895,0.0
14896,0.0
14897,0.0
14898,0.0
14899,0.0
14900,0.0
14901,0.0
14902,0.0
14903,0.0
14904,0.0
14905,0.0
14906,0.0
14907,0.0
14908,0.0
14909,0.0
14910,0.0
14911,0.0
14912,0.0
14913,0.0
14914,0.0
14915,0.0
14916,0.0
14917,0.0
14918,0.0
14919,0.0
14920,0.0
14921,1.0
14922,1.0
14923,0.0
14924,0.0
14925,0.0
14926,0.0
14927,0.0
14928,0.0
14929,0.0
14930,0.0
14931,0.0
14932,0.0
14933,0.0
14934,0.0
14935,0.0
14936,0.0
14937,0.0
14938,0.0
14939,0.0
14940,0.0
14941,0.0
14942,0.0
14943,0.0
14944,0.0
14945,0.0
14946,0.0
14947,0.0
14948,0.0
14949,0.0
14950,0.0
14951,0.0
14952,0.0
14953,0.0
14954,0.0
14955,0.0
14956,0.0
14957,0.0
14958,0.0
14959,0.0
14960,0.0
14961,0.0
14962,0.0
14963,1.0
14964,0.0
14965,0.0
14966,1.0
14967,1.0
14968,1.0
14969,0.0
14970,1.0
14971,0.0
14972,0.0
14973,1.0
14974,0.0
14975,0.0
14976,0.0
14977,0.0
14978,0.0
14979,0.0
14980,0.0
14981,0.0
14982,0.0
14983,0.0
14984,0.0
14985,0.0
14986,0.0
14987,0.0
14988,0.0
14989,0.0
14990,0.0
14991,0.0
14992,0.0
14993,0.0
14994,0.0
14995,0.0
14996,0.0
14997,0.0
14998,0.0
14999,0.0
15000,0.0
15001,0.0
15002,0.0
15003,0.0
15004,0.0
15005,0.0
15006,0.0
15007,0.0
15008,0.0
15009,0.0
15010,0.0
15011,0.0
15012,0.0
15013,0.0
15014,0.0
15015,0.0
15016,0.0
15017,0.0
15018,0.0
15019,0.0
15020,0.0
15021,0.0
15022,0.0
15023,0.0
15024,0.0
15025,0.0
15026,0.0
15027,0.0
15028,0.0
15029,0.0
15030,0.0
15031,0.0
15032,0.0
15033,0.0
15034,0.0
15035,0.0
15036,0.0
15037,0.0
15038,0.0
15039,0.0
15040,0.0
15041,1.0
15042,1.0
15043,0.0
15044,0.0
15045,0.0
15046,0.0
15047,0.0
15048,0.0
15049,0.0
15050,0.0
15051,0.0
15052,0.0
15053,0.0
15054,0.0
15055,0.0
15056,0.0
15057,0.0
15058,0.0
15059,0.0
15060,0.0
15061,0.0
15062,0.0
15063,0.0
15064,0.0
15065,0.0
15066,0.0
15067,0.0
15068,0.0
15069,0.0
15070,0.0
15071,0.0
15072,0.0
15073,1.0
15074,1.0
15075,0.0
15076,0.0
15077,1.0
15078,0.0
15079,0.0
15080,0.0
15081,0.0
15082,0.0
15083,1.0
15084,1.0
15085,1.0
15086,1.0
15087,0.0
15088,0.0
15089,0.0
15090,0.0
15091,0.0
15092,0.0
15093,0.0
15094,0.0
15095,0.0
15096,0.0
15097,0.0
15098,0.0
15099,0.0
15100,0.0
15101,0.0
15102,0.0
15103,0.0
15104,0.0
15105,0.0
15106,0.0
15107,0.0
15108,0.0
15109,0.0
15110,0.0
15111,0.0
15112,0.0
15113,0.0
15114,0.0
15115,0.0
15116,0.0
15117,1.0
15118,0.0
15119,0.0
15120,1.0
15121,1.0
15122,1.0
15123,1.0
15124,1.0
15125,1.0
15126,1.0
15127,1.0
15128,0.0
15129,1.0
15130,1.0
15131,1.0
15132,1.0
15133,1.0
15134,1.0
15135,1.0
15136,1.0
15137,1.0
15138,1.0
15139,1.0
15140,0.0
15141,0.0
15142,0.0
15143,0.0
15144,0.0
15145,0.0
15146,0.0
15147,0.0
15148,0.0
15149,0.0
15150,0.0
15151,0.0
15152,0.0
15153,0.0
15154,0.0
15155,0.0
15156,0.0
15157,0.0
15158,0.0
15159,0.0
15160,0.0
15161,0.0
15162,0.0
15163,0.0
15164,0.0
15165,0.0
15166,0.0
15167,0.0
15168,0.0
15169,0.0
15170,0.0
15171,0.0
15172,0.0
15173,0.0
15174,0.0
15175,0.0
15176,0.0
15177,0.0
15178,0.0
15179,0.0
15180,0.0
15181,1.0
15182,0.0
15183,0.0
15184,0.0
15185,0.0
15186,0.0
15187,0.0
15188,0.0
15189,0.0
15190,0.0
15191,0.0
15192,0.0
15193,1.0
15194,0.0
15195,1.0
15196,0.0
15197,1.0
15198,1.0
15199,1.0
15200,1.0
15201,1.0
15202,1.0
15203,1.0
15204,1.0
15205,1.0
15206,0.0
15207,0.0
15208,1.0
15209,1.0
15210,1.0
15211,1.0
15212,1.0
15213,1.0
15214,0.0
15215,0.0
15216,0.0
15217,0.0
15218,0.0
15219,1.0
15220,0.0
15221,1.0
15222,0.0
15223,1.0
15224,0.0
15225,1.0
15226,1.0
15227,1.0
15228,1.0
15229,1.0
15230,1.0
15231,1.0
15232,1.0
15233,1.0
15234,1.0
15235,1.0
15236,1.0
15237,1.0
15238,1.0
15239,1.0
15240,1.0
15241,1.0
15242,1.0
15243,1.0
15244,1.0
15245,1.0
15246,1.0
15247,1.0
15248,1.0
15249,1.0
15250,1.0
15251,1.0
15252,1.0
15253,1.0
15254,1.0
15255,1.0
15256,1.0
15257,1.0
15258,1.0
15259,1.0
15260,1.0
15261,1.0
15262,1.0
15263,1.0
15264,1.0
15265,1.0
15266,1.0
15267,1.0
15268,1.0
15269,1.0
15270,1.0
15271,1.0
15272,1.0
15273,0.0
15274,0.0
15275,1.0
15276,1.0
15277,1.0
15278,1.0
15279,1.0
15280,1.0
15281,0.0
15282,1.0
15283,1.0
15284,0.0
15285,1.0
15286,1.0
15287,1.0
15288,1.0
15289,1.0
15290,1.0
15291,0.0
15292,0.0
15293,0.0
15294,0.0
15295,0.0
15296,0.0
15297,0.0
15298,0.0
15299,0.0
15300,0.0
15301,1.0
15302,1.0
15303,0.0
15304,1.0
15305,1.0
15306,1.0
15307,1.0
15308,0.0
15309,0.0
15310,0.0
15311,0.0
15312,0.0
15313,0.0
15314,0.0
15315,1.0
15316,1.0
15317,1.0
15318,1.0
15319,1.0
15320,1.0
15321,0.0
15322,1.0
15323,1.0
15324,1.0
15325,1.0
15326,1.0
15327,1.0
15328,1.0
15329,1.0
15330,1.0
15331,1.0
15332,1.0
15333,1.0
15334,1.0
15335,1.0
15336,1.0
15337,1.0
15338,1.0
15339,1.0
15340,1.0
15341,1.0
15342,1.0
15343,1.0
15344,1.0
15345,1.0
15346,1.0
15347,0.0
15348,0.0
15349,0.0
15350,0.0
15351,0.0
15352,0.0
15353,0.0
15354,1.0
15355,1.0
15356,0.0
15357,1.0
15358,1.0
15359,1.0
15360,1.0
15361,1.0
15362,0.0
15363,0.0
15364,0.0
15365,0.0
15366,0.0
15367,0.0
15368,0.0
15369,1.0
15370,1.0
15371,1.0
15372,1.0
15373,1.0
15374,1.0
15375,1.0
15376,1.0
15377,1.0
15378,1.0
15379,1.0
15380,1.0
15381,1.0
15382,1.0
15383,1.0
15384,1.0
15385,1.0
15386,1.0
15387,1.0
15388,1.0
15389,1.0
15390,1.0
15391,1.0
15392,1.0
15393,1.0
15394,1.0
15395,1.0
15396,1.0
15397,1.0
15398,1.0
15399,1.0
15400,1.0
15401,1.0
15402,1.0
15403,1.0
15404,1.0
15405,1.0
15406,0.0
15407,1.0
15408,0.0
15409,0.0
15410,0.0
15411,1.0
15412,0.0
15413,1.0
15414,0.0
15415,1.0
15416,0.0
15417,1.0
15418,1.0
15419,0.0
15420,0.0
15421,0.0
15422,1.0
15423,1.0
15424,0.0
15425,0.0
15426,0.0
15427,0.0
15428,0.0
15429,0.0
15430,1.0
15431,1.0
15432,0.0
15433,0.0
15434,0.0
15435,1.0
15436,0.0
15437,1.0
15438,1.0
15439,1.0
15440,0.0
15441,0.0
15442,0.0
15443,1.0
15444,1.0
15445,0.0
15446,0.0
15447,0.0
15448,1.0
15449,1.0
15450,1.0
15451,1.0
15452,0.0
15453,1.0
15454,0.0
15455,1.0
15456,1.0
15457,0.0
15458,0.0
15459,0.0
15460,1.0
15461,1.0
15462,0.0
15463,0.0
15464,0.0
15465,0.0
15466,0.0
15467,0.0
15468,0.0
15469,0.0
15470,1.0
15471,1.0
15472,1.0
15473,0.0
15474,0.0
15475,1.0
15476,0.0
15477,0.0
15478,0.0
15479,1.0
15480,1.0
15481,0.0
15482,0.0
15483,0.0
15484,0.0
15485,0.0
15486,0.0
15487,0.0
15488,0.0
15489,0.0
15490,0.0
15491,0.0
15492,0.0
15493,0.0
15494,0.0
15495,0.0
15496,0.0
15497,0.0
15498,1.0
15499,0.0
15500,0.0
15501,0.0
15502,0.0
15503,1.0
15504,0.0
15505,1.0
15506,0.0
15507,0.0
15508,1.0
15509,1.0
15510,1.0
15511,1.0
15512,1.0
15513,1.0
15514,0.0
15515,0.0
15516,0.0
15517,0.0
15518,0.0
15519,1.0
15520,0.0
15521,0.0
15522,1.0
15523,1.0
15524,1.0
15525,1.0
15526,0.0
15527,0.0
15528,1.0
15529,1.0
15530,0.0
15531,0.0
15532,0.0
15533,1.0
15534,0.0
15535,1.0
15536,1.0
15537,1.0
15538,1.0
15539,1.0
15540,0.0
15541,1.0
15542,1.0
15543,0.0
15544,0.0
15545,0.0
15546,1.0
15547,1.0
15548,0.0
15549,1.0
15550,1.0
15551,1.0
15552,1.0
15553,1.0
15554,0.0
15555,0.0
15556,0.0
15557,1.0
15558,0.0
15559,0.0
15560,0.0
15561,0.0
15562,0.0
15563,0.0
15564,1.0
15565,1.0
15566,0.0
15567,1.0
15568,1.0
15569,0.0
15570,1.0
15571,1.0
15572,0.0
15573,0.0
15574,0.0
15575,0.0
15576,0.0
15577,0.0
15578,0.0
15579,0.0
15580,0.0
15581,0.0
15582,0.0
15583,0.0
15584,0.0
15585,0.0
15586,0.0
15587,0.0
15588,0.0
15589,0.0
15590,0.0
15591,0.0
15592,1.0
15593,0.0
15594,0.0
15595,0.0
15596,0.0
15597,0.0
15598,1.0
15599,0.0
15600,1.0
15601,0.0
15602,0.0
15603,0.0
15604,0.0
15605,0.0
15606,1.0
15607,0.0
15608,0.0
15609,0.0
15610,0.0
15611,0.0
15612,0.0
15613,0.0
15614,0.0
15615,0.0
15616,1.0
15617,1.0
15618,1.0
15619,1.0
15620,1.0
15621,1.0
15622,0.0
15623,1.0
15624,1.0
15625,1.0
15626,1.0
15627,1.0
15628,0.0
15629,1.0
15630,0.0
15631,0.0
15632,1.0
15633,0.0
15634,0.0
15635,1.0
15636,1.0
15637,1.0
15638,0.0
15639,1.0
15640,1.0
15641,0.0
15642,1.0
15643,1.0
15644,1.0
15645,0.0
15646,0.0
15647,0.0
15648,0.0
15649,0.0
15650,0.0
15651,0.0
15652,0.0
15653,1.0
15654,1.0
15655,1.0
15656,1.0
15657,0.0
15658,1.0
15659,1.0
15660,1.0
15661,1.0
15662,0.0
15663,0.0
15664,0.0
15665,0.0
15666,0.0
15667,0.0
15668,1.0
15669,1.0
15670,1.0
15671,0.0
15672,1.0
15673,1.0
15674,1.0
15675,0.0
15676,0.0
15677,0.0
15678,0.0
15679,0.0
15680,0.0
15681,0.0
15682,0.0
15683,0.0
15684,0.0
15685,0.0
15686,0.0
15687,0.0
15688,0.0
15689,0.0
15690,0.0
15691,0.0
15692,0.0
15693,0.0
15694,0.0
15695,0.0
15696,0.0
15697,0.0
15698,0.0
15699,0.0
15700,1.0
15701,1.0
15702,0.0
15703,0.0
15704,0.0
15705,0.0
15706,0.0
15707,0.0
15708,0.0
15709,0.0
15710,0.0
15711,0.0
15712,0.0
15713,0.0
15714,0.0
15715,0.0
15716,0.0
15717,0.0
15718,0.0
15719,0.0
15720,0.0
15721,0.0
15722,0.0
15723,0.0
15724,0.0
15725,1.0
15726,0.0
15727,0.0
15728,1.0
15729,1.0
15730,1.0
15731,0.0
15732,0.0
15733,1.0
15734,1.0
15735,1.0
15736,0.0
15737,1.0
15738,0.0
15739,0.0
15740,1.0
15741,1.0
15742,1.0
15743,0.0
15744,0.0
15745,0.0
15746,0.0
15747,1.0
15748,0.0
15749,1.0
15750,1.0
15751,1.0
15752,1.0
15753,1.0
15754,1.0
15755,1.0
15756,1.0
15757,0.0
15758,0.0
15759,0.0
15760,1.0
15761,0.0
15762,1.0
15763,0.0
15764,1.0
15765,1.0
15766,1.0
15767,1.0
15768,0.0
15769,1.0
15770,1.0
15771,1.0
15772,1.0
15773,1.0
15774,1.0
15775,1.0
15776,1.0
15777,1.0
15778,1.0
15779,1.0
15780,0.0
15781,0.0
15782,0.0
15783,1.0
15784,1.0
15785,1.0
15786,1.0
15787,1.0
15788,1.0
15789,1.0
15790,1.0
15791,1.0
15792,1.0
15793,1.0
15794,1.0
15795,1.0
15796,1.0
15797,1.0
15798,1.0
15799,1.0
15800,1.0
15801,1.0
15802,1.0
15803,1.0
15804,1.0
15805,1.0
15806,1.0
15807,1.0
15808,1.0
15809,1.0
15810,0.0
15811,0.0
15812,1.0
15813,0.0
15814,0.0
15815,0.0
15816,0.0
15817,0.0
15818,0.0
15819,0.0
15820,0.0
15821,0.0
15822,1.0
15823,1.0
15824,1.0
15825,1.0
15826,1.0
15827,0.0
15828,0.0
15829,1.0
15830,1.0
15831,1.0
15832,1.0
15833,1.0
15834,1.0
15835,1.0
15836,1.0
15837,1.0
15838,1.0
15839,1.0
15840,1.0
15841,1.0
15842,1.0
15843,1.0
15844,1.0
15845,0.0
15846,1.0
15847,1.0
15848,1.0
15849,1.0
15850,1.0
15851,1.0
15852,1.0
15853,1.0
15854,1.0
15855,1.0
15856,1.0
15857,1.0
15858,1.0
15859,1.0
15860,1.0
15861,1.0
15862,1.0
15863,1.0
15864,1.0
15865,1.0
15866,1.0
15867,1.0
15868,1.0
15869,1.0
15870,1.0
15871,1.0
15872,1.0
15873,1.0
15874,1.0
15875,1.0
15876,1.0
15877,1.0
15878,1.0
15879,1.0
15880,1.0
15881,1.0
15882,1.0
15883,1.0
15884,1.0
15885,0.0
15886,1.0
15887,0.0
15888,1.0
15889,1.0
15890,0.0
15891,1.0
15892,1.0
15893,0.0
15894,1.0
15895,1.0
15896,0.0
15897,1.0
15898,1.0
15899,0.0
15900,1.0
15901,1.0
15902,0.0
15903,0.0
15904,0.0
15905,0.0
15906,0.0
15907,1.0
15908,0.0
15909,1.0
15910,0.0
15911,1.0
15912,1.0
15913,0.0
15914,1.0
15915,0.0
15916,1.0
15917,1.0
15918,0.0
15919,1.0
15920,0.0
15921,1.0
15922,1.0
15923,0.0
15924,0.0
15925,1.0
15926,0.0
15927,1.0
15928,1.0
15929,1.0
15930,0.0
15931,0.0
15932,1.0
15933,1.0
15934,1.0
15935,1.0
15936,1.0
15937,1.0
15938,1.0
15939,1.0
15940,1.0
15941,1.0
15942,1.0
15943,1.0
15944,1.0
15945,1.0
15946,1.0
15947,1.0
15948,1.0
15949,1.0
15950,1.0
15951,1.0
15952,1.0
15953,1.0
15954,1.0
15955,1.0
15956,1.0
15957,1.0
15958,1.0
15959,0.0
15960,1.0
15961,1.0
15962,0.0
15963,0.0
15964,1.0
15965,0.0
15966,0.0
15967,0.0
15968,0.0
15969,0.0
15970,0.0
15971,1.0
15972,0.0
15973,1.0
15974,1.0
15975,1.0
15976,1.0
15977,1.0
15978,0.0
15979,0.0
15980,1.0
15981,1.0
15982,1.0
15983,0.0
15984,1.0
15985,1.0
15986,1.0
15987,1.0
15988,1.0
15989,1.0
15990,1.0
15991,1.0
15992,1.0
15993,1.0
15994,1.0
15995,1.0
15996,1.0
15997,1.0
15998,1.0
15999,1.0
16000,1.0
16001,1.0
16002,1.0
16003,0.0
16004,1.0
16005,1.0
16006,0.0
16007,0.0
16008,0.0
16009,0.0
16010,0.0
16011,0.0
16012,0.0
16013,0.0
16014,0.0
16015,0.0
16016,0.0
16017,0.0
16018,0.0
16019,0.0
16020,1.0
16021,1.0
16022,1.0
16023,1.0
16024,1.0
16025,0.0
16026,1.0
16027,1.0
16028,1.0
16029,1.0
16030,1.0
16031,1.0
16032,1.0
16033,1.0
16034,1.0
16035,1.0
16036,1.0
16037,1.0
16038,1.0
16039,1.0
16040,1.0
16041,1.0
16042,1.0
16043,1.0
16044,1.0
16045,1.0
16046,1.0
16047,1.0
16048,1.0
16049,1.0
16050,1.0
16051,1.0
16052,1.0
16053,1.0
16054,1.0
16055,1.0
16056,1.0
16057,0.0
16058,1.0
16059,1.0
16060,1.0
16061,1.0
16062,1.0
16063,1.0
16064,1.0
16065,1.0
16066,1.0
16067,1.0
16068,1.0
16069,1.0
16070,1.0
16071,1.0
16072,1.0
16073,1.0
16074,0.0
16075,1.0
16076,1.0
16077,1.0
16078,1.0
16079,1.0
16080,1.0
16081,1.0
16082,1.0
16083,1.0
16084,1.0
16085,1.0
16086,1.0
16087,1.0
16088,1.0
16089,0.0
16090,0.0
16091,0.0
16092,0.0
16093,1.0
16094,0.0
16095,0.0
16096,1.0
16097,1.0
16098,0.0
16099,0.0
16100,1.0
16101,1.0
16102,0.0
16103,1.0
16104,1.0
16105,1.0
16106,0.0
16107,1.0
16108,0.0
16109,0.0
16110,1.0
16111,1.0
16112,1.0
16113,0.0
16114,0.0
16115,1.0
16116,1.0
16117,0.0
16118,0.0
16119,0.0
16120,0.0
16121,0.0
16122,0.0
16123,0.0
16124,0.0
16125,0.0
16126,0.0
16127,0.0
16128,0.0
16129,0.0
16130,0.0
16131,0.0
16132,0.0
16133,0.0
16134,0.0
16135,0.0
16136,0.0
16137,0.0
16138,0.0
16139,0.0
16140,0.0
16141,0.0
16142,0.0
16143,0.0
16144,0.0
16145,0.0
16146,0.0
16147,0.0
16148,0.0
16149,0.0
16150,0.0
16151,1.0
16152,0.0
16153,0.0
16154,0.0
16155,0.0
16156,1.0
16157,0.0
16158,0.0
16159,0.0
16160,0.0
16161,0.0
16162,0.0
16163,0.0
16164,0.0
16165,0.0
16166,0.0
16167,0.0
16168,0.0
16169,0.0
16170,0.0
16171,0.0
16172,1.0
16173,1.0
16174,1.0
16175,1.0
16176,1.0
16177,1.0
16178,1.0
16179,1.0
16180,1.0
16181,1.0
16182,0.0
16183,1.0
16184,0.0
16185,1.0
16186,1.0
16187,1.0
16188,1.0
16189,0.0
16190,1.0
16191,1.0
16192,1.0
16193,1.0
16194,0.0
16195,0.0
16196,1.0
16197,0.0
16198,0.0
16199,1.0
16200,0.0
16201,0.0
16202,1.0
16203,0.0
16204,1.0
16205,1.0
16206,1.0
16207,1.0
16208,1.0
16209,1.0
16210,0.0
16211,0.0
16212,0.0
16213,0.0
16214,1.0
16215,1.0
16216,1.0
16217,1.0
16218,1.0
16219,1.0
16220,1.0
16221,1.0
16222,1.0
16223,1.0
16224,1.0
16225,1.0
16226,1.0
16227,1.0
16228,1.0
16229,1.0
16230,1.0
16231,1.0
16232,1.0
16233,1.0
16234,1.0
16235,1.0
16236,1.0
16237,1.0
16238,1.0
16239,1.0
16240,1.0
16241,1.0
16242,1.0
16243,1.0
16244,1.0
16245,1.0
16246,1.0
16247,1.0
16248,1.0
16249,1.0
16250,1.0
16251,0.0
16252,1.0
16253,1.0
16254,1.0
16255,0.0
16256,1.0
16257,1.0
16258,1.0
16259,1.0
16260,1.0
16261,1.0
16262,1.0
16263,1.0
16264,0.0
16265,1.0
16266,0.0
16267,1.0
16268,1.0
16269,1.0
16270,1.0
16271,1.0
16272,1.0
16273,1.0
16274,1.0
16275,1.0
16276,1.0
16277,1.0
16278,1.0
16279,1.0
16280,1.0
16281,1.0
16282,1.0
16283,0.0
16284,1.0
16285,1.0
16286,0.0
16287,0.0
16288,0.0
16289,0.0
16290,0.0
16291,0.0
16292,0.0
16293,0.0
16294,0.0
16295,0.0
16296,0.0
16297,0.0
16298,0.0
16299,0.0
16300,1.0
16301,0.0
16302,0.0
16303,0.0
16304,0.0
16305,0.0
16306,0.0
16307,0.0
16308,0.0
16309,0.0
16310,0.0
16311,0.0
16312,0.0
16313,0.0
16314,0.0
16315,0.0
16316,0.0
16317,1.0
16318,0.0
16319,0.0
16320,0.0
16321,0.0
16322,0.0
16323,0.0
16324,0.0
16325,0.0
16326,0.0
16327,0.0
16328,0.0
16329,0.0
16330,0.0
16331,0.0
16332,0.0
16333,0.0
16334,0.0
16335,0.0
16336,0.0
16337,0.0
16338,0.0
16339,0.0
16340,0.0
16341,0.0
16342,0.0
16343,0.0
16344,0.0
16345,0.0
16346,0.0
16347,0.0
16348,0.0
16349,0.0
16350,0.0
16351,0.0
16352,0.0
16353,0.0
16354,0.0
16355,0.0
16356,0.0
16357,0.0
16358,0.0
16359,0.0
16360,0.0
16361,0.0
16362,0.0
16363,0.0
16364,0.0
16365,0.0
16366,0.0
16367,0.0
16368,0.0
16369,0.0
16370,0.0
16371,0.0
16372,0.0
16373,0.0
16374,0.0
16375,0.0
16376,0.0
16377,0.0
16378,0.0
16379,0.0
16380,1.0
16381,1.0
16382,1.0
16383,1.0
16384,1.0
16385,1.0
16386,0.0
16387,0.0
16388,0.0
16389,0.0
16390,0.0
16391,0.0
16392,0.0
16393,0.0
16394,0.0
16395,0.0
16396,0.0
16397,0.0
16398,0.0
16399,0.0
16400,0.0
16401,1.0
16402,1.0
16403,0.0
16404,0.0
16405,0.0
16406,0.0
16407,0.0
16408,0.0
16409,0.0
16410,0.0
16411,0.0
16412,0.0
16413,0.0
16414,0.0
16415,0.0
16416,0.0
16417,0.0
16418,0.0
16419,0.0
16420,0.0
16421,0.0
16422,0.0
16423,0.0
16424,0.0
16425,0.0
16426,0.0
16427,0.0
16428,0.0
16429,0.0
16430,0.0
16431,1.0
16432,0.0
16433,0.0
16434,0.0
16435,0.0
16436,0.0
16437,0.0
16438,0.0
16439,0.0
16440,0.0
16441,0.0
16442,0.0
16443,0.0
16444,0.0
16445,0.0
16446,0.0
16447,0.0
16448,0.0
16449,0.0
16450,1.0
16451,1.0
16452,0.0
16453,0.0
16454,0.0
16455,0.0
16456,0.0
16457,0.0
16458,0.0
16459,0.0
16460,0.0
16461,0.0
16462,0.0
16463,0.0
16464,0.0
16465,0.0
16466,0.0
16467,0.0
16468,0.0
16469,0.0
16470,0.0
16471,0.0
16472,0.0
16473,0.0
16474,0.0
16475,0.0
16476,0.0
16477,0.0
16478,0.0
16479,0.0
16480,0.0
16481,0.0
16482,0.0
16483,0.0
16484,0.0
16485,0.0
16486,0.0
16487,0.0
16488,0.0
16489,0.0
16490,0.0
16491,0.0
16492,0.0
16493,0.0
16494,0.0
16495,0.0
16496,0.0
16497,0.0
16498,0.0
16499,0.0
16500,0.0
16501,0.0
16502,0.0
16503,0.0
16504,0.0
16505,0.0
16506,0.0
16507,0.0
16508,0.0
16509,0.0
16510,0.0
16511,0.0
16512,0.0
16513,0.0
16514,1.0
16515,1.0
16516,1.0
16517,1.0
16518,1.0
16519,1.0
16520,1.0
16521,1.0
16522,1.0
16523,1.0
16524,0.0
16525,1.0
16526,1.0
16527,1.0
16528,1.0
16529,1.0
16530,1.0
16531,1.0
16532,0.0
16533,1.0
16534,1.0
16535,1.0
16536,1.0
16537,1.0
16538,1.0
16539,1.0
16540,1.0
16541,1.0
16542,1.0
16543,0.0
16544,1.0
16545,1.0
16546,0.0
16547,0.0
16548,1.0
16549,1.0
16550,0.0
16551,0.0
16552,1.0
16553,1.0
16554,0.0
16555,1.0
16556,1.0
16557,0.0
16558,0.0
16559,1.0
16560,0.0
16561,0.0
16562,0.0
16563,0.0
16564,0.0
16565,1.0
16566,0.0
16567,0.0
16568,0.0
16569,0.0
16570,1.0
16571,0.0
16572,0.0
16573,0.0
16574,0.0
16575,1.0
16576,0.0
16577,0.0
16578,0.0
16579,0.0
16580,1.0
16581,1.0
16582,0.0
16583,0.0
16584,0.0
16585,0.0
16586,1.0
16587,0.0
16588,0.0
16589,0.0
16590,0.0
16591,1.0
16592,0.0
16593,0.0
16594,0.0
16595,0.0
16596,0.0
16597,0.0
16598,0.0
16599,0.0
16600,0.0
16601,0.0
16602,0.0
16603,0.0
16604,0.0
16605,0.0
16606,0.0
16607,0.0
16608,0.0
16609,1.0
16610,1.0
16611,1.0
16612,1.0
16613,0.0
16614,1.0
16615,1.0
16616,1.0
16617,1.0
16618,1.0
16619,1.0
16620,0.0
16621,1.0
16622,1.0
16623,1.0
16624,1.0
16625,1.0
16626,1.0
16627,0.0
16628,0.0
16629,0.0
16630,0.0
16631,1.0
16632,0.0
16633,0.0
16634,1.0
16635,1.0
16636,0.0
16637,0.0
16638,0.0
16639,0.0
16640,1.0
16641,0.0
16642,0.0
16643,0.0
16644,0.0
16645,0.0
16646,0.0
16647,0.0
16648,0.0
16649,0.0
16650,0.0
16651,0.0
16652,0.0
16653,0.0
16654,0.0
16655,0.0
16656,0.0
16657,0.0
16658,0.0
16659,1.0
16660,1.0
16661,0.0
16662,1.0
16663,1.0
16664,0.0
16665,1.0
16666,1.0
16667,1.0
16668,1.0
16669,1.0
16670,1.0
16671,1.0
16672,1.0
16673,1.0
16674,1.0
16675,1.0
16676,1.0
16677,1.0
16678,1.0
16679,1.0
16680,0.0
16681,0.0
16682,0.0
16683,0.0
16684,0.0
16685,0.0
16686,1.0
16687,1.0
16688,0.0
16689,0.0
16690,0.0
16691,1.0
16692,1.0
16693,0.0
16694,1.0
16695,1.0
16696,1.0
16697,1.0
16698,1.0
16699,0.0
16700,0.0
16701,0.0
16702,0.0
16703,0.0
16704,0.0
16705,0.0
16706,0.0
16707,0.0
16708,1.0
16709,0.0
16710,0.0
16711,0.0
16712,0.0
16713,0.0
16714,0.0
16715,0.0
16716,0.0
16717,0.0
16718,0.0
16719,0.0
16720,0.0
16721,0.0
16722,1.0
16723,0.0
16724,0.0
16725,1.0
16726,1.0
16727,1.0
16728,1.0
16729,1.0
16730,0.0
16731,0.0
16732,1.0
16733,0.0
16734,0.0
16735,1.0
16736,1.0
16737,1.0
16738,1.0
16739,0.0
16740,1.0
16741,1.0
16742,0.0
16743,1.0
16744,1.0
16745,0.0
16746,0.0
16747,0.0
16748,0.0
16749,0.0
16750,0.0
16751,0.0
16752,0.0
16753,0.0
16754,0.0
16755,0.0
16756,0.0
16757,0.0
16758,0.0
16759,0.0
16760,0.0
16761,0.0
16762,0.0
16763,0.0
16764,1.0
16765,0.0
16766,0.0
16767,1.0
16768,0.0
16769,0.0
16770,1.0
16771,0.0
16772,0.0
16773,1.0
16774,0.0
16775,1.0
16776,1.0
16777,1.0
16778,1.0
16779,1.0
16780,1.0
16781,1.0
16782,1.0
16783,1.0
16784,1.0
16785,1.0
16786,1.0
16787,1.0
16788,1.0
16789,0.0
16790,0.0
16791,1.0
16792,1.0
16793,1.0
16794,0.0
16795,0.0
16796,0.0
16797,1.0
16798,1.0
16799,1.0
16800,1.0
16801,0.0
16802,0.0
16803,1.0
16804,1.0
16805,1.0
16806,1.0
16807,1.0
16808,1.0
16809,0.0
16810,1.0
16811,1.0
16812,1.0
16813,1.0
16814,0.0
16815,0.0
16816,1.0
16817,1.0
16818,0.0
16819,0.0
16820,0.0
16821,0.0
16822,0.0
16823,0.0
16824,0.0
16825,0.0
16826,0.0
16827,0.0
16828,0.0
16829,0.0
16830,0.0
16831,0.0
16832,0.0
16833,0.0
16834,0.0
16835,0.0
16836,0.0
16837,0.0
16838,0.0
16839,0.0
16840,1.0
16841,0.0
16842,1.0
16843,1.0
16844,1.0
16845,1.0
16846,1.0
16847,1.0
16848,0.0
16849,1.0
16850,1.0
16851,1.0
16852,1.0
16853,1.0
16854,1.0
16855,1.0
16856,1.0
16857,1.0
16858,1.0
16859,1.0
16860,1.0
16861,1.0
16862,1.0
16863,1.0
16864,1.0
16865,0.0
16866,1.0
16867,1.0
16868,1.0
16869,1.0
16870,0.0
16871,0.0
16872,0.0
16873,0.0
16874,0.0
16875,0.0
16876,0.0
16877,0.0
16878,0.0
16879,0.0
16880,0.0
16881,0.0
16882,0.0
16883,0.0
16884,1.0
16885,0.0
16886,1.0
16887,1.0
16888,1.0
16889,0.0
16890,1.0
16891,0.0
16892,0.0
16893,0.0
16894,0.0
16895,1.0
16896,1.0
16897,1.0
16898,1.0
16899,1.0
16900,1.0
16901,1.0
16902,1.0
16903,1.0
16904,1.0
16905,1.0
16906,1.0
16907,1.0
16908,1.0
16909,1.0
16910,1.0
16911,1.0
16912,1.0
16913,1.0
16914,1.0
16915,1.0
16916,1.0
16917,1.0
16918,1.0
16919,1.0
16920,1.0
16921,1.0
16922,1.0
16923,1.0
16924,1.0
16925,1.0
16926,1.0
16927,1.0
16928,1.0
16929,1.0
16930,1.0
16931,1.0
16932,1.0
16933,1.0
16934,1.0
16935,1.0
16936,1.0
16937,1.0
16938,1.0
16939,1.0
16940,1.0
16941,1.0
16942,1.0
16943,1.0
16944,1.0
16945,1.0
16946,1.0
16947,1.0
16948,1.0
16949,1.0
16950,1.0
16951,1.0
16952,1.0
16953,1.0
16954,1.0
16955,1.0
16956,1.0
16957,1.0
16958,1.0
16959,1.0
16960,1.0
16961,1.0
16962,1.0
16963,1.0
16964,1.0
16965,1.0
16966,1.0
16967,1.0
16968,1.0
16969,1.0
16970,1.0
16971,1.0
16972,1.0
16973,1.0
16974,1.0
16975,1.0
16976,1.0
16977,1.0
16978,1.0
16979,1.0
16980,1.0
16981,1.0
16982,1.0
16983,1.0
16984,1.0
16985,1.0
16986,1.0
16987,1.0
16988,1.0
16989,1.0
16990,1.0
16991,1.0
16992,1.0
16993,1.0
16994,1.0
16995,1.0
16996,1.0
16997,1.0
16998,1.0
16999,1.0
17000,1.0
17001,1.0
17002,1.0
17003,1.0
17004,1.0
17005,1.0
17006,1.0
17007,0.0
17008,0.0
17009,0.0
17010,0.0
17011,0.0
17012,0.0
17013,0.0
17014,0.0
17015,0.0
17016,0.0
17017,0.0
17018,0.0
17019,0.0
17020,0.0
17021,0.0
17022,0.0
17023,0.0
17024,0.0
17025,0.0
17026,0.0
17027,0.0
17028,0.0
17029,0.0
17030,0.0
17031,0.0
17032,0.0
17033,0.0
17034,0.0
17035,0.0
17036,0.0
17037,0.0
17038,0.0
17039,0.0
17040,0.0
17041,0.0
17042,1.0
17043,0.0
17044,0.0
17045,0.0
17046,1.0
17047,0.0
17048,1.0
17049,1.0
17050,1.0
17051,1.0
17052,1.0
17053,0.0
17054,0.0
17055,0.0
17056,0.0
17057,0.0
17058,0.0
17059,0.0
17060,0.0
17061,0.0
17062,0.0
17063,0.0
17064,0.0
17065,0.0
17066,0.0
17067,0.0
17068,0.0
17069,0.0
17070,0.0
17071,0.0
17072,0.0
17073,0.0
17074,0.0
17075,0.0
17076,0.0
17077,0.0
17078,0.0
17079,0.0
17080,0.0
17081,0.0
17082,0.0
17083,0.0
17084,0.0
17085,0.0
17086,0.0
17087,0.0
17088,0.0
17089,0.0
17090,0.0
17091,0.0
17092,0.0
17093,0.0
17094,0.0
17095,0.0
17096,0.0
17097,0.0
17098,0.0
17099,0.0
17100,0.0
17101,0.0
17102,0.0
17103,0.0
17104,0.0
17105,0.0
17106,0.0
17107,1.0
17108,0.0
17109,0.0
17110,0.0
17111,0.0
17112,0.0
17113,0.0
17114,0.0
17115,0.0
17116,0.0
17117,0.0
17118,0.0
17119,0.0
17120,0.0
17121,0.0
17122,0.0
17123,0.0
17124,0.0
17125,0.0
17126,0.0
17127,0.0
17128,0.0
17129,0.0
17130,0.0
17131,1.0
17132,1.0
17133,0.0
17134,0.0
17135,0.0
17136,1.0
17137,1.0
17138,0.0
17139,0.0
17140,1.0
17141,1.0
17142,0.0
17143,0.0
17144,0.0
17145,0.0
17146,0.0
17147,0.0
17148,0.0
17149,0.0
17150,0.0
17151,0.0
17152,0.0
17153,0.0
17154,0.0
17155,0.0
17156,0.0
17157,0.0
17158,0.0
17159,1.0
17160,1.0
17161,1.0
17162,1.0
17163,1.0
17164,1.0
17165,1.0
17166,1.0
17167,1.0
17168,1.0
17169,1.0
17170,1.0
17171,1.0
17172,1.0
17173,1.0
17174,1.0
17175,1.0
17176,1.0
17177,1.0
17178,1.0
17179,1.0
17180,1.0
17181,1.0
17182,1.0
17183,1.0
17184,1.0
17185,1.0
17186,1.0
17187,1.0
17188,1.0
17189,1.0
17190,1.0
17191,1.0
17192,1.0
17193,1.0
17194,1.0
17195,1.0
17196,1.0
17197,0.0
17198,1.0
17199,1.0
17200,0.0
17201,0.0
17202,0.0
17203,0.0
17204,0.0
17205,0.0
17206,0.0
17207,0.0
17208,0.0
17209,0.0
17210,0.0
17211,1.0
17212,1.0
17213,1.0
17214,1.0
17215,0.0
17216,0.0
17217,0.0
17218,0.0
17219,0.0
17220,0.0
17221,0.0
17222,1.0
17223,0.0
17224,0.0
17225,0.0
17226,0.0
17227,0.0
17228,1.0
17229,0.0
17230,0.0
17231,0.0
17232,0.0
17233,0.0
17234,0.0
17235,0.0
17236,0.0
17237,0.0
17238,0.0
17239,0.0
17240,0.0
17241,0.0
17242,0.0
17243,0.0
17244,0.0
17245,0.0
17246,0.0
17247,0.0
17248,0.0
17249,0.0
17250,0.0
17251,0.0
17252,0.0
17253,0.0
17254,1.0
17255,1.0
17256,1.0
17257,0.0
17258,0.0
17259,0.0
17260,0.0
17261,0.0
17262,0.0
17263,1.0
17264,1.0
17265,1.0
17266,1.0
17267,1.0
17268,1.0
17269,1.0
17270,1.0
17271,1.0
17272,1.0
17273,1.0
17274,1.0
17275,1.0
17276,1.0
17277,1.0
17278,1.0
17279,1.0
17280,1.0
17281,1.0
17282,1.0
17283,1.0
17284,1.0
17285,1.0
17286,1.0
17287,1.0
17288,1.0
17289,1.0
17290,1.0
17291,1.0
17292,1.0
17293,1.0
17294,1.0
17295,0.0
17296,0.0
17297,1.0
17298,1.0
17299,1.0
17300,0.0
17301,0.0
17302,0.0
17303,0.0
17304,0.0
17305,0.0
17306,0.0
17307,1.0
17308,0.0
17309,0.0
17310,0.0
17311,0.0
17312,0.0
17313,1.0
17314,1.0
17315,1.0
17316,0.0
17317,0.0
17318,0.0
17319,0.0
17320,0.0
17321,0.0
17322,1.0
17323,1.0
17324,1.0
17325,0.0
17326,1.0
17327,0.0
17328,0.0
17329,0.0
17330,0.0
17331,0.0
17332,0.0
17333,0.0
17334,0.0
17335,0.0
17336,0.0
17337,0.0
17338,0.0
17339,0.0
17340,0.0
17341,0.0
17342,0.0
17343,0.0
17344,0.0
17345,0.0
17346,0.0
17347,0.0
17348,0.0
17349,0.0
17350,0.0
17351,1.0
17352,0.0
17353,0.0
17354,1.0
17355,1.0
17356,1.0
17357,1.0
17358,1.0
17359,1.0
17360,0.0
17361,0.0
17362,1.0
17363,0.0
17364,0.0
17365,0.0
17366,0.0
17367,1.0
17368,1.0
17369,1.0
17370,1.0
17371,0.0
17372,1.0
17373,1.0
17374,1.0
17375,1.0
17376,1.0
17377,1.0
17378,1.0
17379,1.0
17380,1.0
17381,1.0
17382,1.0
17383,1.0
17384,1.0
17385,0.0
17386,0.0
17387,0.0
17388,1.0
17389,1.0
17390,1.0
17391,0.0
17392,0.0
17393,1.0
17394,1.0
17395,0.0
17396,0.0
17397,0.0
17398,0.0
17399,0.0
17400,0.0
17401,0.0
17402,0.0
17403,0.0
17404,1.0
17405,1.0
17406,1.0
17407,1.0
17408,1.0
17409,1.0
17410,1.0
17411,1.0
17412,0.0
17413,1.0
17414,1.0
17415,1.0
17416,0.0
17417,1.0
17418,1.0
17419,1.0
17420,1.0
17421,1.0
17422,1.0
17423,1.0
17424,1.0
17425,1.0
17426,1.0
17427,1.0
17428,1.0
17429,0.0
17430,0.0
17431,1.0
17432,1.0
17433,1.0
17434,0.0
17435,1.0
17436,1.0
17437,1.0
17438,1.0
17439,1.0
17440,1.0
17441,1.0
17442,1.0
17443,1.0
17444,1.0
17445,0.0
17446,0.0
17447,0.0
17448,1.0
17449,1.0
17450,1.0
17451,1.0
17452,1.0
17453,1.0
17454,1.0
17455,1.0
17456,1.0
17457,1.0
17458,1.0
17459,1.0
17460,1.0
17461,1.0
17462,1.0
17463,1.0
17464,1.0
17465,1.0
17466,0.0
17467,0.0
17468,0.0
17469,0.0
17470,0.0
17471,0.0
17472,0.0
17473,0.0
17474,0.0
17475,0.0
17476,0.0
17477,0.0
17478,0.0
17479,0.0
17480,0.0
17481,0.0
17482,0.0
17483,0.0
17484,1.0
17485,0.0
17486,0.0
17487,0.0
17488,0.0
17489,0.0
17490,1.0
17491,1.0
17492,0.0
17493,0.0
17494,0.0
17495,0.0
17496,0.0
17497,0.0
17498,0.0
17499,0.0
17500,0.0
17501,0.0
17502,0.0
17503,0.0
17504,0.0
17505,0.0
17506,0.0
17507,0.0
17508,1.0
17509,1.0
17510,1.0
17511,0.0
17512,1.0
17513,1.0
17514,0.0
17515,0.0
17516,0.0
17517,0.0
17518,0.0
17519,0.0
17520,0.0
17521,0.0
17522,0.0
17523,0.0
17524,0.0
17525,0.0
17526,0.0
17527,0.0
17528,0.0
17529,0.0
17530,0.0
17531,0.0
17532,0.0
17533,0.0
17534,0.0
17535,0.0
17536,0.0
17537,0.0
17538,0.0
17539,0.0
17540,0.0
17541,0.0
17542,0.0
17543,0.0
17544,0.0
17545,0.0
17546,0.0
17547,0.0
17548,0.0
17549,0.0
17550,0.0
17551,0.0
17552,0.0
17553,0.0
17554,0.0
17555,0.0
17556,0.0
17557,0.0
17558,0.0
17559,0.0
17560,0.0
17561,0.0
17562,0.0
17563,0.0
17564,0.0
17565,0.0
17566,0.0
17567,0.0
17568,0.0
17569,0.0
17570,0.0
17571,0.0
17572,0.0
17573,0.0
17574,0.0
17575,0.0
17576,0.0
17577,0.0
17578,0.0
17579,0.0
17580,0.0
17581,0.0
17582,0.0
17583,0.0
17584,0.0
17585,0.0
17586,0.0
17587,0.0
17588,0.0
17589,0.0
17590,0.0
17591,0.0
17592,0.0
17593,0.0
17594,0.0
17595,0.0
17596,0.0
17597,0.0
17598,0.0
17599,0.0
17600,0.0
17601,0.0
17602,0.0
17603,0.0
17604,0.0
17605,0.0
17606,0.0
17607,0.0
17608,0.0
17609,0.0
17610,0.0
17611,0.0
17612,0.0
17613,0.0
17614,0.0
17615,0.0
17616,0.0
17617,0.0
17618,0.0
17619,0.0
17620,0.0
17621,0.0
17622,0.0
17623,0.0
17624,0.0
17625,0.0
17626,1.0
17627,1.0
17628,1.0
17629,1.0
17630,1.0
17631,0.0
17632,1.0
17633,1.0
17634,1.0
17635,1.0
17636,1.0
17637,1.0
17638,1.0
17639,1.0
17640,1.0
17641,1.0
17642,1.0
17643,1.0
17644,1.0
17645,1.0
17646,1.0
17647,1.0
17648,1.0
17649,0.0
17650,1.0
17651,1.0
17652,0.0
17653,0.0
17654,0.0
17655,0.0
17656,0.0
17657,0.0
17658,0.0
17659,0.0
17660,0.0
17661,0.0
17662,0.0
17663,0.0
17664,0.0
17665,0.0
17666,0.0
17667,0.0
17668,0.0
17669,0.0
17670,0.0
17671,0.0
17672,0.0
17673,0.0
17674,0.0
17675,0.0
17676,0.0
17677,0.0
17678,0.0
17679,0.0
17680,0.0
17681,0.0
17682,0.0
17683,0.0
17684,0.0
17685,0.0
17686,0.0
17687,0.0
17688,0.0
17689,0.0
17690,0.0
17691,0.0
17692,0.0
17693,0.0
17694,0.0
17695,0.0
17696,0.0
17697,0.0
17698,0.0
17699,0.0
17700,0.0
17701,0.0
17702,0.0
17703,0.0
17704,0.0
17705,0.0
17706,0.0
17707,0.0
17708,0.0
17709,1.0
17710,0.0
17711,0.0
17712,0.0
17713,0.0
17714,0.0
17715,1.0
17716,0.0
17717,0.0
17718,0.0
17719,0.0
17720,0.0
17721,1.0
17722,0.0
17723,0.0
17724,0.0
17725,0.0
17726,0.0
17727,0.0
17728,0.0
17729,0.0
17730,0.0
17731,0.0
17732,0.0
17733,0.0
17734,0.0
17735,0.0
17736,0.0
17737,0.0
17738,0.0
17739,0.0
17740,0.0
17741,0.0
17742,0.0
17743,0.0
17744,0.0
17745,0.0
17746,0.0
17747,0.0
17748,0.0
17749,0.0
17750,0.0
17751,0.0
17752,0.0
17753,0.0
17754,0.0
17755,0.0
17756,0.0
17757,0.0
17758,0.0
17759,0.0
17760,0.0
17761,0.0
17762,0.0
17763,0.0
17764,0.0
17765,0.0
17766,0.0
17767,0.0
17768,0.0
17769,0.0
17770,0.0
17771,0.0
17772,0.0
17773,0.0
17774,0.0
17775,0.0
17776,0.0
17777,0.0
17778,0.0
17779,0.0
17780,0.0
17781,0.0
17782,0.0
17783,0.0
17784,0.0
17785,0.0
17786,0.0
17787,0.0
17788,0.0
17789,0.0
17790,0.0
17791,0.0
17792,0.0
17793,0.0
17794,0.0
17795,0.0
17796,0.0
17797,0.0
17798,0.0
17799,0.0
17800,0.0
17801,1.0
17802,1.0
17803,0.0
17804,1.0
17805,0.0
17806,0.0
17807,0.0
17808,0.0
17809,0.0
17810,0.0
17811,1.0
17812,1.0
17813,1.0
17814,1.0
17815,1.0
17816,1.0
17817,1.0
17818,1.0
17819,1.0
17820,1.0
17821,1.0
17822,1.0
17823,1.0
17824,1.0
17825,1.0
17826,1.0
17827,1.0
17828,1.0
17829,1.0
17830,1.0
17831,1.0
17832,1.0
17833,1.0
17834,1.0
17835,1.0
17836,1.0
17837,1.0
17838,1.0
17839,0.0
17840,0.0
17841,0.0
17842,0.0
17843,0.0
17844,0.0
17845,0.0
17846,0.0
17847,0.0
17848,0.0
17849,0.0
17850,0.0
17851,0.0
17852,1.0
17853,0.0
17854,1.0
17855,0.0
17856,0.0
17857,1.0
17858,1.0
17859,1.0
17860,1.0
17861,1.0
17862,1.0
17863,1.0
17864,1.0
17865,1.0
17866,1.0
17867,1.0
17868,1.0
17869,1.0
17870,1.0
17871,1.0
17872,1.0
17873,1.0
17874,1.0
17875,1.0
17876,1.0
17877,1.0
17878,1.0
17879,1.0
17880,1.0
17881,1.0
17882,1.0
17883,1.0
17884,1.0
17885,1.0
17886,1.0
17887,1.0
17888,1.0
17889,1.0
17890,1.0
17891,1.0
17892,1.0
17893,1.0
17894,1.0
17895,1.0
17896,1.0
17897,1.0
17898,1.0
17899,1.0
17900,1.0
17901,1.0
17902,0.0
17903,1.0
17904,0.0
17905,0.0
17906,0.0
17907,1.0
17908,1.0
17909,1.0
17910,1.0
17911,1.0
17912,1.0
17913,1.0
17914,1.0
17915,1.0
17916,1.0
17917,1.0
17918,1.0
17919,1.0
17920,1.0
17921,1.0
17922,1.0
17923,1.0
17924,1.0
17925,1.0
17926,1.0
17927,1.0
17928,1.0
17929,1.0
17930,1.0
17931,1.0
17932,1.0
17933,1.0
17934,1.0
17935,1.0
17936,1.0
17937,1.0
17938,1.0
17939,1.0
17940,1.0
17941,1.0
17942,1.0
17943,1.0
17944,0.0
17945,1.0
17946,1.0
17947,0.0
17948,1.0
17949,1.0
17950,1.0
17951,1.0
17952,1.0
17953,1.0
17954,1.0
17955,1.0
17956,0.0
17957,0.0
17958,0.0
17959,1.0
17960,1.0
17961,1.0
17962,0.0
17963,0.0
17964,0.0
17965,0.0
17966,0.0
17967,0.0
17968,0.0
17969,0.0
17970,0.0
17971,0.0
17972,0.0
17973,0.0
17974,0.0
17975,0.0
17976,0.0
17977,0.0
17978,0.0
17979,0.0
17980,0.0
17981,1.0
17982,1.0
17983,1.0
17984,1.0
17985,1.0
17986,1.0
17987,1.0
17988,1.0
17989,1.0
17990,1.0
17991,1.0
17992,1.0
17993,1.0
17994,1.0
17995,0.0
17996,0.0
17997,1.0
17998,1.0
17999,1.0
18000,1.0
18001,1.0
18002,0.0
18003,0.0
18004,0.0
18005,1.0
18006,1.0
18007,1.0
18008,1.0
18009,1.0
18010,0.0
18011,0.0
18012,0.0
18013,1.0
18014,1.0
18015,1.0
18016,1.0
18017,1.0
18018,0.0
18019,0.0
18020,1.0
18021,1.0
18022,1.0
18023,1.0
18024,1.0
18025,1.0
18026,1.0
18027,1.0
18028,1.0
18029,1.0
18030,1.0
18031,1.0
18032,1.0
18033,1.0
18034,1.0
18035,1.0
18036,1.0
18037,1.0
18038,1.0
18039,1.0
18040,1.0
18041,1.0
18042,0.0
18043,0.0
18044,1.0
18045,0.0
18046,1.0
18047,1.0
18048,1.0
18049,1.0
18050,1.0
18051,1.0
18052,1.0
18053,1.0
18054,1.0
18055,1.0
18056,1.0
18057,1.0
18058,1.0
18059,1.0
18060,1.0
18061,1.0
18062,1.0
18063,1.0
18064,1.0
18065,1.0
18066,1.0
18067,1.0
18068,1.0
18069,1.0
18070,1.0
18071,1.0
18072,1.0
18073,1.0
18074,1.0
18075,1.0
18076,1.0
18077,1.0
18078,1.0
18079,1.0
18080,1.0
18081,1.0
18082,1.0
18083,1.0
18084,1.0
18085,1.0
18086,1.0
18087,1.0
18088,0.0
18089,0.0
18090,0.0
18091,0.0
18092,0.0
18093,0.0
18094,0.0
18095,1.0
18096,0.0
18097,0.0
18098,0.0
18099,0.0
18100,1.0
18101,0.0
18102,1.0
18103,0.0
18104,0.0
18105,0.0
18106,1.0
18107,1.0
18108,1.0
18109,1.0
18110,1.0
18111,0.0
18112,0.0
18113,0.0
18114,1.0
18115,0.0
18116,1.0
18117,0.0
18118,0.0
18119,0.0
18120,0.0
18121,0.0
18122,0.0
18123,0.0
18124,0.0
18125,1.0
18126,0.0
18127,0.0
18128,0.0
18129,1.0
18130,1.0
18131,0.0
18132,0.0
18133,0.0
18134,0.0
18135,0.0
18136,0.0
18137,0.0
18138,0.0
18139,0.0
18140,0.0
18141,1.0
18142,0.0
18143,0.0
18144,0.0
18145,0.0
18146,0.0
18147,0.0
18148,0.0
18149,0.0
18150,0.0
18151,0.0
18152,0.0
18153,1.0
18154,1.0
18155,1.0
18156,0.0
18157,1.0
18158,1.0
18159,1.0
18160,0.0
18161,1.0
18162,1.0
18163,1.0
18164,0.0
18165,1.0
18166,1.0
18167,1.0
18168,0.0
18169,1.0
18170,1.0
18171,1.0
18172,0.0
18173,1.0
18174,1.0
18175,1.0
18176,0.0
18177,1.0
18178,1.0
18179,1.0
18180,0.0
18181,1.0
18182,1.0
18183,1.0
18184,0.0
18185,1.0
18186,0.0
18187,0.0
18188,0.0
18189,1.0
18190,1.0
18191,0.0
18192,0.0
18193,0.0
18194,1.0
18195,1.0
18196,0.0
18197,0.0
18198,0.0
18199,0.0
18200,0.0
18201,0.0
18202,1.0
18203,1.0
18204,0.0
18205,0.0
18206,0.0
18207,0.0
18208,0.0
18209,0.0
18210,0.0
18211,0.0
18212,0.0
18213,0.0
18214,0.0
18215,0.0
18216,0.0
18217,0.0
18218,0.0
18219,0.0
18220,0.0
18221,0.0
18222,0.0
18223,0.0
18224,0.0
18225,0.0
18226,0.0
18227,0.0
18228,0.0
18229,0.0
18230,0.0
18231,1.0
18232,1.0
18233,1.0
18234,1.0
18235,1.0
18236,1.0
18237,1.0
18238,1.0
18239,1.0
18240,1.0
18241,1.0
18242,1.0
18243,1.0
18244,1.0
18245,1.0
18246,1.0
18247,1.0
18248,1.0
18249,1.0
18250,1.0
18251,1.0
18252,1.0
18253,1.0
18254,1.0
18255,1.0
18256,1.0
18257,1.0
18258,0.0
18259,1.0
18260,1.0
18261,1.0
18262,1.0
18263,1.0
18264,0.0
18265,0.0
18266,0.0
18267,0.0
18268,0.0
18269,0.0
18270,0.0
18271,0.0
18272,0.0
18273,0.0
18274,0.0
18275,0.0
18276,0.0
18277,0.0
18278,0.0
18279,0.0
18280,0.0
18281,0.0
18282,0.0
18283,0.0
18284,0.0
18285,0.0
18286,0.0
18287,0.0
18288,1.0
18289,0.0
18290,0.0
18291,0.0
18292,0.0
18293,0.0
18294,0.0
18295,0.0
18296,0.0
18297,0.0
18298,1.0
18299,1.0
18300,1.0
18301,1.0
18302,1.0
18303,1.0
18304,1.0
18305,0.0
18306,0.0
18307,0.0
18308,0.0
18309,0.0
18310,0.0
18311,0.0
18312,0.0
18313,0.0
18314,0.0
18315,0.0
18316,0.0
18317,0.0
18318,0.0
18319,0.0
18320,0.0
18321,0.0
18322,0.0
18323,0.0
18324,0.0
18325,1.0
18326,0.0
18327,0.0
18328,0.0
18329,0.0
18330,0.0
18331,0.0
18332,0.0
18333,0.0
18334,0.0
18335,0.0
18336,1.0
18337,1.0
18338,1.0
18339,1.0
18340,1.0
18341,0.0
18342,0.0
18343,0.0
18344,0.0
18345,0.0
18346,0.0
18347,1.0
18348,0.0
18349,0.0
18350,0.0
18351,0.0
18352,1.0
18353,1.0
18354,1.0
18355,1.0
18356,0.0
18357,0.0
18358,0.0
18359,1.0
18360,0.0
18361,0.0
18362,0.0
18363,0.0
18364,0.0
18365,1.0
18366,1.0
18367,1.0
18368,1.0
18369,1.0
18370,1.0
18371,1.0
18372,0.0
18373,0.0
18374,0.0
18375,0.0
18376,0.0
18377,0.0
18378,0.0
18379,0.0
18380,0.0
18381,1.0
18382,1.0
18383,1.0
18384,1.0
18385,0.0
18386,1.0
18387,1.0
18388,1.0
18389,1.0
18390,1.0
18391,1.0
18392,1.0
18393,1.0
18394,1.0
18395,1.0
18396,1.0
18397,1.0
18398,1.0
18399,1.0
18400,1.0
18401,1.0
18402,1.0
18403,1.0
18404,1.0
18405,1.0
18406,1.0
18407,1.0
18408,1.0
18409,1.0
18410,1.0
18411,1.0
18412,1.0
18413,0.0
18414,1.0
18415,1.0
18416,1.0
18417,1.0
18418,0.0
18419,1.0
18420,1.0
18421,1.0
18422,1.0
18423,1.0
18424,0.0
18425,0.0
18426,0.0
18427,0.0
18428,0.0
18429,0.0
18430,0.0
18431,0.0
18432,0.0
18433,0.0
18434,0.0
18435,1.0
18436,1.0
18437,0.0
18438,0.0
18439,0.0
18440,1.0
18441,1.0
18442,0.0
18443,0.0
18444,0.0
18445,0.0
18446,1.0
18447,0.0
18448,0.0
18449,1.0
18450,1.0
18451,0.0
18452,1.0
18453,1.0
18454,1.0
18455,0.0
18456,0.0
18457,0.0
18458,1.0
18459,0.0
18460,0.0
18461,0.0
18462,0.0
18463,1.0
18464,0.0
18465,0.0
18466,1.0
18467,1.0
18468,1.0
18469,1.0
18470,1.0
18471,1.0
18472,1.0
18473,1.0
18474,1.0
18475,1.0
18476,1.0
18477,1.0
18478,0.0
18479,0.0
18480,0.0
18481,0.0
18482,0.0
18483,1.0
18484,1.0
18485,1.0
18486,1.0
18487,1.0
18488,1.0
18489,1.0
18490,1.0
18491,1.0
18492,0.0
18493,1.0
18494,1.0
18495,1.0
18496,1.0
18497,1.0
18498,1.0
18499,1.0
18500,1.0
18501,1.0
18502,1.0
18503,1.0
18504,1.0
18505,1.0
18506,1.0
18507,1.0
18508,1.0
18509,1.0
18510,1.0
18511,1.0
18512,1.0
18513,1.0
18514,1.0
18515,1.0
18516,1.0
18517,1.0
18518,1.0
18519,1.0
18520,1.0
18521,1.0
18522,1.0
18523,1.0
18524,1.0
18525,1.0
18526,1.0
18527,1.0
18528,1.0
18529,1.0
18530,1.0
18531,1.0
18532,1.0
18533,0.0
18534,1.0
18535,1.0
18536,1.0
18537,0.0
18538,1.0
18539,1.0
18540,1.0
18541,0.0
18542,1.0
18543,1.0
18544,1.0
18545,0.0
18546,1.0
18547,1.0
18548,1.0
18549,1.0
18550,1.0
18551,1.0
18552,1.0
18553,1.0
18554,1.0
18555,1.0
18556,1.0
18557,1.0
18558,1.0
18559,1.0
18560,1.0
18561,1.0
18562,1.0
18563,1.0
18564,0.0
18565,0.0
18566,0.0
18567,1.0
18568,0.0
18569,0.0
18570,0.0
18571,1.0
18572,0.0
18573,0.0
18574,0.0
18575,1.0
18576,0.0
18577,1.0
18578,0.0
18579,0.0
18580,1.0
18581,0.0
18582,0.0
18583,0.0
18584,0.0
18585,0.0
18586,0.0
18587,0.0
18588,0.0
18589,0.0
18590,0.0
18591,1.0
18592,1.0
18593,1.0
18594,1.0
18595,0.0
18596,0.0
18597,0.0
18598,1.0
18599,0.0
18600,0.0
18601,0.0
18602,0.0
18603,0.0
18604,0.0
18605,0.0
18606,0.0
18607,0.0
18608,0.0
18609,0.0
18610,0.0
18611,0.0
18612,0.0
18613,0.0
18614,0.0
18615,0.0
18616,0.0
18617,0.0
18618,0.0
18619,0.0
18620,0.0
18621,0.0
18622,0.0
18623,0.0
18624,0.0
18625,0.0
18626,0.0
18627,0.0
18628,0.0
18629,0.0
18630,0.0
18631,0.0
18632,0.0
18633,0.0
18634,0.0
18635,0.0
18636,1.0
18637,0.0
18638,0.0
18639,0.0
18640,1.0
18641,0.0
18642,0.0
18643,0.0
18644,0.0
18645,0.0
18646,0.0
18647,0.0
18648,1.0
18649,0.0
18650,0.0
18651,0.0
18652,0.0
18653,0.0
18654,0.0
18655,0.0
18656,0.0
18657,0.0
18658,1.0
18659,0.0
18660,0.0
18661,0.0
18662,0.0
18663,0.0
18664,0.0
18665,0.0
18666,1.0
18667,0.0
18668,0.0
18669,0.0
18670,0.0
18671,0.0
18672,1.0
18673,0.0
18674,0.0
18675,0.0
18676,1.0
18677,1.0
18678,1.0
18679,0.0
18680,0.0
18681,0.0
18682,0.0
18683,0.0
18684,0.0
18685,0.0
18686,0.0
18687,0.0
18688,0.0
18689,0.0
18690,0.0
18691,0.0
18692,0.0
18693,0.0
18694,0.0
18695,0.0
18696,0.0
18697,0.0
18698,0.0
18699,0.0
18700,0.0
18701,0.0
18702,0.0
18703,0.0
18704,0.0
18705,0.0
18706,0.0
18707,0.0
18708,0.0
18709,0.0
18710,0.0
18711,0.0
18712,0.0
18713,0.0
18714,0.0
18715,0.0
18716,0.0
18717,0.0
18718,0.0
18719,1.0
18720,0.0
18721,1.0
18722,1.0
18723,0.0
18724,0.0
18725,0.0
18726,0.0
18727,0.0
18728,0.0
18729,0.0
18730,0.0
18731,0.0
18732,0.0
18733,0.0
18734,0.0
18735,0.0
18736,0.0
18737,0.0
18738,0.0
18739,0.0
18740,0.0
18741,0.0
18742,0.0
18743,0.0
18744,0.0
18745,0.0
18746,0.0
18747,0.0
18748,0.0
18749,0.0
18750,0.0
18751,0.0
18752,0.0
18753,0.0
18754,0.0
18755,0.0
18756,0.0
18757,0.0
18758,0.0
18759,0.0
18760,0.0
18761,0.0
18762,0.0
18763,0.0
18764,0.0
18765,0.0
18766,0.0
18767,1.0
18768,1.0
18769,1.0
18770,1.0
18771,1.0
18772,1.0
18773,1.0
18774,1.0
18775,1.0
18776,1.0
18777,1.0
18778,1.0
18779,1.0
18780,1.0
18781,1.0
18782,1.0
18783,1.0
18784,1.0
18785,1.0
18786,1.0
18787,1.0
18788,1.0
18789,1.0
18790,1.0
18791,1.0
18792,1.0
18793,1.0
18794,1.0
18795,1.0
18796,1.0
18797,1.0
18798,1.0
18799,1.0
18800,1.0
18801,0.0
18802,0.0
18803,0.0
18804,0.0
18805,0.0
18806,0.0
18807,0.0
18808,0.0
18809,0.0
18810,0.0
18811,0.0
18812,0.0
18813,0.0
18814,0.0
18815,0.0
18816,0.0
18817,0.0
18818,1.0
18819,1.0
18820,1.0
18821,1.0
18822,1.0
18823,1.0
18824,0.0
18825,1.0
18826,1.0
18827,1.0
18828,1.0
18829,1.0
18830,1.0
18831,0.0
18832,1.0
18833,1.0
18834,1.0
18835,1.0
18836,1.0
18837,1.0
18838,1.0
18839,0.0
18840,1.0
18841,1.0
18842,1.0
18843,1.0
18844,0.0
18845,0.0
18846,1.0
18847,1.0
18848,0.0
18849,0.0
18850,1.0
18851,1.0
18852,0.0
18853,0.0
18854,1.0
18855,1.0
18856,0.0
18857,1.0
18858,1.0
18859,1.0
18860,1.0
18861,1.0
18862,1.0
18863,1.0
18864,1.0
18865,1.0
18866,1.0
18867,0.0
18868,1.0
18869,1.0
18870,1.0
18871,1.0
18872,1.0
18873,1.0
18874,1.0
18875,0.0
18876,0.0
18877,0.0
18878,0.0
18879,0.0
18880,0.0
18881,0.0
18882,0.0
18883,0.0
18884,0.0
18885,0.0
18886,0.0
18887,0.0
18888,1.0
18889,0.0
18890,0.0
18891,0.0
18892,0.0
18893,0.0
18894,0.0
18895,0.0
18896,0.0
18897,0.0
18898,0.0
18899,0.0
18900,0.0
18901,0.0
18902,0.0
18903,0.0
18904,0.0
18905,0.0
18906,0.0
18907,0.0
18908,0.0
18909,0.0
18910,1.0
18911,0.0
18912,0.0
18913,1.0
18914,1.0
18915,0.0
18916,0.0
18917,1.0
18918,1.0
18919,0.0
18920,0.0
18921,1.0
18922,1.0
18923,1.0
18924,0.0
18925,0.0
18926,1.0
18927,1.0
18928,0.0
18929,0.0
18930,1.0
18931,0.0
18932,0.0
18933,0.0
18934,0.0
18935,0.0
18936,0.0
18937,0.0
18938,0.0
18939,1.0
18940,1.0
18941,1.0
18942,1.0
18943,1.0
18944,1.0
18945,1.0
18946,0.0
18947,0.0
18948,0.0
18949,0.0
18950,0.0
18951,0.0
18952,0.0
18953,0.0
18954,0.0
18955,0.0
18956,0.0
18957,0.0
18958,0.0
18959,0.0
18960,0.0
18961,0.0
18962,0.0
18963,0.0
18964,0.0
18965,0.0
18966,0.0
18967,0.0
18968,0.0
18969,0.0
18970,0.0
18971,0.0
18972,0.0
18973,0.0
18974,0.0
18975,0.0
18976,0.0
18977,0.0
18978,0.0
18979,0.0
18980,0.0
18981,0.0
18982,0.0
18983,0.0
18984,0.0
18985,0.0
18986,0.0
18987,0.0
18988,0.0
18989,0.0
18990,0.0
18991,0.0
18992,0.0
18993,0.0
18994,0.0
18995,0.0
18996,0.0
18997,0.0
18998,0.0
18999,0.0
19000,0.0
19001,0.0
19002,0.0
19003,0.0
19004,0.0
19005,0.0
19006,0.0
19007,0.0
19008,0.0
19009,0.0
19010,0.0
19011,0.0
19012,0.0
19013,0.0
19014,0.0
19015,0.0
19016,0.0
19017,0.0
19018,0.0
19019,0.0
19020,0.0
19021,0.0
19022,0.0
19023,0.0
19024,0.0
19025,0.0
19026,0.0
19027,0.0
19028,0.0
19029,0.0
19030,0.0
19031,0.0
19032,0.0
19033,0.0
19034,0.0
19035,0.0
19036,0.0
19037,0.0
19038,0.0
19039,0.0
19040,0.0
19041,0.0
19042,0.0
19043,0.0
19044,0.0
19045,0.0
19046,0.0
19047,0.0
19048,0.0
19049,0.0
19050,0.0
19051,0.0
19052,0.0
19053,0.0
19054,0.0
19055,0.0
19056,0.0
19057,0.0
19058,0.0
19059,0.0
19060,0.0
19061,0.0
19062,0.0
19063,0.0
19064,0.0
19065,0.0
19066,0.0
19067,0.0
19068,0.0
19069,0.0
19070,0.0
19071,0.0
19072,0.0
19073,0.0
19074,0.0
19075,0.0
19076,0.0
19077,0.0
19078,0.0
19079,0.0
19080,0.0
19081,0.0
19082,0.0
19083,0.0
19084,0.0
19085,0.0
19086,0.0
19087,0.0
19088,0.0
19089,0.0
19090,0.0
19091,0.0
19092,0.0
19093,0.0
19094,0.0
19095,0.0
19096,0.0
19097,0.0
19098,0.0
19099,0.0
19100,0.0
19101,0.0
19102,0.0
19103,0.0
19104,0.0
19105,0.0
19106,0.0
19107,0.0
19108,0.0
19109,0.0
19110,0.0
19111,0.0
19112,0.0
19113,0.0
19114,0.0
19115,0.0
19116,0.0
19117,0.0
19118,0.0
19119,0.0
19120,0.0
19121,0.0
19122,0.0
19123,0.0
19124,0.0
19125,0.0
19126,0.0
19127,0.0
19128,0.0
19129,0.0
19130,0.0
19131,0.0
19132,0.0
19133,0.0
19134,0.0
19135,0.0
19136,0.0
19137,0.0
19138,0.0
19139,0.0
19140,0.0
19141,0.0
19142,0.0
19143,0.0
19144,0.0
19145,0.0
19146,0.0
19147,0.0
19148,0.0
19149,0.0
19150,0.0
19151,0.0
19152,0.0
19153,0.0
19154,0.0
19155,0.0
19156,0.0
19157,0.0
19158,0.0
19159,0.0
19160,0.0
19161,0.0
19162,0.0
19163,0.0
19164,0.0
19165,0.0
19166,0.0
19167,0.0
19168,0.0
19169,0.0
19170,0.0
19171,0.0
19172,0.0
19173,0.0
19174,0.0
19175,0.0
19176,0.0
19177,0.0
19178,0.0
19179,0.0
19180,0.0
19181,0.0
19182,0.0
19183,0.0
19184,0.0
19185,0.0
19186,0.0
19187,0.0
19188,0.0
19189,0.0
19190,0.0
19191,0.0
19192,0.0
19193,0.0
19194,0.0
19195,0.0
19196,0.0
19197,0.0
19198,0.0
19199,0.0
19200,0.0
19201,0.0
19202,0.0
19203,0.0
19204,0.0
19205,0.0
19206,1.0
19207,1.0
19208,0.0
19209,0.0
19210,0.0
19211,0.0
19212,0.0
19213,0.0
19214,0.0
19215,0.0
19216,0.0
19217,0.0
19218,0.0
19219,0.0
19220,0.0
19221,0.0
19222,0.0
19223,0.0
19224,0.0
19225,0.0
19226,0.0
19227,0.0
19228,0.0
19229,0.0
19230,0.0
19231,0.0
19232,0.0
19233,0.0
19234,0.0
19235,0.0
19236,0.0
19237,0.0
19238,0.0
19239,0.0
19240,0.0
19241,0.0
19242,0.0
19243,0.0
19244,0.0
19245,0.0
19246,0.0
19247,0.0
19248,0.0
19249,0.0
19250,0.0
19251,0.0
19252,0.0
19253,0.0
19254,0.0
19255,0.0
19256,1.0
19257,1.0
19258,0.0
19259,0.0
19260,0.0
19261,1.0
19262,1.0
19263,1.0
19264,0.0
19265,0.0
19266,0.0
19267,0.0
19268,0.0
19269,0.0
19270,0.0
19271,0.0
19272,0.0
19273,0.0
19274,0.0
19275,0.0
19276,0.0
19277,0.0
19278,0.0
19279,0.0
19280,0.0
19281,0.0
19282,0.0
19283,0.0
19284,0.0
19285,0.0
19286,0.0
19287,0.0
19288,0.0
19289,0.0
19290,0.0
19291,0.0
19292,0.0
19293,0.0
19294,0.0
19295,0.0
19296,0.0
19297,0.0
19298,0.0
19299,0.0
19300,0.0
19301,0.0
19302,0.0
19303,0.0
19304,0.0
19305,0.0
19306,0.0
19307,0.0
19308,0.0
19309,0.0
19310,0.0
19311,0.0
19312,0.0
19313,1.0
19314,0.0
19315,0.0
19316,0.0
19317,0.0
19318,0.0
19319,0.0
19320,0.0
19321,0.0
19322,0.0
19323,0.0
19324,0.0
19325,0.0
19326,0.0
19327,0.0
19328,0.0
19329,0.0
19330,0.0
19331,0.0
19332,0.0
19333,0.0
19334,0.0
19335,0.0
19336,0.0
19337,0.0
19338,0.0
19339,0.0
19340,0.0
19341,0.0
19342,0.0
19343,0.0
19344,0.0
19345,0.0
19346,0.0
19347,0.0
19348,0.0
19349,0.0
19350,0.0
19351,0.0
19352,1.0
19353,0.0
19354,0.0
19355,1.0
19356,0.0
19357,0.0
19358,0.0
19359,0.0
19360,0.0
19361,0.0
19362,0.0
19363,0.0
19364,0.0
19365,0.0
19366,0.0
19367,0.0
19368,0.0
19369,0.0
19370,0.0
19371,0.0
19372,0.0
19373,0.0
19374,0.0
19375,0.0
19376,0.0
19377,0.0
19378,0.0
19379,0.0
19380,0.0
19381,0.0
19382,0.0
19383,0.0
19384,0.0
19385,0.0
19386,0.0
19387,0.0
19388,0.0
19389,0.0
19390,0.0
19391,0.0
19392,0.0
19393,0.0
19394,0.0
19395,0.0
19396,0.0
19397,0.0
19398,0.0
19399,0.0
19400,0.0
19401,0.0
19402,0.0
19403,0.0
19404,0.0
19405,0.0
19406,0.0
19407,0.0
19408,0.0
19409,0.0
19410,0.0
19411,0.0
19412,0.0
19413,0.0
19414,0.0
19415,0.0
19416,0.0
19417,0.0
19418,0.0
19419,0.0
19420,0.0
19421,0.0
19422,0.0
19423,0.0
19424,0.0
19425,0.0
19426,0.0
19427,0.0
19428,0.0
19429,0.0
19430,0.0
19431,0.0
19432,0.0
19433,0.0
19434,0.0
19435,0.0
19436,0.0
19437,0.0
19438,0.0
19439,0.0
19440,0.0
19441,0.0
19442,0.0
19443,0.0
19444,0.0
19445,0.0
19446,0.0
19447,0.0
19448,0.0
19449,0.0
19450,0.0
19451,0.0
19452,0.0
19453,0.0
19454,0.0
19455,0.0
19456,0.0
19457,0.0
19458,0.0
19459,0.0
19460,0.0
19461,0.0
19462,0.0
19463,0.0
19464,0.0
19465,0.0
19466,0.0
19467,0.0
19468,0.0
19469,0.0
19470,0.0
19471,0.0
19472,0.0
19473,0.0
19474,0.0
19475,0.0
19476,0.0
19477,0.0
19478,0.0
19479,0.0
19480,0.0
19481,0.0
19482,0.0
19483,0.0
19484,0.0
19485,0.0
19486,0.0
19487,0.0
19488,0.0
19489,0.0
19490,0.0
19491,0.0
19492,0.0
19493,0.0
19494,0.0
19495,0.0
19496,0.0
19497,0.0
19498,0.0
19499,0.0
19500,0.0
19501,0.0
19502,0.0
19503,0.0
19504,0.0
19505,0.0
19506,0.0
19507,0.0
19508,0.0
19509,0.0
19510,0.0
19511,0.0
19512,0.0
19513,0.0
19514,0.0
19515,0.0
19516,0.0
19517,0.0
19518,0.0
19519,0.0
19520,0.0
19521,0.0
19522,0.0
19523,0.0
19524,0.0
19525,0.0
19526,0.0
19527,0.0
19528,0.0
19529,0.0
19530,0.0
19531,0.0
19532,0.0
19533,0.0
19534,0.0
19535,0.0
19536,0.0
19537,0.0
19538,0.0
19539,0.0
19540,0.0
19541,0.0
19542,0.0
19543,0.0
19544,0.0
19545,0.0
19546,0.0
19547,0.0
19548,0.0
19549,0.0
19550,0.0
19551,0.0
19552,0.0
19553,0.0
19554,0.0
19555,0.0
19556,0.0
19557,0.0
19558,0.0
19559,0.0
19560,0.0
19561,0.0
19562,0.0
19563,0.0
19564,0.0
19565,0.0
19566,0.0
19567,0.0
19568,0.0
19569,0.0
19570,0.0
19571,0.0
19572,0.0
19573,0.0
19574,0.0
19575,0.0
19576,1.0
19577,0.0
19578,0.0
19579,0.0
19580,0.0
19581,0.0
19582,0.0
19583,0.0
19584,0.0
19585,0.0
19586,0.0
19587,0.0
19588,0.0
19589,0.0
19590,0.0
19591,0.0
19592,0.0
19593,0.0
19594,0.0
19595,0.0
19596,0.0
19597,0.0
19598,0.0
19599,0.0
19600,0.0
19601,0.0
19602,0.0
19603,0.0
19604,0.0
19605,0.0
19606,0.0
19607,0.0
19608,0.0
19609,0.0
19610,0.0
19611,0.0
19612,0.0
19613,0.0
19614,0.0
19615,0.0
19616,0.0
19617,0.0
19618,0.0
19619,0.0
19620,0.0
19621,0.0
19622,0.0
19623,0.0
19624,0.0
19625,0.0
19626,0.0
19627,1.0
19628,1.0
19629,1.0
19630,1.0
19631,1.0
19632,1.0
19633,1.0
19634,1.0
19635,1.0
19636,1.0
19637,1.0
19638,1.0
19639,1.0
19640,1.0
19641,1.0
19642,1.0
19643,1.0
19644,1.0
19645,1.0
19646,1.0
19647,1.0
19648,1.0
19649,1.0
19650,1.0
19651,1.0
19652,1.0
19653,1.0
19654,1.0
19655,1.0
19656,1.0
19657,1.0
19658,1.0
19659,1.0
19660,0.0
19661,1.0
19662,1.0
19663,1.0
19664,1.0
19665,1.0
19666,1.0
19667,1.0
19668,1.0
19669,0.0
19670,0.0
19671,1.0
19672,1.0
19673,1.0
19674,1.0
19675,0.0
19676,0.0
19677,0.0
19678,0.0
19679,0.0
19680,0.0
19681,0.0
19682,0.0
19683,0.0
19684,0.0
19685,0.0
19686,0.0
19687,0.0
19688,0.0
19689,0.0
19690,0.0
19691,1.0
19692,1.0
19693,1.0
19694,1.0
19695,1.0
19696,1.0
19697,1.0
19698,1.0
19699,1.0
19700,1.0
19701,1.0
19702,1.0
19703,1.0
19704,1.0
19705,1.0
19706,1.0
19707,0.0
19708,0.0
19709,0.0
19710,1.0
19711,1.0
19712,1.0
19713,1.0
19714,1.0
19715,0.0
19716,0.0
19717,0.0
19718,0.0
19719,1.0
19720,1.0
19721,1.0
19722,1.0
19723,1.0
19724,0.0
19725,0.0
19726,0.0
19727,0.0
19728,1.0
19729,1.0
19730,1.0
19731,1.0
19732,0.0
19733,0.0
19734,1.0
19735,1.0
19736,1.0
19737,1.0
19738,1.0
19739,1.0
19740,1.0
19741,1.0
19742,1.0
19743,1.0
19744,1.0
19745,1.0
19746,1.0
19747,1.0
19748,1.0
19749,1.0
19750,1.0
19751,1.0
19752,1.0
19753,1.0
19754,1.0
19755,1.0
19756,1.0
19757,1.0
19758,1.0
19759,0.0
19760,0.0
19761,0.0
19762,0.0
19763,0.0
19764,1.0
19765,1.0
19766,1.0
19767,1.0
19768,1.0
19769,1.0
19770,1.0
19771,1.0
19772,0.0
19773,0.0
19774,0.0
19775,0.0
19776,0.0
19777,0.0
19778,0.0
19779,1.0
19780,1.0
19781,1.0
19782,1.0
19783,0.0
19784,1.0
19785,1.0
19786,1.0
19787,1.0
19788,1.0
19789,1.0
19790,0.0
19791,0.0
19792,0.0
19793,0.0
19794,1.0
19795,0.0
19796,0.0
19797,1.0
19798,0.0
19799,0.0
19800,0.0
19801,0.0
19802,1.0
19803,0.0
19804,1.0
19805,1.0
19806,1.0
19807,1.0
19808,1.0
19809,1.0
19810,1.0
19811,1.0
19812,1.0
19813,1.0
19814,1.0
19815,1.0
19816,1.0
19817,1.0
19818,1.0
19819,1.0
19820,1.0
19821,1.0
19822,1.0
19823,1.0
19824,1.0
19825,1.0
19826,1.0
19827,1.0
19828,1.0
19829,0.0
19830,0.0
19831,1.0
19832,0.0
19833,0.0
19834,0.0
19835,1.0
19836,0.0
19837,0.0
19838,0.0
19839,1.0
19840,0.0
19841,0.0
19842,0.0
19843,1.0
19844,0.0
19845,0.0
19846,0.0
19847,1.0
19848,0.0
19849,1.0
19850,1.0
19851,1.0
19852,0.0
19853,1.0
19854,1.0
19855,1.0
19856,1.0
19857,1.0
19858,1.0
19859,1.0
19860,1.0
19861,1.0
19862,1.0
19863,1.0
19864,1.0
19865,1.0
19866,1.0
19867,1.0
19868,1.0
19869,1.0
19870,1.0
19871,1.0
19872,1.0
19873,1.0
19874,1.0
19875,1.0
19876,1.0
19877,1.0
19878,1.0
19879,1.0
19880,1.0
19881,1.0
19882,1.0
19883,1.0
19884,1.0
19885,1.0
19886,1.0
19887,1.0
19888,1.0
19889,1.0
19890,1.0
19891,1.0
19892,1.0
19893,1.0
19894,1.0
19895,1.0
19896,1.0
19897,1.0
19898,1.0
19899,1.0
19900,1.0
19901,1.0
19902,1.0
19903,1.0
19904,1.0
19905,1.0
19906,1.0
19907,1.0
19908,1.0
19909,1.0
19910,1.0
19911,1.0
19912,1.0
19913,1.0
19914,1.0
19915,1.0
19916,1.0
19917,1.0
19918,1.0
19919,1.0
19920,1.0
19921,1.0
19922,1.0
19923,1.0
19924,1.0
19925,1.0
19926,1.0
19927,1.0
19928,1.0
19929,1.0
19930,1.0
19931,1.0
19932,1.0
19933,1.0
19934,1.0
19935,1.0
19936,1.0
19937,1.0
19938,1.0
19939,1.0
19940,1.0
19941,1.0
19942,1.0
19943,1.0
19944,1.0
19945,1.0
19946,1.0
19947,1.0
19948,1.0
19949,1.0
19950,1.0
19951,1.0
19952,1.0
19953,1.0
19954,1.0
19955,1.0
19956,1.0
19957,1.0
19958,1.0
19959,1.0
19960,1.0
19961,1.0
19962,1.0
19963,1.0
19964,1.0
19965,1.0
19966,1.0
19967,1.0
19968,1.0
19969,1.0
19970,1.0
19971,1.0
19972,1.0
19973,1.0
19974,1.0
19975,1.0
19976,1.0
19977,1.0
19978,1.0
19979,1.0
19980,1.0
19981,1.0
19982,1.0
19983,1.0
19984,1.0
19985,1.0
19986,1.0
19987,1.0
19988,1.0
19989,1.0
19990,1.0
19991,1.0
19992,1.0
19993,1.0
19994,1.0
19995,1.0
19996,1.0
19997,1.0
19998,1.0
19999,1.0
20000,0.0
20001,0.0
20002,1.0
20003,0.0
20004,0.0
20005,1.0
20006,1.0
20007,0.0
20008,0.0
20009,1.0
20010,0.0
20011,0.0
20012,1.0
20013,1.0
20014,1.0
20015,1.0
20016,1.0
20017,1.0
20018,1.0
20019,1.0
20020,1.0
20021,1.0
20022,1.0
20023,1.0
20024,0.0
20025,0.0
20026,0.0
20027,1.0
20028,1.0
20029,1.0
20030,1.0
20031,1.0
20032,1.0
20033,1.0
20034,1.0
20035,1.0
20036,1.0
20037,1.0
20038,1.0
20039,1.0
20040,1.0
20041,1.0
20042,1.0
20043,1.0
20044,1.0
20045,1.0
20046,1.0
20047,1.0
20048,1.0
20049,1.0
20050,1.0
20051,1.0
20052,1.0
20053,1.0
20054,1.0
20055,1.0
20056,1.0
20057,1.0
20058,1.0
20059,1.0
20060,1.0
20061,1.0
20062,1.0
20063,1.0
20064,1.0
20065,1.0
20066,1.0
20067,1.0
20068,1.0
20069,1.0
20070,1.0
20071,1.0
20072,1.0
20073,1.0
20074,1.0
20075,1.0
20076,1.0
20077,1.0
20078,1.0
20079,1.0
20080,1.0
20081,1.0
20082,1.0
20083,1.0
20084,1.0
20085,1.0
20086,1.0
20087,1.0
20088,1.0
20089,1.0
20090,1.0
20091,1.0
20092,1.0
20093,1.0
20094,1.0
20095,1.0
20096,1.0
20097,1.0
20098,1.0
20099,1.0
20100,1.0
20101,1.0
20102,1.0
20103,1.0
20104,1.0
20105,1.0
20106,1.0
20107,1.0
20108,1.0
20109,1.0
20110,1.0
20111,1.0
20112,1.0
20113,1.0
20114,1.0
20115,1.0
20116,1.0
20117,1.0
20118,1.0
20119,1.0
20120,1.0
20121,1.0
20122,1.0
20123,1.0
20124,1.0
20125,1.0
20126,1.0
20127,1.0
20128,1.0
20129,1.0
20130,1.0
20131,1.0
20132,1.0
20133,1.0
20134,1.0
20135,1.0
20136,1.0
20137,1.0
20138,1.0
20139,1.0
20140,1.0
20141,1.0
20142,1.0
20143,1.0
20144,1.0
20145,1.0
20146,1.0
20147,1.0
20148,1.0
20149,1.0
20150,1.0
20151,1.0
20152,1.0
20153,1.0
20154,0.0
20155,0.0
20156,0.0
20157,0.0
20158,0.0
20159,0.0
20160,0.0
20161,0.0
20162,0.0
20163,0.0
20164,0.0
20165,0.0
20166,0.0
20167,0.0
20168,0.0
20169,0.0
20170,0.0
20171,0.0
20172,0.0
20173,0.0
20174,0.0
20175,0.0
20176,0.0
20177,0.0
20178,0.0
20179,0.0
20180,0.0
20181,0.0
20182,0.0
20183,0.0
20184,0.0
20185,0.0
20186,1.0
20187,1.0
20188,1.0
20189,1.0
20190,0.0
20191,1.0
20192,0.0
20193,0.0
20194,0.0
20195,0.0
20196,0.0
20197,0.0
20198,0.0
20199,0.0
20200,0.0
20201,0.0
20202,1.0
20203,1.0
20204,1.0
20205,1.0
20206,1.0
20207,0.0
20208,1.0
20209,1.0
20210,1.0
20211,0.0
20212,1.0
20213,0.0
20214,1.0
20215,1.0
20216,0.0
20217,0.0
20218,0.0
20219,0.0
20220,0.0
20221,0.0
20222,1.0
20223,0.0
20224,1.0
20225,1.0
20226,1.0
20227,1.0
20228,1.0
20229,1.0
20230,0.0
20231,0.0
20232,0.0
20233,0.0
20234,0.0
20235,1.0
20236,1.0
20237,1.0
20238,1.0
20239,1.0
20240,1.0
20241,1.0
20242,1.0
20243,0.0
20244,0.0
20245,0.0
20246,0.0
20247,0.0
20248,0.0
20249,0.0
20250,0.0
20251,0.0
20252,0.0
20253,1.0
20254,0.0
20255,0.0
20256,0.0
20257,0.0
20258,0.0
20259,1.0
20260,0.0
20261,1.0
20262,1.0
20263,0.0
20264,1.0
20265,1.0
20266,1.0
20267,1.0
20268,1.0
20269,1.0
20270,0.0
20271,0.0
20272,0.0
20273,0.0
20274,0.0
20275,0.0
20276,0.0
20277,1.0
20278,0.0
20279,0.0
20280,1.0
20281,1.0
20282,1.0
20283,1.0
20284,0.0
20285,0.0
20286,0.0
20287,0.0
20288,0.0
20289,0.0
20290,0.0
20291,0.0
20292,0.0
20293,0.0
20294,0.0
20295,0.0
20296,0.0
20297,0.0
20298,0.0
20299,0.0
20300,0.0
20301,0.0
20302,0.0
20303,0.0
20304,0.0
20305,0.0
20306,0.0
20307,0.0
20308,0.0
20309,0.0
20310,0.0
20311,0.0
20312,1.0
20313,0.0
20314,0.0
20315,1.0
20316,0.0
20317,0.0
20318,1.0
20319,0.0
20320,0.0
20321,1.0
20322,0.0
20323,0.0
20324,1.0
20325,0.0
20326,1.0
20327,1.0
20328,1.0
20329,1.0
20330,1.0
20331,1.0
20332,0.0
20333,1.0
20334,0.0
20335,0.0
20336,0.0
20337,1.0
20338,1.0
20339,0.0
20340,1.0
20341,1.0
20342,1.0
20343,0.0
20344,0.0
20345,0.0
20346,1.0
20347,1.0
20348,1.0
20349,0.0
20350,0.0
20351,0.0
20352,1.0
20353,1.0
20354,1.0
20355,0.0
20356,0.0
20357,1.0
20358,1.0
20359,1.0
20360,1.0
20361,0.0
20362,1.0
20363,0.0
20364,0.0
20365,0.0
20366,0.0
20367,0.0
20368,0.0
20369,0.0
20370,0.0
20371,0.0
20372,0.0
20373,0.0
20374,0.0
20375,0.0
20376,0.0
20377,0.0
20378,0.0
20379,0.0
20380,0.0
20381,0.0
20382,1.0
20383,1.0
20384,0.0
20385,0.0
20386,0.0
20387,0.0
20388,0.0
20389,0.0
20390,0.0
20391,0.0
20392,0.0
20393,0.0
20394,0.0
20395,0.0
20396,0.0
20397,0.0
20398,0.0
20399,0.0
20400,0.0
20401,0.0
20402,0.0
20403,0.0
20404,0.0
20405,0.0
20406,0.0
20407,0.0
20408,0.0
20409,0.0
20410,0.0
20411,0.0
20412,0.0
20413,0.0
20414,0.0
20415,0.0
20416,0.0
20417,0.0
20418,0.0
20419,0.0
20420,0.0
20421,0.0
20422,1.0
20423,1.0
20424,0.0
20425,0.0
20426,1.0
20427,1.0
20428,0.0
20429,0.0
20430,1.0
20431,0.0
20432,0.0
20433,0.0
20434,0.0
20435,1.0
20436,1.0
20437,1.0
20438,1.0
20439,1.0
20440,1.0
20441,1.0
20442,1.0
20443,1.0
20444,1.0
20445,1.0
20446,1.0
20447,1.0
20448,1.0
20449,1.0
20450,1.0
20451,1.0
20452,1.0
20453,1.0
20454,1.0
20455,1.0
20456,1.0
20457,1.0
20458,1.0
20459,1.0
20460,1.0
20461,1.0
20462,1.0
20463,1.0
20464,1.0
20465,1.0
20466,1.0
20467,1.0
20468,1.0
20469,1.0
20470,1.0
20471,1.0
20472,1.0
20473,1.0
20474,1.0
20475,1.0
20476,1.0
20477,1.0
20478,1.0
20479,1.0
20480,1.0
20481,1.0
20482,1.0
20483,1.0
20484,1.0
20485,1.0
20486,1.0
20487,1.0
20488,1.0
20489,1.0
20490,1.0
20491,1.0
20492,1.0
20493,1.0
20494,1.0
20495,1.0
20496,1.0
20497,1.0
20498,1.0
20499,1.0
20500,1.0
20501,1.0
20502,1.0
20503,1.0
20504,1.0
20505,1.0
20506,1.0
20507,1.0
20508,1.0
20509,1.0
20510,1.0
20511,1.0
20512,1.0
20513,1.0
20514,1.0
20515,1.0
20516,1.0
20517,1.0
20518,1.0
20519,1.0
20520,1.0
20521,1.0
20522,1.0
20523,1.0
20524,1.0
20525,1.0
20526,1.0
20527,1.0
20528,1.0
20529,1.0
20530,1.0
20531,1.0
20532,1.0
20533,1.0
20534,1.0
20535,1.0
20536,1.0
20537,1.0
20538,1.0
20539,1.0
20540,1.0
20541,1.0
20542,1.0
20543,1.0
20544,1.0
20545,1.0
20546,1.0
20547,1.0
20548,1.0
20549,1.0
20550,1.0
20551,1.0
20552,1.0
20553,1.0
20554,1.0
20555,1.0
20556,1.0
20557,1.0
20558,1.0
20559,1.0
20560,1.0
20561,1.0
20562,1.0
20563,1.0
20564,1.0
20565,1.0
20566,1.0
20567,1.0
20568,1.0
20569,1.0
20570,1.0
20571,1.0
20572,1.0
20573,1.0
20574,1.0
20575,1.0
20576,1.0
20577,1.0
20578,1.0
20579,1.0
20580,1.0
20581,1.0
20582,1.0
20583,1.0
20584,1.0
20585,1.0
20586,1.0
20587,1.0
20588,1.0
20589,1.0
20590,1.0
20591,1.0
20592,1.0
20593,1.0
20594,1.0
20595,1.0
20596,1.0
20597,1.0
20598,1.0
20599,1.0
20600,1.0
20601,1.0
20602,1.0
20603,1.0
20604,1.0
20605,1.0
20606,1.0
20607,1.0
20608,1.0
20609,1.0
20610,1.0
20611,1.0
20612,1.0
20613,1.0
20614,1.0
20615,1.0
20616,1.0
20617,1.0
20618,1.0
20619,1.0
20620,1.0
20621,1.0
20622,1.0
20623,1.0
20624,1.0
20625,1.0
20626,1.0
20627,1.0
20628,1.0
20629,1.0
20630,1.0
20631,1.0
20632,1.0
20633,1.0
20634,1.0
20635,1.0
20636,1.0
20637,1.0
20638,1.0
20639,1.0
20640,1.0
20641,1.0
20642,1.0
20643,1.0
20644,1.0
20645,1.0
20646,1.0
20647,1.0
20648,1.0
20649,1.0
20650,1.0
20651,1.0
20652,1.0
20653,1.0
20654,1.0
20655,1.0
20656,1.0
20657,1.0
20658,1.0
20659,1.0
20660,1.0
20661,1.0
20662,1.0
20663,1.0
20664,1.0
20665,1.0
20666,1.0
20667,1.0
20668,1.0
20669,1.0
20670,1.0
20671,1.0
20672,1.0
20673,1.0
20674,1.0
20675,1.0
20676,1.0
20677,1.0
20678,1.0
20679,1.0
20680,1.0
20681,1.0
20682,1.0
20683,1.0
20684,1.0
20685,1.0
20686,1.0
20687,1.0
20688,1.0
20689,1.0
20690,1.0
20691,1.0
20692,1.0
20693,1.0
20694,1.0
20695,1.0
20696,1.0
20697,1.0
20698,1.0
20699,1.0
20700,1.0
20701,1.0
20702,1.0
20703,1.0
20704,1.0
20705,1.0
20706,1.0
20707,1.0
20708,1.0
20709,1.0
20710,1.0
20711,1.0
20712,1.0
20713,0.0
20714,0.0
20715,0.0
20716,0.0
20717,0.0
20718,0.0
20719,0.0
20720,0.0
20721,0.0
20722,0.0
20723,0.0
20724,0.0
20725,0.0
20726,0.0
20727,0.0
20728,0.0
20729,0.0
20730,0.0
20731,0.0
20732,0.0
20733,0.0
20734,0.0
20735,0.0
20736,0.0
20737,0.0
20738,0.0
20739,0.0
20740,0.0
20741,0.0
20742,0.0
20743,1.0
20744,1.0
20745,1.0
20746,1.0
20747,1.0
20748,1.0
20749,1.0
20750,0.0
20751,1.0
20752,1.0
20753,1.0
20754,1.0
20755,1.0
20756,1.0
20757,1.0
20758,1.0
20759,1.0
20760,0.0
20761,0.0
20762,1.0
20763,1.0
20764,1.0
20765,1.0
20766,1.0
20767,0.0
20768,1.0
20769,1.0
20770,1.0
20771,1.0
20772,1.0
20773,1.0
20774,1.0
20775,1.0
20776,0.0
20777,1.0
20778,1.0
20779,1.0
20780,1.0
20781,1.0
20782,0.0
20783,1.0
20784,1.0
20785,1.0
20786,1.0
20787,1.0
20788,1.0
20789,1.0
20790,0.0
20791,0.0
20792,1.0
20793,0.0
20794,0.0
20795,0.0
20796,0.0
20797,1.0
20798,0.0
20799,0.0
20800,1.0
20801,1.0
20802,1.0
20803,0.0
20804,1.0
20805,0.0
20806,0.0
20807,0.0
20808,0.0
20809,0.0
20810,0.0
20811,0.0
20812,1.0
20813,1.0
20814,0.0
20815,1.0
20816,0.0
20817,0.0
20818,1.0
20819,1.0
20820,1.0
20821,1.0
20822,1.0
20823,1.0
20824,0.0
20825,1.0
20826,0.0
20827,0.0
20828,0.0
20829,1.0
20830,0.0
20831,0.0
20832,0.0
20833,0.0
20834,0.0
20835,0.0
20836,1.0
20837,1.0
20838,1.0
20839,1.0
20840,1.0
20841,0.0
20842,0.0
20843,0.0
20844,0.0
20845,0.0
20846,0.0
20847,0.0
20848,0.0
20849,0.0
20850,0.0
20851,0.0
20852,0.0
20853,0.0
20854,0.0
20855,1.0
20856,1.0
20857,1.0
20858,1.0
20859,1.0
20860,1.0
20861,0.0
20862,1.0
20863,1.0
20864,0.0
20865,1.0
20866,1.0
20867,0.0
20868,0.0
20869,1.0
20870,1.0
20871,0.0
20872,1.0
20873,1.0
20874,1.0
20875,0.0
20876,1.0
20877,0.0
20878,1.0
20879,0.0
20880,0.0
20881,0.0
20882,1.0
20883,1.0
20884,1.0
20885,1.0
20886,0.0
20887,1.0
20888,0.0
20889,0.0
20890,0.0
20891,0.0
20892,0.0
20893,0.0
20894,0.0
20895,0.0
20896,0.0
20897,1.0
20898,0.0
20899,0.0
20900,0.0
20901,0.0
20902,1.0
20903,1.0
20904,1.0
20905,1.0
20906,1.0
20907,1.0
20908,1.0
20909,0.0
20910,0.0
20911,0.0
20912,0.0
20913,0.0
20914,0.0
20915,0.0
20916,0.0
20917,0.0
20918,0.0
20919,0.0
20920,0.0
20921,0.0
20922,0.0
20923,1.0
20924,0.0
20925,0.0
20926,0.0
20927,1.0
20928,0.0
20929,0.0
20930,0.0
20931,1.0
20932,0.0
20933,0.0
20934,0.0
20935,1.0
20936,0.0
20937,0.0
20938,0.0
20939,1.0
20940,0.0
20941,0.0
20942,1.0
20943,1.0
20944,1.0
20945,0.0
20946,0.0
20947,0.0
20948,0.0
20949,0.0
20950,0.0
20951,1.0
20952,0.0
20953,0.0
20954,0.0
20955,0.0
20956,1.0
20957,0.0
20958,0.0
20959,0.0
20960,0.0
20961,1.0
20962,0.0
20963,0.0
20964,0.0
20965,0.0
20966,1.0
20967,0.0
20968,0.0
20969,0.0
20970,0.0
20971,1.0
20972,0.0
20973,0.0
20974,0.0
20975,0.0
20976,1.0
20977,0.0
20978,0.0
20979,1.0
20980,1.0
20981,1.0
20982,1.0
20983,1.0
20984,1.0
20985,1.0
20986,0.0
20987,0.0
20988,0.0
20989,0.0
20990,0.0
20991,0.0
20992,0.0
20993,1.0
20994,1.0
20995,0.0
20996,0.0
20997,0.0
20998,1.0
20999,0.0
21000,0.0
21001,0.0
21002,0.0
21003,1.0
21004,1.0
21005,0.0
21006,0.0
21007,1.0
21008,1.0
21009,0.0
21010,0.0
21011,1.0
21012,1.0
21013,0.0
21014,0.0
21015,1.0
21016,1.0
21017,0.0
21018,0.0
21019,1.0
21020,0.0
21021,0.0
21022,0.0
21023,0.0
21024,0.0
21025,0.0
21026,0.0
21027,0.0
21028,0.0
21029,0.0
21030,0.0
21031,1.0
21032,1.0
21033,1.0
21034,1.0
21035,1.0
21036,1.0
21037,1.0
21038,1.0
21039,1.0
21040,1.0
21041,1.0
21042,1.0
21043,1.0
21044,1.0
21045,1.0
21046,1.0
21047,1.0
21048,1.0
21049,1.0
21050,1.0
21051,1.0
21052,1.0
21053,1.0
21054,1.0
21055,1.0
21056,1.0
21057,1.0
21058,1.0
21059,1.0
21060,1.0
21061,1.0
21062,1.0
21063,1.0
21064,1.0
21065,1.0
21066,1.0
21067,1.0
21068,1.0
21069,1.0
21070,1.0
21071,1.0
21072,1.0
21073,1.0
21074,0.0
21075,0.0
21076,0.0
21077,0.0
21078,0.0
21079,1.0
21080,1.0
21081,1.0
21082,1.0
21083,1.0
21084,1.0
21085,1.0
21086,1.0
21087,1.0
21088,1.0
21089,1.0
21090,1.0
21091,1.0
21092,1.0
21093,1.0
21094,1.0
21095,1.0
21096,1.0
21097,1.0
21098,1.0
21099,1.0
21100,1.0
21101,1.0
21102,1.0
21103,1.0
21104,1.0
21105,1.0
21106,1.0
21107,0.0
21108,1.0
21109,1.0
21110,0.0
21111,1.0
21112,1.0
21113,0.0
21114,1.0
21115,0.0
21116,0.0
21117,0.0
21118,1.0
21119,0.0
21120,1.0
21121,1.0
21122,1.0
21123,1.0
21124,1.0
21125,1.0
21126,1.0
21127,1.0
21128,1.0
21129,1.0
21130,1.0
21131,1.0
21132,1.0
21133,1.0
21134,1.0
21135,1.0
21136,1.0
21137,1.0
21138,1.0
21139,1.0
21140,1.0
21141,1.0
21142,1.0
21143,1.0
21144,1.0
21145,1.0
21146,1.0
21147,1.0
21148,1.0
21149,1.0
21150,0.0
21151,1.0
21152,0.0
21153,0.0
21154,0.0
21155,1.0
21156,0.0
21157,0.0
21158,0.0
21159,0.0
21160,0.0
21161,0.0
21162,0.0
21163,0.0
21164,0.0
21165,0.0
21166,0.0
21167,1.0
21168,0.0
21169,0.0
21170,0.0
21171,0.0
21172,0.0
21173,0.0
21174,0.0
21175,0.0
21176,0.0
21177,1.0
21178,0.0
21179,0.0
21180,0.0
21181,0.0
21182,1.0
21183,1.0
21184,1.0
21185,1.0
21186,1.0
21187,1.0
21188,1.0
21189,1.0
21190,1.0
21191,1.0
21192,1.0
21193,1.0
21194,1.0
21195,1.0
21196,1.0
21197,1.0
21198,1.0
21199,1.0
21200,1.0
21201,1.0
21202,1.0
21203,1.0
21204,1.0
21205,1.0
21206,1.0
21207,1.0
21208,1.0
21209,1.0
21210,1.0
21211,1.0
21212,1.0
21213,1.0
21214,1.0
21215,1.0
21216,1.0
21217,1.0
21218,1.0
21219,1.0
21220,1.0
21221,1.0
21222,1.0
21223,0.0
21224,0.0
21225,0.0
21226,0.0
21227,0.0
21228,0.0
21229,0.0
21230,1.0
21231,1.0
21232,1.0
21233,1.0
21234,1.0
21235,1.0
21236,1.0
21237,1.0
21238,1.0
21239,1.0
21240,1.0
21241,1.0
21242,1.0
21243,1.0
21244,1.0
21245,1.0
21246,1.0
21247,1.0
21248,1.0
21249,1.0
21250,1.0
21251,1.0
21252,1.0
21253,1.0
21254,1.0
21255,1.0
21256,1.0
21257,1.0
21258,1.0
21259,1.0
21260,1.0
21261,1.0
21262,1.0
21263,1.0
21264,1.0
21265,1.0
21266,1.0
21267,0.0
21268,0.0
21269,0.0
21270,0.0
21271,0.0
21272,0.0
21273,0.0
21274,0.0
21275,0.0
21276,1.0
21277,0.0
21278,1.0
21279,1.0
21280,0.0
21281,0.0
21282,0.0
21283,1.0
21284,1.0
21285,1.0
21286,1.0
21287,1.0
21288,1.0
21289,1.0
21290,1.0
21291,1.0
21292,1.0
21293,1.0
21294,1.0
21295,1.0
21296,1.0
21297,1.0
21298,1.0
21299,1.0
21300,1.0
21301,1.0
21302,1.0
21303,1.0
21304,1.0
21305,0.0
21306,1.0
21307,1.0
21308,1.0
21309,1.0
21310,1.0
21311,1.0
21312,1.0
21313,1.0
21314,1.0
21315,1.0
21316,1.0
21317,1.0
21318,1.0
21319,1.0
21320,1.0
21321,1.0
21322,1.0
21323,1.0
21324,1.0
21325,1.0
21326,1.0
21327,1.0
21328,1.0
21329,1.0
21330,1.0
21331,1.0
21332,1.0
21333,1.0
21334,0.0
21335,1.0
21336,1.0
21337,1.0
21338,1.0
21339,1.0
21340,1.0
21341,0.0
21342,1.0
21343,1.0
21344,1.0
21345,1.0
21346,1.0
21347,1.0
21348,1.0
21349,1.0
21350,1.0
21351,1.0
21352,1.0
21353,1.0
21354,1.0
21355,1.0
21356,1.0
21357,1.0
21358,1.0
21359,1.0
21360,1.0
21361,1.0
21362,1.0
21363,1.0
21364,1.0
21365,1.0
21366,1.0
21367,1.0
21368,1.0
21369,1.0
21370,1.0
21371,0.0
21372,0.0
21373,0.0
21374,1.0
21375,0.0
21376,0.0
21377,0.0
21378,0.0
21379,0.0
21380,0.0
21381,0.0
21382,1.0
21383,0.0
21384,1.0
21385,1.0
21386,1.0
21387,1.0
21388,1.0
21389,1.0
21390,1.0
21391,0.0
21392,1.0
21393,0.0
21394,1.0
21395,1.0
21396,1.0
21397,1.0
21398,1.0
21399,1.0
21400,1.0
21401,1.0
21402,1.0
21403,0.0
21404,0.0
21405,1.0
21406,0.0
21407,0.0
21408,0.0
21409,0.0
21410,0.0
21411,1.0
21412,1.0
21413,0.0
21414,1.0
21415,1.0
21416,1.0
21417,1.0
21418,1.0
21419,1.0
21420,1.0
21421,1.0
21422,0.0
21423,0.0
21424,1.0
21425,0.0
21426,0.0
21427,0.0
21428,0.0
21429,0.0
21430,0.0
21431,1.0
21432,0.0
21433,0.0
21434,1.0
21435,1.0
21436,0.0
21437,0.0
21438,1.0
21439,0.0
21440,0.0
21441,1.0
21442,1.0
21443,0.0
21444,0.0
21445,0.0
21446,1.0
21447,1.0
21448,1.0
21449,1.0
21450,1.0
21451,0.0
21452,0.0
21453,0.0
21454,0.0
21455,0.0
21456,0.0
21457,0.0
21458,1.0
21459,1.0
21460,1.0
21461,1.0
21462,1.0
21463,1.0
21464,1.0
21465,0.0
21466,0.0
21467,0.0
21468,0.0
21469,0.0
21470,0.0
21471,0.0
21472,0.0
21473,0.0
21474,0.0
21475,0.0
21476,0.0
21477,1.0
21478,1.0
21479,1.0
21480,1.0
21481,1.0
21482,1.0
21483,1.0
21484,1.0
21485,1.0
21486,1.0
21487,0.0
21488,0.0
21489,0.0
21490,1.0
21491,1.0
21492,1.0
21493,0.0
21494,0.0
21495,0.0
21496,1.0
21497,1.0
21498,1.0
21499,1.0
21500,1.0
21501,1.0
21502,1.0
21503,1.0
21504,1.0
21505,1.0
21506,1.0
21507,0.0
21508,1.0
21509,1.0
21510,1.0
21511,1.0
21512,1.0
21513,1.0
21514,1.0
21515,1.0
21516,1.0
21517,1.0
21518,1.0
21519,1.0
21520,1.0
21521,1.0
21522,1.0
21523,0.0
21524,0.0
21525,0.0
21526,0.0
21527,0.0
21528,0.0
21529,1.0
21530,0.0
21531,0.0
21532,0.0
21533,0.0
21534,0.0
21535,0.0
21536,1.0
21537,1.0
21538,1.0
21539,0.0
21540,0.0
21541,0.0
21542,0.0
21543,0.0
21544,0.0
21545,0.0
21546,0.0
21547,0.0
21548,0.0
21549,0.0
21550,0.0
21551,0.0
21552,0.0
21553,0.0
21554,0.0
21555,0.0
21556,0.0
21557,0.0
21558,1.0
21559,0.0
21560,0.0
21561,0.0
21562,0.0
21563,0.0
21564,0.0
21565,0.0
21566,0.0
21567,0.0
21568,0.0
21569,0.0
21570,1.0
21571,1.0
21572,0.0
21573,0.0
21574,0.0
21575,1.0
21576,1.0
21577,0.0
21578,1.0
21579,1.0
21580,1.0
21581,0.0
21582,0.0
21583,0.0
21584,0.0
21585,0.0
21586,1.0
21587,1.0
21588,1.0
21589,1.0
21590,1.0
21591,0.0
21592,0.0
21593,1.0
21594,1.0
21595,1.0
21596,1.0
21597,1.0
21598,1.0
21599,1.0
21600,0.0
21601,0.0
21602,0.0
21603,0.0
21604,0.0
21605,0.0
21606,1.0
21607,1.0
21608,1.0
21609,1.0
21610,1.0
21611,1.0
21612,1.0
21613,0.0
21614,1.0
21615,0.0
21616,1.0
21617,1.0
21618,1.0
21619,1.0
21620,1.0
21621,1.0
21622,1.0
21623,1.0
21624,0.0
21625,1.0
21626,0.0
21627,1.0
21628,1.0
21629,0.0
21630,0.0
21631,0.0
21632,1.0
21633,1.0
21634,0.0
21635,0.0
21636,0.0
21637,1.0
21638,1.0
21639,0.0
21640,1.0
21641,1.0
21642,1.0
21643,1.0
21644,1.0
21645,1.0
21646,1.0
21647,1.0
21648,1.0
21649,1.0
21650,1.0
21651,1.0
21652,0.0
21653,1.0
21654,0.0
21655,1.0
21656,1.0
21657,1.0
21658,1.0
21659,1.0
21660,1.0
21661,1.0
21662,1.0
21663,0.0
21664,1.0
21665,0.0
21666,0.0
21667,1.0
21668,0.0
21669,1.0
21670,0.0
21671,1.0
21672,0.0
21673,0.0
21674,0.0
21675,0.0
21676,1.0
21677,0.0
21678,0.0
21679,0.0
21680,0.0
21681,1.0
21682,1.0
21683,0.0
21684,1.0
21685,1.0
21686,1.0
21687,0.0
21688,0.0
21689,0.0
21690,0.0
21691,1.0
21692,1.0
21693,0.0
21694,0.0
21695,0.0
21696,0.0
21697,0.0
21698,0.0
21699,1.0
21700,0.0
21701,0.0
21702,0.0
21703,0.0
21704,0.0
21705,1.0
21706,1.0
21707,1.0
21708,1.0
21709,1.0
21710,0.0
21711,0.0
21712,1.0
21713,0.0
21714,1.0
21715,1.0
21716,1.0
21717,0.0
21718,1.0
21719,1.0
21720,0.0
21721,0.0
21722,0.0
21723,0.0
21724,1.0
21725,1.0
21726,0.0
21727,0.0
21728,0.0
21729,0.0
21730,0.0
21731,0.0
21732,0.0
21733,0.0
21734,0.0
21735,0.0
21736,0.0
21737,1.0
21738,0.0
21739,1.0
21740,1.0
21741,0.0
21742,1.0
21743,0.0
21744,0.0
21745,0.0
21746,0.0
21747,0.0
21748,1.0
21749,1.0
21750,0.0
21751,1.0
21752,1.0
21753,1.0
21754,1.0
21755,0.0
21756,1.0
21757,1.0
21758,0.0
21759,1.0
21760,0.0
21761,1.0
21762,1.0
21763,1.0
21764,0.0
21765,1.0
21766,1.0
21767,0.0
21768,0.0
21769,0.0
21770,0.0
21771,1.0
21772,1.0
21773,0.0
21774,0.0
21775,1.0
21776,1.0
21777,1.0
21778,0.0
21779,0.0
21780,0.0
21781,0.0
21782,0.0
21783,0.0
21784,0.0
21785,0.0
21786,0.0
21787,1.0
21788,1.0
21789,1.0
21790,1.0
21791,1.0
21792,1.0
21793,1.0
21794,1.0
21795,1.0
21796,1.0
21797,1.0
21798,0.0
21799,0.0
21800,0.0
21801,0.0
21802,0.0
21803,0.0
21804,0.0
21805,0.0
21806,0.0
21807,0.0
21808,0.0
21809,0.0
21810,0.0
21811,0.0
21812,0.0
21813,0.0
21814,1.0
21815,1.0
21816,1.0
21817,1.0
21818,1.0
21819,1.0
21820,1.0
21821,1.0
21822,1.0
21823,1.0
21824,1.0
21825,1.0
21826,1.0
21827,1.0
21828,1.0
21829,1.0
21830,1.0
21831,0.0
21832,0.0
21833,0.0
21834,0.0
21835,0.0
21836,0.0
21837,1.0
21838,1.0
21839,1.0
21840,0.0
21841,0.0
21842,0.0
21843,0.0
21844,1.0
21845,1.0
21846,1.0
21847,0.0
21848,0.0
21849,0.0
21850,0.0
21851,1.0
21852,1.0
21853,1.0
21854,0.0
21855,0.0
21856,0.0
21857,1.0
21858,1.0
21859,1.0
21860,0.0
21861,0.0
21862,0.0
21863,1.0
21864,1.0
21865,1.0
21866,1.0
21867,1.0
21868,1.0
21869,1.0
21870,1.0
21871,1.0
21872,1.0
21873,1.0
21874,1.0
21875,1.0
21876,1.0
21877,1.0
21878,1.0
21879,1.0
21880,1.0
21881,1.0
21882,1.0
21883,0.0
21884,1.0
21885,1.0
21886,1.0
21887,0.0
21888,0.0
21889,1.0
21890,1.0
21891,0.0
21892,1.0
21893,1.0
21894,1.0
21895,1.0
21896,1.0
21897,1.0
21898,1.0
21899,1.0
21900,0.0
21901,0.0
21902,0.0
21903,0.0
21904,0.0
21905,0.0
21906,1.0
21907,1.0
21908,1.0
21909,1.0
21910,1.0
21911,1.0
21912,0.0
21913,1.0
21914,1.0
21915,1.0
21916,1.0
21917,1.0
21918,1.0
21919,1.0
21920,1.0
21921,1.0
21922,1.0
21923,1.0
21924,1.0
21925,1.0
21926,0.0
21927,1.0
21928,0.0
21929,0.0
21930,1.0
21931,0.0
21932,0.0
21933,1.0
21934,0.0
21935,0.0
21936,0.0
21937,0.0
21938,0.0
21939,1.0
21940,1.0
21941,1.0
21942,1.0
21943,1.0
21944,1.0
21945,0.0
21946,1.0
21947,1.0
21948,1.0
21949,1.0
21950,0.0
21951,1.0
21952,1.0
21953,1.0
21954,1.0
21955,1.0
21956,1.0
21957,1.0
21958,1.0
21959,1.0
21960,1.0
21961,1.0
21962,1.0
21963,1.0
21964,1.0
21965,0.0
21966,0.0
21967,1.0
21968,1.0
21969,1.0
21970,1.0
21971,1.0
21972,0.0
21973,0.0
21974,1.0
21975,1.0
21976,1.0
21977,0.0
21978,0.0
21979,1.0
21980,1.0
21981,1.0
21982,0.0
21983,0.0
21984,1.0
21985,1.0
21986,0.0
21987,0.0
21988,0.0
21989,0.0
21990,0.0
21991,1.0
21992,1.0
21993,1.0
21994,1.0
21995,1.0
21996,1.0
21997,1.0
21998,0.0
21999,0.0
22000,1.0
22001,1.0
22002,1.0
22003,1.0
22004,1.0
22005,1.0
22006,1.0
22007,0.0
22008,0.0
22009,0.0
22010,0.0
22011,0.0
22012,0.0
22013,1.0
22014,1.0
22015,1.0
22016,1.0
22017,1.0
22018,1.0
22019,1.0
22020,1.0
22021,1.0
22022,1.0
22023,1.0
22024,1.0
22025,1.0
22026,1.0
22027,0.0
22028,1.0
22029,1.0
22030,0.0
22031,0.0
22032,0.0
22033,0.0
22034,0.0
22035,0.0
22036,0.0
22037,0.0
22038,0.0
22039,0.0
22040,0.0
22041,0.0
22042,1.0
22043,1.0
22044,1.0
22045,1.0
22046,1.0
22047,1.0
22048,1.0
22049,1.0
22050,1.0
22051,1.0
22052,1.0
22053,1.0
22054,1.0
22055,1.0
22056,1.0
22057,1.0
22058,1.0
22059,1.0
22060,1.0
22061,1.0
22062,1.0
22063,0.0
22064,1.0
22065,1.0
22066,1.0
22067,1.0
22068,1.0
22069,1.0
22070,1.0
22071,0.0
22072,0.0
22073,1.0
22074,1.0
22075,1.0
22076,0.0
22077,0.0
22078,0.0
22079,0.0
22080,0.0
22081,1.0
22082,0.0
22083,0.0
22084,0.0
22085,0.0
22086,0.0
22087,1.0
22088,1.0
22089,0.0
22090,1.0
22091,1.0
22092,1.0
22093,1.0
22094,1.0
22095,1.0
22096,1.0
22097,1.0
22098,1.0
22099,1.0
22100,1.0
22101,1.0
22102,1.0
22103,1.0
22104,1.0
22105,1.0
22106,1.0
22107,1.0
22108,1.0
22109,1.0
22110,1.0
22111,1.0
22112,0.0
22113,1.0
22114,1.0
22115,0.0
22116,0.0
22117,1.0
22118,0.0
22119,0.0
22120,0.0
22121,1.0
22122,1.0
22123,1.0
22124,1.0
22125,1.0
22126,1.0
22127,0.0
22128,0.0
22129,0.0
22130,0.0
22131,0.0
22132,0.0
22133,0.0
22134,1.0
22135,1.0
22136,0.0
22137,0.0
22138,0.0
22139,0.0
22140,0.0
22141,1.0
22142,1.0
22143,1.0
22144,1.0
22145,1.0
22146,1.0
22147,1.0
22148,0.0
22149,1.0
22150,0.0
22151,0.0
22152,1.0
22153,0.0
22154,0.0
22155,0.0
22156,0.0
22157,0.0
22158,0.0
22159,0.0
22160,0.0
22161,0.0
22162,0.0
22163,0.0
22164,0.0
22165,1.0
22166,1.0
22167,0.0
22168,0.0
22169,0.0
22170,0.0
22171,1.0
22172,0.0
22173,0.0
22174,0.0
22175,0.0
22176,0.0
22177,1.0
22178,0.0
22179,0.0
22180,0.0
22181,0.0
22182,1.0
22183,1.0
22184,1.0
22185,1.0
22186,1.0
22187,0.0
22188,0.0
22189,0.0
22190,1.0
22191,0.0
22192,0.0
22193,0.0
22194,0.0
22195,1.0
22196,0.0
22197,0.0
22198,0.0
22199,0.0
22200,1.0
22201,0.0
22202,0.0
22203,0.0
22204,0.0
22205,0.0
22206,0.0
22207,0.0
22208,0.0
22209,0.0
22210,0.0
22211,0.0
22212,0.0
22213,0.0
22214,1.0
22215,1.0
22216,0.0
22217,0.0
22218,0.0
22219,0.0
22220,0.0
22221,0.0
22222,0.0
22223,0.0
22224,0.0
22225,0.0
22226,0.0
22227,0.0
22228,0.0
22229,0.0
22230,0.0
22231,0.0
22232,0.0
22233,0.0
22234,0.0
22235,0.0
22236,0.0
22237,0.0
22238,0.0
22239,0.0
22240,0.0
22241,0.0
22242,0.0
22243,0.0
22244,0.0
22245,0.0
22246,0.0
22247,0.0
22248,0.0
22249,0.0
22250,0.0
22251,0.0
22252,0.0
22253,0.0
22254,0.0
22255,0.0
22256,0.0
22257,0.0
22258,0.0
22259,0.0
22260,0.0
22261,0.0
22262,0.0
22263,0.0
22264,0.0
22265,0.0
22266,0.0
22267,0.0
22268,0.0
22269,0.0
22270,0.0
22271,0.0
22272,0.0
22273,0.0
22274,0.0
22275,0.0
22276,0.0
22277,0.0
22278,0.0
22279,0.0
22280,0.0
22281,0.0
22282,0.0
22283,0.0
22284,0.0
22285,0.0
22286,0.0
22287,0.0
22288,0.0
22289,0.0
22290,0.0
22291,0.0
22292,0.0
22293,0.0
22294,0.0
22295,0.0
22296,0.0
22297,0.0
22298,0.0
22299,0.0
22300,0.0
22301,0.0
22302,0.0
22303,0.0
22304,0.0
22305,0.0
22306,0.0
22307,1.0
22308,1.0
22309,1.0
22310,1.0
22311,1.0
22312,1.0
22313,1.0
22314,1.0
22315,1.0
22316,1.0
22317,1.0
22318,1.0
22319,1.0
22320,1.0
22321,1.0
22322,1.0
22323,1.0
22324,1.0
22325,1.0
22326,1.0
22327,1.0
22328,1.0
22329,1.0
22330,1.0
22331,1.0
22332,1.0
22333,1.0
22334,1.0
22335,1.0
22336,1.0
22337,1.0
22338,1.0
22339,1.0
22340,1.0
22341,1.0
22342,1.0
22343,1.0
22344,1.0
22345,1.0
22346,1.0
22347,1.0
22348,1.0
22349,1.0
22350,1.0
22351,1.0
22352,1.0
22353,1.0
22354,1.0
22355,1.0
22356,1.0
22357,1.0
22358,1.0
22359,1.0
22360,1.0
22361,1.0
22362,1.0
22363,1.0
22364,1.0
22365,1.0
22366,1.0
22367,1.0
22368,1.0
22369,1.0
22370,1.0
22371,1.0
22372,1.0
22373,1.0
22374,1.0
22375,1.0
22376,1.0
22377,1.0
22378,1.0
22379,1.0
22380,1.0
22381,1.0
22382,1.0
22383,1.0
22384,1.0
22385,1.0
22386,1.0
22387,1.0
22388,1.0
22389,1.0
22390,1.0
22391,1.0
22392,1.0
22393,1.0
22394,1.0
22395,1.0
22396,1.0
22397,1.0
22398,1.0
22399,1.0
22400,1.0
22401,1.0
22402,1.0
22403,1.0
22404,1.0
22405,1.0
22406,1.0
22407,1.0
22408,1.0
22409,1.0
22410,1.0
22411,1.0
22412,1.0
22413,1.0
22414,1.0
22415,1.0
22416,1.0
22417,1.0
22418,1.0
22419,1.0
22420,1.0
22421,1.0
22422,1.0
22423,1.0
22424,1.0
22425,1.0
22426,1.0
22427,1.0
22428,0.0
22429,0.0
22430,0.0
22431,0.0
22432,0.0
22433,0.0
22434,0.0
22435,0.0
22436,0.0
22437,0.0
22438,0.0
22439,0.0
22440,0.0
22441,0.0
22442,0.0
22443,0.0
22444,0.0
22445,0.0
22446,0.0
22447,0.0
22448,0.0
22449,0.0
22450,0.0
22451,0.0
22452,0.0
22453,0.0
22454,0.0
22455,0.0
22456,0.0
22457,0.0
22458,0.0
22459,0.0
22460,0.0
22461,0.0
22462,0.0
22463,0.0
22464,0.0
22465,0.0
22466,0.0
22467,0.0
22468,0.0
22469,0.0
22470,0.0
22471,0.0
22472,0.0
22473,0.0
22474,0.0
22475,0.0
22476,0.0
22477,0.0
22478,0.0
22479,0.0
22480,0.0
22481,0.0
22482,0.0
22483,0.0
22484,0.0
22485,0.0
22486,0.0
22487,0.0
22488,0.0
22489,0.0
22490,0.0
22491,0.0
22492,0.0
22493,0.0
22494,0.0
22495,0.0
22496,0.0
22497,0.0
22498,0.0
22499,0.0
22500,0.0
22501,0.0
22502,0.0
22503,0.0
22504,0.0
22505,0.0
22506,0.0
22507,0.0
22508,0.0
22509,0.0
22510,0.0
22511,0.0
22512,0.0
22513,0.0
22514,0.0
22515,0.0
22516,0.0
22517,0.0
22518,0.0
22519,0.0
22520,0.0
22521,0.0
22522,0.0
22523,0.0
22524,0.0
22525,0.0
22526,0.0
22527,0.0
22528,0.0
22529,0.0
22530,0.0
22531,0.0
22532,0.0
22533,0.0
22534,0.0
22535,0.0
22536,0.0
22537,0.0
22538,0.0
22539,0.0
22540,0.0
22541,0.0
22542,0.0
22543,0.0
22544,0.0
22545,0.0
22546,0.0
22547,0.0
22548,0.0
22549,0.0
22550,0.0
22551,0.0
22552,0.0
22553,0.0
22554,0.0
22555,0.0
22556,0.0
22557,0.0
22558,0.0
22559,0.0
22560,0.0
22561,0.0
22562,0.0
22563,0.0
22564,0.0
22565,0.0
22566,0.0
22567,0.0
22568,0.0
22569,0.0
22570,0.0
22571,0.0
22572,0.0
22573,0.0
22574,0.0
22575,0.0
22576,0.0
22577,0.0
22578,0.0
22579,0.0
22580,0.0
22581,0.0
22582,0.0
22583,0.0
22584,0.0
22585,0.0
22586,0.0
22587,0.0
22588,0.0
22589,0.0
22590,0.0
22591,0.0
22592,0.0
22593,0.0
22594,0.0
22595,0.0
22596,0.0
22597,0.0
22598,0.0
22599,0.0
22600,0.0
22601,0.0
22602,0.0
22603,0.0
22604,0.0
22605,0.0
22606,0.0
22607,0.0
22608,0.0
22609,0.0
22610,0.0
22611,0.0
22612,0.0
22613,0.0
22614,0.0
22615,0.0
22616,0.0
22617,0.0
22618,0.0
22619,0.0
22620,0.0
22621,0.0
22622,0.0
22623,0.0
22624,0.0
22625,0.0
22626,0.0
22627,0.0
22628,0.0
22629,0.0
22630,0.0
22631,0.0
22632,0.0
22633,0.0
22634,0.0
22635,0.0
22636,0.0
22637,0.0
22638,0.0
22639,0.0
22640,1.0
22641,1.0
22642,1.0
22643,1.0
22644,1.0
22645,1.0
22646,1.0
22647,1.0
22648,1.0
22649,1.0
22650,1.0
22651,1.0
22652,1.0
22653,1.0
22654,1.0
22655,1.0
22656,1.0
22657,1.0
22658,1.0
22659,1.0
22660,1.0
22661,1.0
22662,1.0
22663,1.0
22664,1.0
22665,1.0
22666,1.0
22667,1.0
22668,1.0
22669,1.0
22670,1.0
22671,1.0
22672,1.0
22673,1.0
22674,1.0
22675,1.0
22676,1.0
22677,1.0
22678,1.0
22679,1.0
22680,1.0
22681,1.0
22682,1.0
22683,1.0
22684,1.0
22685,1.0
22686,1.0
22687,1.0
22688,1.0
22689,1.0
22690,1.0
22691,1.0
22692,1.0
22693,1.0
22694,1.0
22695,1.0
22696,1.0
22697,1.0
22698,1.0
22699,1.0
22700,1.0
22701,1.0
22702,1.0
22703,1.0
22704,1.0
22705,1.0
22706,1.0
22707,1.0
22708,1.0
22709,1.0
22710,1.0
22711,1.0
22712,1.0
22713,1.0
22714,1.0
22715,1.0
22716,1.0
22717,1.0
22718,1.0
22719,1.0
22720,1.0
22721,1.0
22722,1.0
22723,1.0
22724,1.0
22725,1.0
22726,1.0
22727,1.0
22728,1.0
22729,1.0
22730,1.0
22731,1.0
22732,1.0
22733,1.0
22734,1.0
22735,1.0
22736,1.0
22737,1.0
22738,1.0
22739,1.0
22740,1.0
22741,1.0
22742,1.0
22743,1.0
22744,1.0
22745,1.0
22746,1.0
22747,1.0
22748,1.0
22749,1.0
22750,1.0
22751,1.0
22752,1.0
22753,1.0
22754,1.0
22755,1.0
22756,1.0
22757,1.0
22758,1.0
22759,1.0
22760,1.0
22761,1.0
22762,1.0
22763,1.0
22764,1.0
22765,1.0
22766,1.0
22767,1.0
22768,1.0
22769,1.0
22770,1.0
22771,1.0
22772,1.0
22773,1.0
22774,1.0
22775,1.0
22776,1.0
22777,1.0
22778,1.0
22779,1.0
22780,1.0
22781,1.0
22782,1.0
22783,1.0
22784,1.0
22785,1.0
22786,1.0
22787,1.0
22788,1.0
22789,1.0
22790,1.0
22791,1.0
22792,1.0
22793,1.0
22794,1.0
22795,1.0
22796,1.0
22797,1.0
22798,1.0
22799,1.0
22800,1.0
22801,1.0
22802,1.0
22803,1.0
22804,1.0
22805,1.0
22806,1.0
22807,1.0
22808,1.0
22809,1.0
22810,1.0
22811,1.0
22812,1.0
22813,1.0
22814,1.0
22815,1.0
22816,1.0
22817,1.0
22818,1.0
22819,1.0
22820,1.0
22821,1.0
22822,1.0
22823,1.0
22824,1.0
22825,1.0
22826,1.0
22827,1.0
22828,1.0
22829,1.0
22830,1.0
22831,1.0
22832,1.0
22833,1.0
22834,1.0
22835,1.0
22836,1.0
22837,1.0
22838,1.0
22839,1.0
22840,1.0
22841,1.0
22842,1.0
22843,1.0
22844,1.0
22845,1.0
22846,1.0
22847,1.0
22848,1.0
22849,1.0
22850,1.0
22851,1.0
22852,1.0
22853,1.0
22854,1.0
22855,1.0
22856,1.0
22857,1.0
22858,1.0
22859,1.0
22860,1.0
22861,1.0
22862,1.0
22863,1.0
22864,1.0
22865,1.0
22866,1.0
22867,1.0
22868,1.0
22869,1.0
22870,1.0
22871,1.0
22872,1.0
22873,1.0
22874,1.0
22875,1.0
22876,1.0
22877,1.0
22878,1.0
22879,1.0
22880,1.0
22881,1.0
22882,1.0
22883,1.0
22884,1.0
22885,1.0
22886,1.0
22887,1.0
22888,1.0
22889,1.0
22890,1.0
22891,1.0
22892,1.0
22893,1.0
22894,1.0
22895,1.0
22896,1.0
22897,1.0
22898,1.0
22899,1.0
22900,1.0
22901,1.0
22902,1.0
22903,1.0
22904,1.0
22905,1.0
22906,1.0
22907,1.0
22908,1.0
22909,1.0
22910,1.0
22911,1.0
22912,1.0
22913,1.0
22914,1.0
22915,1.0
22916,1.0
22917,1.0
22918,1.0
22919,1.0
22920,1.0
22921,1.0
22922,1.0
22923,1.0
22924,1.0
22925,1.0
22926,1.0
22927,1.0
22928,1.0
22929,1.0
22930,1.0
22931,1.0
22932,1.0
22933,1.0
22934,1.0
22935,1.0
22936,1.0
22937,1.0
22938,1.0
22939,1.0
22940,1.0
22941,1.0
22942,1.0
22943,1.0
22944,1.0
22945,1.0
22946,1.0
22947,1.0
22948,1.0
22949,1.0
22950,1.0
22951,1.0
22952,1.0
22953,1.0
22954,1.0
22955,1.0
22956,1.0
22957,1.0
22958,1.0
22959,1.0
22960,1.0
22961,1.0
22962,1.0
22963,1.0
22964,1.0
22965,1.0
22966,1.0
22967,1.0
22968,1.0
22969,1.0
22970,1.0
22971,1.0
22972,1.0
22973,1.0
22974,1.0
22975,1.0
22976,1.0
22977,1.0
22978,1.0
22979,1.0
22980,1.0
22981,1.0
22982,1.0
22983,1.0
22984,1.0
22985,1.0
22986,1.0
22987,1.0
22988,1.0
22989,1.0
22990,1.0
22991,1.0
22992,1.0
22993,1.0
22994,1.0
22995,1.0
22996,1.0
22997,1.0
22998,1.0
22999,1.0
23000,1.0
23001,1.0
23002,1.0
23003,1.0
23004,1.0
23005,1.0
23006,1.0
23007,1.0
23008,1.0
23009,1.0
23010,1.0
23011,1.0
23012,1.0
23013,1.0
23014,1.0
23015,1.0
23016,1.0
23017,1.0
23018,1.0
23019,1.0
23020,1.0
23021,1.0
23022,1.0
23023,1.0
23024,1.0
23025,1.0
23026,1.0
23027,1.0
23028,1.0
23029,1.0
23030,1.0
23031,1.0
23032,1.0
23033,1.0
23034,1.0
23035,1.0
23036,1.0
23037,1.0
23038,1.0
23039,1.0
23040,1.0
23041,1.0
23042,1.0
23043,1.0
23044,1.0
23045,1.0
23046,1.0
23047,1.0
23048,1.0
23049,1.0
23050,1.0
23051,1.0
23052,1.0
23053,1.0
23054,1.0
23055,1.0
23056,1.0
23057,1.0
23058,1.0
23059,1.0
23060,1.0
23061,1.0
23062,1.0
23063,1.0
23064,1.0
23065,1.0
23066,1.0
23067,1.0
23068,1.0
23069,1.0
23070,1.0
23071,1.0
23072,1.0
23073,1.0
23074,1.0
23075,1.0
23076,1.0
23077,1.0
23078,1.0
23079,1.0
23080,1.0
23081,1.0
23082,1.0
23083,1.0
23084,1.0
23085,1.0
23086,1.0
23087,1.0
23088,1.0
23089,1.0
23090,1.0
23091,1.0
23092,1.0
23093,1.0
23094,1.0
23095,1.0
23096,1.0
23097,1.0
23098,1.0
23099,1.0
23100,1.0
23101,1.0
23102,1.0
23103,1.0
23104,1.0
23105,1.0
23106,1.0
23107,1.0
23108,1.0
23109,1.0
23110,1.0
23111,1.0
23112,1.0
23113,1.0
23114,1.0
23115,1.0
23116,1.0
23117,1.0
23118,1.0
23119,1.0
23120,1.0
23121,1.0
23122,1.0
23123,1.0
23124,1.0
23125,1.0
23126,1.0
23127,1.0
23128,1.0
23129,1.0
23130,1.0
23131,1.0
23132,1.0
23133,1.0
23134,1.0
23135,1.0
23136,1.0
23137,1.0
23138,1.0
23139,1.0
23140,1.0
23141,1.0
23142,1.0
23143,1.0
23144,1.0
23145,1.0
23146,1.0
23147,1.0
23148,1.0
23149,1.0
23150,1.0
23151,1.0
23152,1.0
23153,1.0
23154,1.0
23155,1.0
23156,1.0
23157,1.0
23158,1.0
23159,1.0
23160,1.0
23161,1.0
23162,1.0
23163,1.0
23164,1.0
23165,1.0
23166,1.0
23167,1.0
23168,1.0
23169,1.0
23170,1.0
23171,1.0
23172,1.0
23173,1.0
23174,1.0
23175,1.0
23176,1.0
23177,1.0
23178,1.0
23179,1.0
23180,1.0
23181,1.0
23182,1.0
23183,1.0
23184,1.0
23185,1.0
23186,1.0
23187,1.0
23188,1.0
23189,1.0
23190,1.0
23191,1.0
23192,0.0
23193,0.0
23194,0.0
23195,1.0
23196,1.0
23197,1.0
23198,1.0
23199,1.0
23200,1.0
23201,0.0
23202,0.0
23203,0.0
23204,0.0
23205,0.0
23206,0.0
23207,0.0
23208,1.0
23209,1.0
23210,1.0
23211,1.0
23212,1.0
23213,1.0
23214,1.0
23215,1.0
23216,1.0
23217,1.0
23218,1.0
23219,1.0
23220,0.0
23221,1.0
23222,0.0
23223,0.0
23224,0.0
23225,0.0
23226,0.0
23227,0.0
23228,0.0
23229,0.0
23230,0.0
23231,0.0
23232,0.0
23233,0.0
23234,1.0
23235,1.0
23236,1.0
23237,1.0
23238,1.0
23239,1.0
23240,1.0
23241,1.0
23242,1.0
23243,1.0
23244,1.0
23245,1.0
23246,1.0
23247,1.0
23248,1.0
23249,1.0
23250,1.0
23251,1.0
23252,0.0
23253,1.0
23254,1.0
23255,1.0
23256,1.0
23257,1.0
23258,0.0
23259,0.0
23260,0.0
23261,0.0
23262,0.0
23263,0.0
23264,0.0
23265,0.0
23266,0.0
23267,1.0
23268,0.0
23269,0.0
23270,0.0
23271,0.0
23272,0.0
23273,0.0
23274,0.0
23275,1.0
23276,0.0
23277,0.0
23278,0.0
23279,1.0
23280,1.0
23281,1.0
23282,1.0
23283,1.0
23284,1.0
23285,1.0
23286,1.0
23287,1.0
23288,1.0
23289,1.0
23290,1.0
23291,1.0
23292,1.0
23293,1.0
23294,1.0
23295,1.0
23296,1.0
23297,1.0
23298,1.0
23299,0.0
23300,0.0
23301,1.0
23302,1.0
23303,0.0
23304,1.0
23305,1.0
23306,1.0
23307,1.0
23308,0.0
23309,0.0
23310,0.0
23311,0.0
23312,0.0
23313,0.0
23314,1.0
23315,1.0
23316,1.0
23317,1.0
23318,1.0
23319,1.0
23320,0.0
23321,1.0
23322,1.0
23323,1.0
23324,1.0
23325,1.0
23326,1.0
23327,1.0
23328,1.0
23329,1.0
23330,0.0
23331,0.0
23332,0.0
23333,0.0
23334,0.0
23335,0.0
23336,1.0
23337,0.0
23338,0.0
23339,1.0
23340,0.0
23341,1.0
23342,1.0
23343,1.0
23344,1.0
23345,1.0
23346,1.0
23347,1.0
23348,1.0
23349,1.0
23350,1.0
23351,1.0
23352,1.0
23353,0.0
23354,1.0
23355,1.0
23356,1.0
23357,1.0
23358,1.0
23359,1.0
23360,1.0
23361,1.0
23362,1.0
23363,1.0
23364,0.0
23365,1.0
23366,1.0
23367,1.0
23368,1.0
23369,1.0
23370,0.0
23371,0.0
23372,0.0
23373,1.0
23374,1.0
23375,1.0
23376,1.0
23377,0.0
23378,0.0
23379,1.0
23380,1.0
23381,1.0
23382,1.0
23383,0.0
23384,0.0
23385,1.0
23386,1.0
23387,1.0
23388,1.0
23389,0.0
23390,1.0
23391,1.0
23392,1.0
23393,1.0
23394,1.0
23395,1.0
23396,1.0
23397,1.0
23398,1.0
23399,1.0
23400,1.0
23401,1.0
23402,1.0
23403,1.0
23404,1.0
23405,0.0
23406,1.0
23407,1.0
23408,1.0
23409,1.0
23410,1.0
23411,1.0
23412,1.0
23413,0.0
23414,1.0
23415,0.0
23416,0.0
23417,1.0
23418,0.0
23419,0.0
23420,0.0
23421,1.0
23422,1.0
23423,1.0
23424,1.0
23425,1.0
23426,0.0
23427,0.0
23428,0.0
23429,0.0
23430,0.0
23431,0.0
23432,1.0
23433,0.0
23434,1.0
23435,1.0
23436,1.0
23437,1.0
23438,1.0
23439,0.0
23440,0.0
23441,0.0
23442,0.0
23443,0.0
23444,0.0
23445,0.0
23446,1.0
23447,1.0
23448,1.0
23449,1.0
23450,1.0
23451,1.0
23452,1.0
23453,0.0
23454,0.0
23455,0.0
23456,0.0
23457,0.0
23458,0.0
23459,1.0
23460,0.0
23461,1.0
23462,1.0
23463,1.0
23464,0.0
23465,1.0
23466,1.0
23467,1.0
23468,0.0
23469,1.0
23470,1.0
23471,1.0
23472,1.0
23473,0.0
23474,0.0
23475,0.0
23476,0.0
23477,0.0
23478,0.0
23479,0.0
23480,0.0
23481,0.0
23482,1.0
23483,1.0
23484,1.0
23485,0.0
23486,1.0
23487,1.0
23488,1.0
23489,0.0
23490,1.0
23491,1.0
23492,1.0
23493,1.0
23494,1.0
23495,1.0
23496,1.0
23497,0.0
23498,0.0
23499,0.0
23500,0.0
23501,1.0
23502,1.0
23503,0.0
23504,0.0
23505,0.0
23506,0.0
23507,0.0
23508,1.0
23509,1.0
23510,0.0
23511,0.0
23512,0.0
23513,1.0
23514,1.0
23515,1.0
23516,0.0
23517,0.0
23518,0.0
23519,1.0
23520,1.0
23521,1.0
23522,0.0
23523,0.0
23524,1.0
23525,1.0
23526,1.0
23527,1.0
23528,0.0
23529,0.0
23530,0.0
23531,0.0
23532,0.0
23533,0.0
23534,0.0
23535,0.0
23536,1.0
23537,0.0
23538,0.0
23539,1.0
23540,1.0
23541,0.0
23542,1.0
23543,1.0
23544,1.0
23545,1.0
23546,1.0
23547,0.0
23548,0.0
23549,0.0
23550,0.0
23551,0.0
23552,0.0
23553,1.0
23554,1.0
23555,1.0
23556,1.0
23557,1.0
23558,1.0
23559,1.0
23560,0.0
23561,0.0
23562,0.0
23563,0.0
23564,0.0
23565,1.0
23566,1.0
23567,1.0
23568,1.0
23569,1.0
23570,1.0
23571,1.0
23572,0.0
23573,0.0
23574,0.0
23575,0.0
23576,0.0
23577,0.0
23578,0.0
23579,0.0
23580,1.0
23581,0.0
23582,1.0
23583,1.0
23584,1.0
23585,1.0
23586,1.0
23587,1.0
23588,0.0
23589,1.0
23590,1.0
23591,0.0
23592,0.0
23593,1.0
23594,1.0
23595,0.0
23596,0.0
23597,0.0
23598,0.0
23599,0.0
23600,0.0
23601,1.0
23602,1.0
23603,1.0
23604,1.0
23605,1.0
23606,1.0
23607,1.0
23608,0.0
23609,0.0
23610,1.0
23611,1.0
23612,1.0
23613,1.0
23614,1.0
23615,1.0
23616,1.0
23617,0.0
23618,0.0
23619,0.0
23620,0.0
23621,0.0
23622,0.0
23623,1.0
23624,1.0
23625,0.0
23626,0.0
23627,0.0
23628,0.0
23629,0.0
23630,0.0
23631,1.0
23632,1.0
23633,0.0
23634,0.0
23635,0.0
23636,1.0
23637,1.0
23638,0.0
23639,0.0
23640,1.0
23641,1.0
23642,1.0
23643,1.0
23644,0.0
23645,0.0
23646,1.0
23647,1.0
23648,0.0
23649,0.0
23650,1.0
23651,1.0
23652,0.0
23653,0.0
23654,0.0
23655,0.0
23656,0.0
23657,0.0
23658,1.0
23659,1.0
23660,0.0
23661,0.0
23662,1.0
23663,0.0
23664,1.0
23665,1.0
23666,1.0
23667,1.0
23668,1.0
23669,1.0
23670,0.0
23671,0.0
23672,0.0
23673,0.0
23674,0.0
23675,0.0
23676,1.0
23677,0.0
23678,1.0
23679,0.0
23680,1.0
23681,1.0
23682,1.0
23683,1.0
23684,1.0
23685,1.0
23686,1.0
23687,1.0
23688,1.0
23689,1.0
23690,1.0
23691,0.0
23692,1.0
23693,1.0
23694,0.0
23695,0.0
23696,0.0
23697,0.0
23698,0.0
23699,0.0
23700,0.0
23701,0.0
23702,1.0
23703,0.0
23704,1.0
23705,0.0
23706,1.0
23707,1.0
23708,1.0
23709,1.0
23710,1.0
23711,1.0
23712,1.0
23713,1.0
23714,1.0
23715,1.0
23716,1.0
23717,1.0
23718,1.0
23719,1.0
23720,1.0
23721,1.0
23722,1.0
23723,1.0
23724,1.0
23725,1.0
23726,1.0
23727,0.0
23728,1.0
23729,0.0
23730,1.0
23731,0.0
23732,0.0
23733,0.0
23734,0.0
23735,0.0
23736,0.0
23737,0.0
23738,0.0
23739,1.0
23740,0.0
23741,1.0
23742,0.0
23743,0.0
23744,1.0
23745,1.0
23746,0.0
23747,1.0
23748,0.0
23749,0.0
23750,0.0
23751,0.0
23752,0.0
23753,1.0
23754,1.0
23755,1.0
23756,1.0
23757,1.0
23758,0.0
23759,0.0
23760,0.0
23761,0.0
23762,0.0
23763,1.0
23764,1.0
23765,1.0
23766,1.0
23767,1.0
23768,1.0
23769,0.0
23770,0.0
23771,0.0
23772,0.0
23773,0.0
23774,0.0
23775,1.0
23776,0.0
23777,0.0
23778,0.0
23779,1.0
23780,1.0
23781,1.0
23782,1.0
23783,1.0
23784,0.0
23785,0.0
23786,1.0
23787,0.0
23788,0.0
23789,1.0
23790,1.0
23791,0.0
23792,0.0
23793,1.0
23794,1.0
23795,1.0
23796,1.0
23797,1.0
23798,1.0
23799,1.0
23800,1.0
23801,1.0
23802,1.0
23803,0.0
23804,0.0
23805,0.0
23806,0.0
23807,0.0
23808,0.0
23809,1.0
23810,0.0
23811,0.0
23812,1.0
23813,1.0
23814,0.0
23815,0.0
23816,0.0
23817,0.0
23818,1.0
23819,1.0
23820,1.0
23821,1.0
23822,1.0
23823,1.0
23824,1.0
23825,1.0
23826,1.0
23827,1.0
23828,1.0
23829,0.0
23830,0.0
23831,1.0
23832,1.0
23833,1.0
23834,0.0
23835,0.0
23836,1.0
23837,1.0
23838,0.0
23839,0.0
23840,0.0
23841,1.0
23842,1.0
23843,1.0
23844,1.0
23845,1.0
23846,1.0
23847,1.0
23848,1.0
23849,1.0
23850,1.0
23851,0.0
23852,0.0
23853,0.0
23854,0.0
23855,0.0
23856,0.0
23857,0.0
23858,0.0
23859,0.0
23860,0.0
23861,1.0
23862,0.0
23863,0.0
23864,1.0
23865,0.0
23866,0.0
23867,0.0
23868,0.0
23869,0.0
23870,0.0
23871,0.0
23872,0.0
23873,0.0
23874,0.0
23875,0.0
23876,0.0
23877,0.0
23878,1.0
23879,0.0
23880,1.0
23881,1.0
23882,1.0
23883,1.0
23884,0.0
23885,0.0
23886,0.0
23887,1.0
23888,0.0
23889,1.0
23890,1.0
23891,0.0
23892,0.0
23893,0.0
23894,0.0
23895,0.0
23896,0.0
23897,0.0
23898,0.0
23899,0.0
23900,0.0
23901,0.0
23902,0.0
23903,0.0
23904,0.0
23905,0.0
23906,0.0
23907,0.0
23908,0.0
23909,1.0
23910,1.0
23911,1.0
23912,0.0
23913,1.0
23914,1.0
23915,0.0
23916,1.0
23917,1.0
23918,1.0
23919,1.0
23920,1.0
23921,0.0
23922,0.0
23923,0.0
23924,0.0
23925,1.0
23926,0.0
23927,1.0
23928,1.0
23929,0.0
23930,0.0
23931,0.0
23932,0.0
23933,0.0
23934,0.0
23935,0.0
23936,0.0
23937,0.0
23938,0.0
23939,0.0
23940,0.0
23941,0.0
23942,0.0
23943,0.0
23944,0.0
23945,0.0
23946,0.0
23947,0.0
23948,0.0
23949,0.0
23950,0.0
23951,0.0
23952,0.0
23953,0.0
23954,0.0
23955,0.0
23956,0.0
23957,0.0
23958,0.0
23959,0.0
23960,0.0
23961,1.0
23962,0.0
23963,1.0
23964,0.0
23965,1.0
23966,1.0
23967,1.0
23968,0.0
23969,1.0
23970,1.0
23971,0.0
23972,1.0
23973,1.0
23974,1.0
23975,1.0
23976,1.0
23977,0.0
23978,0.0
23979,0.0
23980,0.0
23981,1.0
23982,0.0
23983,1.0
23984,1.0
23985,0.0
23986,1.0
23987,0.0
23988,1.0
23989,0.0
23990,1.0
23991,0.0
23992,1.0
23993,1.0
23994,1.0
23995,1.0
23996,0.0
23997,0.0
23998,0.0
23999,0.0
24000,1.0
24001,0.0
24002,1.0
24003,0.0
24004,1.0
24005,0.0
24006,1.0
24007,1.0
24008,0.0
24009,0.0
24010,0.0
24011,1.0
24012,1.0
24013,1.0
24014,1.0
24015,1.0
24016,1.0
24017,0.0
24018,0.0
24019,0.0
24020,0.0
24021,0.0
24022,0.0
24023,0.0
24024,1.0
24025,0.0
24026,1.0
24027,0.0
24028,1.0
24029,0.0
24030,0.0
24031,0.0
24032,1.0
24033,1.0
24034,0.0
24035,0.0
24036,0.0
24037,0.0
24038,1.0
24039,1.0
24040,1.0
24041,1.0
24042,1.0
24043,1.0
24044,1.0
24045,0.0
24046,1.0
24047,0.0
24048,0.0
24049,0.0
24050,0.0
24051,0.0
24052,0.0
24053,0.0
24054,0.0
24055,0.0
24056,0.0
24057,0.0
24058,0.0
24059,0.0
24060,1.0
24061,0.0
24062,1.0
24063,0.0
24064,1.0
24065,0.0
24066,0.0
24067,0.0
24068,0.0
24069,1.0
24070,1.0
24071,0.0
24072,0.0
24073,0.0
24074,0.0
24075,0.0
24076,0.0
24077,1.0
24078,0.0
24079,1.0
24080,0.0
24081,1.0
24082,0.0
24083,0.0
24084,0.0
24085,0.0
24086,0.0
24087,0.0
24088,0.0
24089,0.0
24090,1.0
24091,1.0
24092,1.0
24093,1.0
24094,1.0
24095,1.0
24096,0.0
24097,0.0
24098,1.0
24099,1.0
24100,0.0
24101,0.0
24102,0.0
24103,1.0
24104,0.0
24105,0.0
24106,0.0
24107,0.0
24108,0.0
24109,0.0
24110,0.0
24111,1.0
24112,0.0
24113,0.0
24114,1.0
24115,0.0
24116,0.0
24117,1.0
24118,1.0
24119,1.0
24120,1.0
24121,1.0
24122,1.0
24123,1.0
24124,1.0
24125,1.0
24126,1.0
24127,1.0
24128,0.0
24129,0.0
24130,0.0
24131,0.0
24132,1.0
24133,1.0
24134,1.0
24135,0.0
24136,0.0
24137,0.0
24138,1.0
24139,0.0
24140,0.0
24141,0.0
24142,0.0
24143,0.0
24144,1.0
24145,0.0
24146,0.0
24147,0.0
24148,0.0
24149,0.0
24150,1.0
24151,1.0
24152,1.0
24153,1.0
24154,0.0
24155,0.0
24156,1.0
24157,1.0
24158,1.0
24159,1.0
24160,0.0
24161,0.0
24162,1.0
24163,1.0
24164,1.0
24165,1.0
24166,1.0
24167,1.0
24168,1.0
24169,1.0
24170,1.0
24171,1.0
24172,1.0
24173,1.0
24174,1.0
24175,1.0
24176,1.0
24177,1.0
24178,0.0
24179,0.0
24180,0.0
24181,0.0
24182,1.0
24183,1.0
24184,1.0
24185,0.0
24186,0.0
24187,0.0
24188,1.0
24189,0.0
24190,0.0
24191,0.0
24192,1.0
24193,1.0
24194,0.0
24195,1.0
24196,0.0
24197,0.0
24198,0.0
24199,0.0
24200,0.0
24201,0.0
24202,0.0
24203,0.0
24204,0.0
24205,0.0
24206,0.0
24207,1.0
24208,1.0
24209,1.0
24210,1.0
24211,1.0
24212,1.0
24213,1.0
24214,1.0
24215,1.0
24216,0.0
24217,0.0
24218,0.0
24219,1.0
24220,0.0
24221,0.0
24222,0.0
24223,0.0
24224,0.0
24225,0.0
24226,0.0
24227,0.0
24228,0.0
24229,0.0
24230,0.0
24231,0.0
24232,1.0
24233,1.0
24234,0.0
24235,0.0
24236,1.0
24237,1.0
24238,1.0
24239,1.0
24240,1.0
24241,1.0
24242,1.0
24243,1.0
24244,1.0
24245,1.0
24246,1.0
24247,1.0
24248,1.0
24249,1.0
24250,1.0
24251,1.0
24252,0.0
24253,0.0
24254,0.0
24255,0.0
24256,1.0
24257,0.0
24258,0.0
24259,0.0
24260,0.0
24261,0.0
24262,0.0
24263,0.0
24264,0.0
24265,0.0
24266,0.0
24267,0.0
24268,0.0
24269,0.0
24270,1.0
24271,1.0
24272,1.0
24273,0.0
24274,0.0
24275,1.0
24276,1.0
24277,1.0
24278,1.0
24279,1.0
24280,1.0
24281,0.0
24282,0.0
24283,1.0
24284,1.0
24285,1.0
24286,1.0
24287,1.0
24288,1.0
24289,1.0
24290,1.0
24291,1.0
24292,1.0
24293,1.0
24294,1.0
24295,1.0
24296,1.0
24297,1.0
24298,1.0
24299,1.0
24300,1.0
24301,1.0
24302,1.0
24303,1.0
24304,1.0
24305,0.0
24306,0.0
24307,0.0
24308,0.0
24309,1.0
24310,0.0
24311,1.0
24312,0.0
24313,0.0
24314,1.0
24315,0.0
24316,1.0
24317,0.0
24318,1.0
24319,1.0
24320,1.0
24321,0.0
24322,0.0
24323,0.0
24324,0.0
24325,0.0
24326,0.0
24327,1.0
24328,1.0
24329,1.0
24330,1.0
24331,0.0
24332,0.0
24333,1.0
24334,0.0
24335,0.0
24336,1.0
24337,1.0
24338,1.0
24339,1.0
24340,1.0
24341,1.0
24342,0.0
24343,0.0
24344,0.0
24345,0.0
24346,0.0
24347,0.0
24348,0.0
24349,0.0
24350,0.0
24351,0.0
24352,1.0
24353,1.0
24354,1.0
24355,1.0
24356,1.0
24357,1.0
24358,0.0
24359,0.0
24360,0.0
24361,1.0
24362,1.0
24363,1.0
24364,0.0
24365,0.0
24366,1.0
24367,1.0
24368,1.0
24369,1.0
24370,1.0
24371,1.0
24372,1.0
24373,0.0
24374,0.0
24375,1.0
24376,0.0
24377,0.0
24378,1.0
24379,0.0
24380,0.0
24381,0.0
24382,0.0
24383,0.0
24384,0.0
24385,0.0
24386,0.0
24387,0.0
24388,0.0
24389,0.0
24390,0.0
24391,1.0
24392,0.0
24393,0.0
24394,1.0
24395,1.0
24396,1.0
24397,1.0
24398,1.0
24399,1.0
24400,1.0
24401,1.0
24402,1.0
24403,1.0
24404,1.0
24405,0.0
24406,0.0
24407,0.0
24408,1.0
24409,1.0
24410,1.0
24411,1.0
24412,0.0
24413,0.0
24414,1.0
24415,1.0
24416,1.0
24417,1.0
24418,1.0
24419,1.0
24420,0.0
24421,1.0
24422,0.0
24423,0.0
24424,1.0
24425,0.0
24426,1.0
24427,1.0
24428,0.0
24429,0.0
24430,1.0
24431,0.0
24432,0.0
24433,1.0
24434,1.0
24435,0.0
24436,0.0
24437,0.0
24438,0.0
24439,1.0
24440,0.0
24441,0.0
24442,1.0
24443,1.0
24444,1.0
24445,1.0
24446,1.0
24447,0.0
24448,1.0
24449,0.0
24450,0.0
24451,1.0
24452,0.0
24453,0.0
24454,0.0
24455,0.0
24456,1.0
24457,1.0
24458,1.0
24459,0.0
24460,0.0
24461,0.0
24462,0.0
24463,0.0
24464,0.0
24465,0.0
24466,1.0
24467,1.0
24468,1.0
24469,1.0
24470,0.0
24471,0.0
24472,1.0
24473,1.0
24474,1.0
24475,1.0
24476,1.0
24477,1.0
24478,0.0
24479,1.0
24480,0.0
24481,0.0
24482,0.0
24483,0.0
24484,1.0
24485,0.0
24486,1.0
24487,0.0
24488,0.0
24489,0.0
24490,1.0
24491,0.0
24492,0.0
24493,0.0
24494,0.0
24495,0.0
24496,1.0
24497,1.0
24498,1.0
24499,1.0
24500,1.0
24501,1.0
24502,0.0
24503,0.0
24504,0.0
24505,0.0
24506,0.0
24507,1.0
24508,0.0
24509,0.0
24510,1.0
24511,1.0
24512,1.0
24513,1.0
24514,1.0
24515,0.0
24516,0.0
24517,1.0
24518,1.0
24519,1.0
24520,1.0
24521,1.0
24522,1.0
24523,1.0
24524,1.0
24525,1.0
24526,1.0
24527,1.0
24528,1.0
24529,1.0
24530,1.0
24531,1.0
24532,1.0
24533,1.0
24534,1.0
24535,1.0
24536,1.0
24537,1.0
24538,1.0
24539,1.0
24540,1.0
24541,1.0
24542,1.0
24543,1.0
24544,1.0
24545,1.0
24546,1.0
24547,1.0
24548,1.0
24549,1.0
24550,1.0
24551,1.0
24552,1.0
24553,1.0
24554,1.0
24555,1.0
24556,1.0
24557,1.0
24558,1.0
24559,1.0
24560,1.0
24561,1.0
24562,1.0
24563,1.0
24564,1.0
24565,1.0
24566,1.0
24567,1.0
24568,1.0
24569,1.0
24570,1.0
24571,1.0
24572,1.0
24573,1.0
24574,1.0
24575,1.0
24576,1.0
24577,1.0
24578,1.0
24579,1.0
24580,1.0
24581,1.0
24582,1.0
24583,1.0
24584,1.0
24585,1.0
24586,1.0
24587,1.0
24588,1.0
24589,1.0
24590,1.0
24591,1.0
24592,1.0
24593,1.0
24594,1.0
24595,1.0
24596,1.0
24597,1.0
24598,1.0
24599,1.0
24600,1.0
24601,1.0
24602,1.0
24603,1.0
24604,1.0
24605,1.0
24606,1.0
24607,1.0
24608,1.0
24609,1.0
24610,1.0
24611,1.0
24612,1.0
24613,1.0
24614,1.0
24615,1.0
24616,1.0
24617,1.0
24618,1.0
24619,1.0
24620,1.0
24621,1.0
24622,1.0
24623,1.0
24624,1.0
24625,1.0
24626,1.0
24627,1.0
24628,1.0
24629,1.0
24630,1.0
24631,1.0
24632,1.0
24633,1.0
24634,1.0
24635,1.0
24636,1.0
24637,1.0
24638,1.0
24639,1.0
24640,1.0
24641,1.0
24642,1.0
24643,1.0
24644,1.0
24645,1.0
24646,1.0
24647,1.0
24648,1.0
24649,1.0
24650,1.0
24651,1.0
24652,1.0
24653,1.0
24654,1.0
24655,1.0
24656,1.0
24657,1.0
24658,1.0
24659,1.0
24660,1.0
24661,1.0
24662,1.0
24663,1.0
24664,1.0
24665,1.0
24666,1.0
24667,1.0
24668,1.0
24669,1.0
24670,1.0
24671,1.0
24672,1.0
24673,1.0
24674,1.0
24675,1.0
24676,1.0
24677,1.0
24678,1.0
24679,1.0
24680,1.0
24681,0.0
24682,0.0
24683,0.0
24684,1.0
24685,0.0
24686,0.0
24687,0.0
24688,0.0
24689,0.0
24690,0.0
24691,0.0
24692,0.0
24693,0.0
24694,0.0
24695,0.0
24696,0.0
24697,0.0
24698,0.0
24699,0.0
24700,1.0
24701,1.0
24702,1.0
24703,1.0
24704,0.0
24705,0.0
24706,0.0
24707,0.0
24708,0.0
24709,0.0
24710,0.0
24711,0.0
24712,0.0
24713,0.0
24714,0.0
24715,0.0
24716,0.0
24717,0.0
24718,0.0
24719,0.0
24720,0.0
24721,0.0
24722,0.0
24723,0.0
24724,0.0
24725,0.0
24726,0.0
24727,0.0
24728,0.0
24729,0.0
24730,0.0
24731,0.0
24732,0.0
24733,0.0
24734,1.0
24735,1.0
24736,1.0
24737,1.0
24738,1.0
24739,0.0
24740,0.0
24741,0.0
24742,0.0
24743,0.0
24744,0.0
24745,0.0
24746,0.0
24747,0.0
24748,0.0
24749,0.0
24750,0.0
24751,0.0
24752,0.0
24753,0.0
24754,0.0
24755,0.0
24756,0.0
24757,0.0
24758,0.0
24759,0.0
24760,0.0
24761,0.0
24762,0.0
24763,0.0
24764,0.0
24765,0.0
24766,0.0
24767,0.0
24768,0.0
24769,0.0
24770,0.0
24771,0.0
24772,0.0
24773,0.0
24774,0.0
24775,0.0
24776,0.0
24777,0.0
24778,0.0
24779,0.0
24780,0.0
24781,0.0
24782,0.0
24783,0.0
24784,0.0
24785,0.0
24786,0.0
24787,0.0
24788,0.0
24789,0.0
24790,1.0
24791,1.0
24792,1.0
24793,1.0
24794,1.0
24795,0.0
24796,0.0
24797,0.0
24798,1.0
24799,0.0
24800,0.0
24801,0.0
24802,1.0
24803,1.0
24804,1.0
24805,0.0
24806,0.0
24807,0.0
24808,0.0
24809,0.0
24810,1.0
24811,1.0
24812,1.0
24813,1.0
24814,1.0
24815,0.0
24816,0.0
24817,0.0
24818,0.0
24819,0.0
24820,0.0
24821,0.0
24822,0.0
24823,0.0
24824,0.0
24825,1.0
24826,1.0
24827,1.0
24828,1.0
24829,1.0
24830,1.0
24831,1.0
24832,1.0
24833,1.0
24834,1.0
24835,1.0
24836,1.0
24837,1.0
24838,1.0
24839,1.0
24840,1.0
24841,1.0
24842,1.0
24843,1.0
24844,1.0
24845,1.0
24846,1.0
24847,1.0
24848,1.0
24849,1.0
24850,1.0
24851,1.0
24852,1.0
24853,1.0
24854,1.0
24855,1.0
24856,1.0
24857,1.0
24858,1.0
24859,1.0
24860,1.0
24861,1.0
24862,1.0
24863,1.0
24864,1.0
24865,1.0
24866,1.0
24867,1.0
24868,1.0
24869,1.0
24870,1.0
24871,1.0
24872,1.0
24873,1.0
24874,1.0
24875,1.0
24876,1.0
24877,1.0
24878,1.0
24879,1.0
24880,1.0
24881,1.0
24882,1.0
24883,1.0
24884,1.0
24885,1.0
24886,1.0
24887,1.0
24888,1.0
24889,1.0
24890,1.0
24891,1.0
24892,1.0
24893,1.0
24894,1.0
24895,1.0
24896,1.0
24897,1.0
24898,1.0
24899,1.0
24900,1.0
24901,1.0
24902,1.0
24903,1.0
24904,1.0
24905,1.0
24906,1.0
24907,1.0
24908,1.0
24909,1.0
24910,1.0
24911,1.0
24912,1.0
24913,1.0
24914,1.0
24915,1.0
24916,1.0
24917,1.0
24918,1.0
24919,1.0
24920,1.0
24921,1.0
24922,1.0
24923,1.0
24924,1.0
24925,0.0
24926,1.0
24927,1.0
24928,0.0
24929,0.0
24930,0.0
24931,0.0
24932,0.0
24933,1.0
24934,1.0
24935,1.0
24936,1.0
24937,1.0
24938,1.0
24939,1.0
24940,1.0
24941,1.0
24942,1.0
24943,1.0
24944,1.0
24945,0.0
24946,0.0
24947,0.0
24948,0.0
24949,0.0
24950,0.0
24951,0.0
24952,0.0
24953,1.0
24954,1.0
24955,1.0
24956,1.0
24957,1.0
24958,1.0
24959,1.0
24960,1.0
24961,1.0
24962,1.0
24963,1.0
24964,1.0
24965,1.0
24966,1.0
24967,1.0
24968,1.0
24969,1.0
24970,1.0
24971,1.0
24972,1.0
24973,1.0
24974,1.0
24975,0.0
24976,0.0
24977,0.0
24978,0.0
24979,0.0
24980,1.0
24981,1.0
24982,0.0
24983,0.0
24984,0.0
24985,0.0
24986,1.0
24987,1.0
24988,1.0
24989,1.0
24990,1.0
24991,1.0
24992,1.0
24993,1.0
24994,1.0
24995,1.0
24996,1.0
24997,1.0
24998,1.0
24999,1.0
25000,1.0
25001,1.0
25002,1.0
25003,1.0
25004,1.0
25005,1.0
25006,1.0
25007,1.0
25008,1.0
25009,1.0
25010,1.0
25011,1.0
25012,1.0
25013,1.0
25014,1.0
25015,1.0
25016,1.0
25017,1.0
25018,1.0
25019,1.0
25020,1.0
25021,1.0
25022,0.0
25023,0.0
25024,1.0
25025,1.0
25026,1.0
25027,0.0
25028,1.0
25029,1.0
25030,1.0
25031,1.0
25032,1.0
25033,1.0
25034,1.0
25035,1.0
25036,0.0
25037,0.0
25038,0.0
25039,0.0
25040,0.0
25041,0.0
25042,0.0
25043,1.0
25044,1.0
25045,1.0
25046,1.0
25047,1.0
25048,1.0
25049,1.0
25050,1.0
25051,0.0
25052,1.0
25053,1.0
25054,1.0
25055,1.0
25056,1.0
25057,1.0
25058,1.0
25059,1.0
25060,1.0
25061,1.0
25062,1.0
25063,0.0
25064,1.0
25065,1.0
25066,0.0
25067,0.0
25068,0.0
25069,0.0
25070,0.0
25071,0.0
25072,0.0
25073,0.0
25074,0.0
25075,0.0
25076,1.0
25077,1.0
25078,1.0
25079,1.0
25080,1.0
25081,1.0
25082,1.0
25083,1.0
25084,1.0
25085,0.0
25086,1.0
25087,1.0
25088,1.0
25089,1.0
25090,1.0
25091,0.0
25092,1.0
25093,0.0
25094,1.0
25095,1.0
25096,1.0
25097,0.0
25098,1.0
25099,1.0
25100,1.0
25101,1.0
25102,1.0
25103,0.0
25104,1.0
25105,1.0
25106,1.0
25107,1.0
25108,1.0
25109,0.0
25110,1.0
25111,1.0
25112,1.0
25113,1.0
25114,0.0
25115,0.0
25116,0.0
25117,1.0
25118,0.0
25119,0.0
25120,0.0
25121,0.0
25122,0.0
25123,0.0
25124,0.0
25125,1.0
25126,1.0
25127,1.0
25128,1.0
25129,1.0
25130,1.0
25131,1.0
25132,1.0
25133,1.0
25134,1.0
25135,1.0
25136,1.0
25137,1.0
25138,1.0
25139,1.0
25140,1.0
25141,1.0
25142,1.0
25143,1.0
25144,1.0
25145,1.0
25146,1.0
25147,1.0
25148,1.0
25149,1.0
25150,1.0
25151,1.0
25152,1.0
25153,1.0
25154,1.0
25155,1.0
25156,1.0
25157,1.0
25158,1.0
25159,1.0
25160,1.0
25161,1.0
25162,1.0
25163,1.0
25164,1.0
25165,1.0
25166,1.0
25167,1.0
25168,1.0
25169,1.0
25170,1.0
25171,1.0
25172,1.0
25173,1.0
25174,1.0
25175,1.0
25176,1.0
25177,1.0
25178,1.0
25179,1.0
25180,1.0
25181,1.0
25182,1.0
25183,1.0
25184,1.0
25185,1.0
25186,1.0
25187,1.0
25188,1.0
25189,1.0
25190,1.0
25191,1.0
25192,1.0
25193,1.0
25194,1.0
25195,1.0
25196,1.0
25197,1.0
25198,1.0
25199,1.0
25200,1.0
25201,1.0
25202,1.0
25203,1.0
25204,1.0
25205,1.0
25206,1.0
25207,1.0
25208,1.0
25209,1.0
25210,1.0
25211,1.0
25212,1.0
25213,1.0
25214,1.0
25215,1.0
25216,1.0
25217,1.0
25218,1.0
25219,1.0
25220,1.0
25221,1.0
25222,1.0
25223,1.0
25224,1.0
25225,1.0
25226,1.0
25227,1.0
25228,1.0
25229,1.0
25230,1.0
25231,1.0
25232,1.0
25233,1.0
25234,1.0
25235,1.0
25236,1.0
25237,1.0
25238,1.0
25239,1.0
25240,1.0
25241,1.0
25242,0.0
25243,1.0
25244,1.0
25245,1.0
25246,1.0
25247,1.0
25248,1.0
25249,0.0
25250,0.0
25251,0.0
25252,0.0
25253,0.0
25254,0.0
25255,1.0
25256,1.0
25257,1.0
25258,1.0
25259,1.0
25260,1.0
25261,1.0
25262,1.0
25263,1.0
25264,1.0
25265,0.0
25266,0.0
25267,0.0
25268,0.0
25269,0.0
25270,0.0
25271,0.0
25272,0.0
25273,0.0
25274,0.0
25275,0.0
25276,0.0
25277,1.0
25278,1.0
25279,1.0
25280,1.0
25281,1.0
25282,1.0
25283,1.0
25284,1.0
25285,1.0
25286,1.0
25287,1.0
25288,1.0
25289,1.0
25290,1.0
25291,1.0
25292,0.0
25293,0.0
25294,0.0
25295,0.0
25296,0.0
25297,0.0
25298,0.0
25299,0.0
25300,0.0
25301,0.0
25302,0.0
25303,0.0
25304,0.0
25305,0.0
25306,0.0
25307,0.0
25308,0.0
25309,0.0
25310,0.0
25311,0.0
25312,0.0
25313,0.0
25314,0.0
25315,1.0
25316,0.0
25317,1.0
25318,0.0
25319,1.0
25320,1.0
25321,1.0
25322,1.0
25323,1.0
25324,0.0
25325,0.0
25326,0.0
25327,0.0
25328,0.0
25329,0.0
25330,1.0
25331,1.0
25332,1.0
25333,1.0
25334,1.0
25335,0.0
25336,0.0
25337,0.0
25338,0.0
25339,1.0
25340,1.0
25341,1.0
25342,1.0
25343,0.0
25344,1.0
25345,1.0
25346,0.0
25347,0.0
25348,1.0
25349,1.0
25350,0.0
25351,0.0
25352,0.0
25353,0.0
25354,0.0
25355,0.0
25356,0.0
25357,0.0
25358,0.0
25359,0.0
25360,0.0
25361,1.0
25362,1.0
25363,1.0
25364,1.0
25365,1.0
25366,1.0
25367,1.0
25368,1.0
25369,0.0
25370,0.0
25371,0.0
25372,0.0
25373,1.0
25374,1.0
25375,0.0
25376,0.0
25377,0.0
25378,0.0
25379,1.0
25380,1.0
25381,0.0
25382,0.0
25383,0.0
25384,0.0
25385,1.0
25386,1.0
25387,0.0
25388,0.0
25389,0.0
25390,0.0
25391,1.0
25392,1.0
25393,0.0
25394,0.0
25395,0.0
25396,0.0
25397,0.0
25398,0.0
25399,0.0
25400,0.0
25401,0.0
25402,0.0
25403,0.0
25404,0.0
25405,0.0
25406,0.0
25407,0.0
25408,0.0
25409,1.0
25410,1.0
25411,1.0
25412,1.0
25413,1.0
25414,1.0
25415,1.0
25416,1.0
25417,0.0
25418,0.0
25419,0.0
25420,0.0
25421,0.0
25422,1.0
25423,0.0
25424,0.0
25425,1.0
25426,0.0
25427,1.0
25428,0.0
25429,0.0
25430,1.0
25431,0.0
25432,0.0
25433,0.0
25434,1.0
25435,0.0
25436,0.0
25437,0.0
25438,0.0
25439,1.0
25440,1.0
25441,1.0
25442,0.0
25443,1.0
25444,1.0
25445,1.0
25446,1.0
25447,0.0
25448,0.0
25449,1.0
25450,0.0
25451,1.0
25452,0.0
25453,1.0
25454,0.0
25455,0.0
25456,0.0
25457,0.0
25458,1.0
25459,0.0
25460,0.0
25461,0.0
25462,0.0
25463,1.0
25464,0.0
25465,1.0
25466,1.0
25467,1.0
25468,1.0
25469,1.0
25470,1.0
25471,1.0
25472,0.0
25473,1.0
25474,1.0
25475,1.0
25476,1.0
25477,1.0
25478,1.0
25479,0.0
25480,0.0
25481,1.0
25482,0.0
25483,0.0
25484,1.0
25485,0.0
25486,1.0
25487,0.0
25488,0.0
25489,0.0
25490,0.0
25491,0.0
25492,1.0
25493,1.0
25494,1.0
25495,1.0
25496,0.0
25497,1.0
25498,1.0
25499,1.0
25500,0.0
25501,0.0
25502,0.0
25503,1.0
25504,1.0
25505,1.0
25506,0.0
25507,0.0
25508,1.0
25509,1.0
25510,1.0
25511,1.0
25512,1.0
25513,1.0
25514,1.0
25515,1.0
25516,1.0
25517,1.0
25518,0.0
25519,1.0
25520,1.0
25521,1.0
25522,1.0
25523,1.0
25524,1.0
25525,0.0
25526,0.0
25527,1.0
25528,0.0
25529,0.0
25530,1.0
25531,0.0
25532,1.0
25533,0.0
25534,1.0
25535,0.0
25536,0.0
25537,0.0
25538,1.0
25539,1.0
25540,0.0
25541,1.0
25542,1.0
25543,1.0
25544,0.0
25545,0.0
25546,0.0
25547,0.0
25548,0.0
25549,0.0
25550,0.0
25551,0.0
25552,1.0
25553,1.0
25554,1.0
25555,1.0
25556,1.0
25557,1.0
25558,0.0
25559,1.0
25560,0.0
25561,1.0
25562,1.0
25563,1.0
25564,1.0
25565,1.0
25566,1.0
25567,1.0
25568,0.0
25569,0.0
25570,0.0
25571,0.0
25572,0.0
25573,0.0
25574,0.0
25575,0.0
25576,0.0
25577,1.0
25578,0.0
25579,0.0
25580,1.0
25581,0.0
25582,1.0
25583,1.0
25584,1.0
25585,1.0
25586,1.0
25587,1.0
25588,1.0
25589,1.0
25590,1.0
25591,1.0
25592,0.0
25593,1.0
25594,1.0
25595,1.0
25596,0.0
25597,1.0
25598,1.0
25599,1.0
25600,1.0
25601,1.0
25602,1.0
25603,1.0
25604,1.0
25605,0.0
25606,0.0
25607,1.0
25608,1.0
25609,1.0
25610,1.0
25611,1.0
25612,0.0
25613,0.0
25614,0.0
25615,1.0
25616,0.0
25617,1.0
25618,1.0
25619,1.0
25620,0.0
25621,0.0
25622,0.0
25623,0.0
25624,1.0
25625,0.0
25626,1.0
25627,1.0
25628,1.0
25629,0.0
25630,0.0
25631,1.0
25632,1.0
25633,1.0
25634,1.0
25635,0.0
25636,1.0
25637,1.0
25638,1.0
25639,1.0
25640,1.0
25641,1.0
25642,1.0
25643,1.0
25644,1.0
25645,1.0
25646,1.0
25647,1.0
25648,1.0
25649,0.0
25650,1.0
25651,1.0
25652,1.0
25653,0.0
25654,1.0
25655,1.0
25656,1.0
25657,1.0
25658,1.0
25659,1.0
25660,0.0
25661,1.0
25662,1.0
25663,0.0
25664,1.0
25665,1.0
25666,0.0
25667,0.0
25668,0.0
25669,1.0
25670,1.0
25671,1.0
25672,1.0
25673,1.0
25674,1.0
25675,1.0
25676,1.0
25677,0.0
25678,0.0
25679,1.0
25680,1.0
25681,1.0
25682,1.0
25683,1.0
25684,1.0
25685,1.0
25686,0.0
25687,0.0
25688,0.0
25689,1.0
25690,1.0
25691,1.0
25692,1.0
25693,1.0
25694,1.0
25695,1.0
25696,1.0
25697,1.0
25698,1.0
25699,1.0
25700,1.0
25701,1.0
25702,1.0
25703,1.0
25704,1.0
25705,1.0
25706,0.0
25707,0.0
25708,1.0
25709,1.0
25710,1.0
25711,1.0
25712,1.0
25713,1.0
25714,1.0
25715,1.0
25716,1.0
25717,0.0
25718,0.0
25719,0.0
25720,1.0
25721,1.0
25722,1.0
25723,1.0
25724,1.0
25725,1.0
25726,1.0
25727,1.0
25728,1.0
25729,1.0
25730,1.0
25731,1.0
25732,1.0
25733,1.0
25734,1.0
25735,1.0
25736,1.0
25737,1.0
25738,1.0
25739,1.0
25740,1.0
25741,1.0
25742,1.0
25743,1.0
25744,1.0
25745,1.0
25746,1.0
25747,1.0
25748,1.0
25749,1.0
25750,1.0
25751,1.0
25752,1.0
25753,1.0
25754,1.0
25755,1.0
25756,0.0
25757,0.0
25758,1.0
25759,1.0
25760,1.0
25761,1.0
25762,1.0
25763,1.0
25764,1.0
25765,1.0
25766,1.0
25767,0.0
25768,1.0
25769,1.0
25770,0.0
25771,0.0
25772,0.0
25773,1.0
25774,0.0
25775,0.0
25776,0.0
25777,0.0
25778,1.0
25779,1.0
25780,1.0
25781,1.0
25782,1.0
25783,1.0
25784,1.0
25785,1.0
25786,0.0
25787,0.0
25788,0.0
25789,0.0
25790,0.0
25791,0.0
25792,0.0
25793,0.0
25794,1.0
25795,0.0
25796,1.0
25797,1.0
25798,0.0
25799,0.0
25800,0.0
25801,0.0
25802,1.0
25803,1.0
25804,1.0
25805,1.0
25806,1.0
25807,1.0
25808,1.0
25809,1.0
25810,1.0
25811,1.0
25812,0.0
25813,0.0
25814,1.0
25815,1.0
25816,0.0
25817,0.0
25818,0.0
25819,0.0
25820,0.0
25821,0.0
25822,0.0
25823,0.0
25824,0.0
25825,0.0
25826,0.0
25827,0.0
25828,0.0
25829,1.0
25830,0.0
25831,1.0
25832,1.0
25833,0.0
25834,0.0
25835,1.0
25836,1.0
25837,0.0
25838,0.0
25839,0.0
25840,0.0
25841,0.0
25842,1.0
25843,1.0
25844,0.0
25845,0.0
25846,0.0
25847,1.0
25848,1.0
25849,1.0
25850,1.0
25851,0.0
25852,1.0
25853,1.0
25854,1.0
25855,1.0
25856,1.0
25857,0.0
25858,1.0
25859,1.0
25860,0.0
25861,0.0
25862,0.0
25863,1.0
25864,1.0
25865,0.0
25866,0.0
25867,0.0
25868,0.0
25869,0.0
25870,0.0
25871,0.0
25872,0.0
25873,0.0
25874,0.0
25875,0.0
25876,0.0
25877,0.0
25878,1.0
25879,0.0
25880,1.0
25881,1.0
25882,0.0
25883,1.0
25884,1.0
25885,1.0
25886,1.0
25887,0.0
25888,1.0
25889,0.0
25890,0.0
25891,1.0
25892,0.0
25893,1.0
25894,1.0
25895,1.0
25896,1.0
25897,1.0
25898,1.0
25899,1.0
25900,1.0
25901,1.0
25902,1.0
25903,1.0
25904,1.0
25905,1.0
25906,1.0
25907,0.0
25908,0.0
25909,0.0
25910,1.0
25911,1.0
25912,0.0
25913,0.0
25914,1.0
25915,1.0
25916,1.0
25917,0.0
25918,1.0
25919,1.0
25920,1.0
25921,1.0
25922,1.0
25923,1.0
25924,1.0
25925,1.0
25926,1.0
25927,1.0
25928,1.0
25929,1.0
25930,1.0
25931,1.0
25932,1.0
25933,1.0
25934,1.0
25935,1.0
25936,1.0
25937,1.0
25938,1.0
25939,1.0
25940,0.0
25941,1.0
25942,0.0
25943,0.0
25944,0.0
25945,1.0
25946,1.0
25947,0.0
25948,0.0
25949,1.0
25950,1.0
25951,1.0
25952,1.0
25953,1.0
25954,1.0
25955,1.0
25956,1.0
25957,1.0
25958,0.0
25959,1.0
25960,1.0
25961,1.0
25962,1.0
25963,1.0
25964,1.0
25965,1.0
25966,1.0
25967,1.0
25968,1.0
25969,1.0
25970,1.0
25971,1.0
25972,1.0
25973,1.0
25974,1.0
25975,1.0
25976,1.0
25977,1.0
25978,1.0
25979,1.0
25980,1.0
25981,1.0
25982,1.0
25983,1.0
25984,1.0
25985,1.0
25986,1.0
25987,1.0
25988,1.0
25989,1.0
25990,1.0
25991,1.0
25992,1.0
25993,1.0
25994,1.0
25995,1.0
25996,0.0
25997,1.0
25998,0.0
25999,0.0
26000,0.0
26001,1.0
26002,1.0
26003,0.0
26004,0.0
26005,0.0
26006,1.0
26007,1.0
26008,0.0
26009,1.0
26010,0.0
26011,1.0
26012,0.0
26013,0.0
26014,0.0
26015,0.0
26016,0.0
26017,1.0
26018,1.0
26019,1.0
26020,1.0
26021,1.0
26022,1.0
26023,1.0
26024,0.0
26025,0.0
26026,1.0
26027,0.0
26028,0.0
26029,0.0
26030,0.0
26031,1.0
26032,1.0
26033,0.0
26034,0.0
26035,0.0
26036,1.0
26037,0.0
26038,0.0
26039,1.0
26040,0.0
26041,1.0
26042,1.0
26043,1.0
26044,1.0
26045,1.0
26046,1.0
26047,1.0
26048,1.0
26049,1.0
26050,1.0
26051,1.0
26052,0.0
26053,0.0
26054,0.0
26055,0.0
26056,1.0
26057,0.0
26058,0.0
26059,1.0
26060,0.0
26061,0.0
26062,1.0
26063,1.0
26064,0.0
26065,1.0
26066,1.0
26067,1.0
26068,1.0
26069,0.0
26070,0.0
26071,1.0
26072,1.0
26073,0.0
26074,1.0
26075,0.0
26076,0.0
26077,1.0
26078,1.0
26079,0.0
26080,1.0
26081,0.0
26082,1.0
26083,1.0
26084,1.0
26085,1.0
26086,1.0
26087,1.0
26088,1.0
26089,1.0
26090,1.0
26091,1.0
26092,1.0
26093,1.0
26094,1.0
26095,1.0
26096,0.0
26097,1.0
26098,0.0
26099,0.0
26100,0.0
26101,1.0
26102,0.0
26103,0.0
26104,1.0
26105,0.0
26106,0.0
26107,1.0
26108,1.0
26109,1.0
26110,1.0
26111,0.0
26112,1.0
26113,1.0
26114,1.0
26115,1.0
26116,1.0
26117,1.0
26118,1.0
26119,1.0
26120,1.0
26121,1.0
26122,1.0
26123,1.0
26124,1.0
26125,1.0
26126,0.0
26127,1.0
26128,0.0
26129,1.0
26130,1.0
26131,1.0
26132,1.0
26133,1.0
26134,1.0
26135,1.0
26136,1.0
26137,1.0
26138,1.0
26139,1.0
26140,1.0
26141,1.0
26142,1.0
26143,1.0
26144,1.0
26145,1.0
26146,1.0
26147,1.0
26148,1.0
26149,1.0
26150,1.0
26151,1.0
26152,1.0
26153,1.0
26154,1.0
26155,1.0
26156,0.0
26157,1.0
26158,1.0
26159,0.0
26160,1.0
26161,1.0
26162,1.0
26163,1.0
26164,1.0
26165,1.0
26166,1.0
26167,1.0
26168,1.0
26169,1.0
26170,1.0
26171,1.0
26172,1.0
26173,1.0
26174,1.0
26175,1.0
26176,1.0
26177,1.0
26178,1.0
26179,1.0
26180,1.0
26181,1.0
26182,1.0
26183,1.0
26184,1.0
26185,1.0
26186,1.0
26187,1.0
26188,1.0
26189,1.0
26190,1.0
26191,1.0
26192,1.0
26193,1.0
26194,1.0
26195,1.0
26196,1.0
26197,1.0
26198,1.0
26199,1.0
26200,1.0
26201,1.0
26202,1.0
26203,1.0
26204,1.0
26205,1.0
26206,1.0
26207,1.0
26208,0.0
26209,1.0
26210,1.0
26211,0.0
26212,1.0
26213,1.0
26214,1.0
26215,0.0
26216,0.0
26217,1.0
26218,1.0
26219,0.0
26220,1.0
26221,1.0
26222,1.0
26223,1.0
26224,1.0
26225,1.0
26226,1.0
26227,0.0
26228,0.0
26229,0.0
26230,0.0
26231,0.0
26232,0.0
26233,1.0
26234,1.0
26235,1.0
26236,1.0
26237,1.0
26238,1.0
26239,1.0
26240,0.0
26241,1.0
26242,1.0
26243,1.0
26244,1.0
26245,1.0
26246,1.0
26247,1.0
26248,1.0
26249,1.0
26250,1.0
26251,1.0
26252,0.0
26253,0.0
26254,0.0
26255,0.0
26256,0.0
26257,0.0
26258,0.0
26259,0.0
26260,1.0
26261,1.0
26262,1.0
26263,1.0
26264,1.0
26265,1.0
26266,1.0
26267,1.0
26268,1.0
26269,1.0
26270,1.0
26271,1.0
26272,1.0
26273,0.0
26274,1.0
26275,1.0
26276,1.0
26277,1.0
26278,1.0
26279,1.0
26280,1.0
26281,1.0
26282,1.0
26283,1.0
26284,1.0
26285,1.0
26286,1.0
26287,1.0
26288,1.0
26289,1.0
26290,1.0
26291,1.0
26292,0.0
26293,1.0
26294,1.0
26295,1.0
26296,1.0
26297,1.0
26298,0.0
26299,0.0
26300,0.0
26301,1.0
26302,1.0
26303,0.0
26304,0.0
26305,0.0
26306,1.0
26307,1.0
26308,0.0
26309,1.0
26310,1.0
26311,1.0
26312,1.0
26313,1.0
26314,1.0
26315,1.0
26316,1.0
26317,1.0
26318,1.0
26319,1.0
26320,1.0
26321,1.0
26322,1.0
26323,1.0
26324,1.0
26325,0.0
26326,1.0
26327,1.0
26328,1.0
26329,1.0
26330,1.0
26331,1.0
26332,1.0
26333,1.0
26334,1.0
26335,1.0
26336,1.0
26337,1.0
26338,0.0
26339,1.0
26340,1.0
26341,1.0
26342,1.0
26343,1.0
26344,1.0
26345,1.0
26346,1.0
26347,1.0
26348,1.0
26349,1.0
26350,1.0
26351,1.0
26352,1.0
26353,1.0
26354,1.0
26355,0.0
26356,0.0
26357,1.0
26358,1.0
26359,1.0
26360,1.0
26361,1.0
26362,1.0
26363,1.0
26364,1.0
26365,1.0
26366,1.0
26367,1.0
26368,1.0
26369,1.0
26370,1.0
26371,1.0
26372,1.0
26373,1.0
26374,1.0
26375,1.0
26376,1.0
26377,1.0
26378,1.0
26379,1.0
26380,1.0
26381,1.0
26382,1.0
26383,1.0
26384,0.0
26385,0.0
26386,1.0
26387,1.0
26388,1.0
26389,1.0
26390,1.0
26391,1.0
26392,1.0
26393,1.0
26394,1.0
26395,1.0
26396,1.0
26397,1.0
26398,1.0
26399,1.0
26400,1.0
26401,1.0
26402,1.0
26403,1.0
26404,1.0
26405,1.0
26406,1.0
26407,1.0
26408,1.0
26409,1.0
26410,1.0
26411,1.0
26412,1.0
26413,1.0
26414,1.0
26415,1.0
26416,1.0
26417,1.0
26418,1.0
26419,1.0
26420,1.0
26421,1.0
26422,1.0
26423,1.0
26424,1.0
26425,1.0
26426,1.0
26427,1.0
26428,1.0
26429,1.0
26430,1.0
26431,1.0
26432,1.0
26433,0.0
26434,0.0
26435,1.0
26436,1.0
26437,1.0
26438,1.0
26439,1.0
26440,0.0
26441,1.0
26442,0.0
26443,0.0
26444,1.0
26445,1.0
26446,1.0
26447,1.0
26448,1.0
26449,1.0
26450,1.0
26451,1.0
26452,1.0
26453,1.0
26454,0.0
26455,0.0
26456,0.0
26457,0.0
26458,1.0
26459,1.0
26460,1.0
26461,0.0
26462,0.0
26463,0.0
26464,0.0
26465,1.0
26466,1.0
26467,1.0
26468,1.0
26469,1.0
26470,1.0
26471,1.0
26472,1.0
26473,1.0
26474,1.0
26475,1.0
26476,1.0
26477,1.0
26478,1.0
26479,1.0
26480,1.0
26481,1.0
26482,0.0
26483,0.0
26484,1.0
26485,0.0
26486,0.0
26487,0.0
26488,1.0
26489,0.0
26490,0.0
26491,1.0
26492,0.0
26493,1.0
26494,0.0
26495,0.0
26496,0.0
26497,0.0
26498,1.0
26499,1.0
26500,1.0
26501,1.0
26502,1.0
26503,1.0
26504,1.0
26505,1.0
26506,1.0
26507,1.0
26508,1.0
26509,1.0
26510,1.0
26511,1.0
26512,1.0
26513,1.0
26514,1.0
26515,1.0
26516,1.0
26517,1.0
26518,1.0
26519,0.0
26520,1.0
26521,1.0
26522,1.0
26523,1.0
26524,0.0
26525,1.0
26526,1.0
26527,1.0
26528,0.0
26529,0.0
26530,0.0
26531,1.0
26532,0.0
26533,0.0
26534,0.0
26535,0.0
26536,1.0
26537,0.0
26538,0.0
26539,1.0
26540,0.0
26541,1.0
26542,0.0
26543,0.0
26544,0.0
26545,0.0
26546,1.0
26547,1.0
26548,1.0
26549,0.0
26550,1.0
26551,0.0
26552,1.0
26553,1.0
26554,1.0
26555,1.0
26556,1.0
26557,1.0
26558,1.0
26559,1.0
26560,1.0
26561,1.0
26562,1.0
26563,1.0
26564,1.0
26565,1.0
26566,0.0
26567,0.0
26568,0.0
26569,1.0
26570,1.0
26571,1.0
26572,1.0
26573,1.0
26574,0.0
26575,1.0
26576,1.0
26577,1.0
26578,1.0
26579,1.0
26580,1.0
26581,1.0
26582,1.0
26583,1.0
26584,1.0
26585,1.0
26586,1.0
26587,1.0
26588,1.0
26589,1.0
26590,1.0
26591,1.0
26592,1.0
26593,1.0
26594,1.0
26595,1.0
26596,1.0
26597,1.0
26598,1.0
26599,1.0
26600,1.0
26601,0.0
26602,0.0
26603,0.0
26604,1.0
26605,1.0
26606,1.0
26607,1.0
26608,1.0
26609,1.0
26610,0.0
26611,1.0
26612,1.0
26613,1.0
26614,1.0
26615,1.0
26616,1.0
26617,1.0
26618,1.0
26619,1.0
26620,1.0
26621,1.0
26622,1.0
26623,1.0
26624,1.0
26625,1.0
26626,1.0
26627,1.0
26628,1.0
26629,1.0
26630,1.0
26631,1.0
26632,1.0
26633,1.0
26634,1.0
26635,1.0
26636,1.0
26637,1.0
26638,1.0
26639,1.0
26640,1.0
26641,1.0
26642,1.0
26643,1.0
26644,1.0
26645,1.0
26646,1.0
26647,1.0
26648,1.0
26649,1.0
26650,1.0
26651,1.0
26652,1.0
26653,1.0
26654,1.0
26655,1.0
26656,1.0
26657,1.0
26658,0.0
26659,0.0
26660,0.0
26661,1.0
26662,1.0
26663,1.0
26664,1.0
26665,1.0
26666,1.0
26667,1.0
26668,0.0
26669,1.0
26670,0.0
26671,0.0
26672,1.0
26673,0.0
26674,1.0
26675,1.0
26676,1.0
26677,0.0
26678,0.0
26679,1.0
26680,1.0
26681,1.0
26682,1.0
26683,1.0
26684,0.0
26685,0.0
26686,0.0
26687,0.0
26688,0.0
26689,0.0
26690,0.0
26691,1.0
26692,0.0
26693,1.0
26694,1.0
26695,1.0
26696,1.0
26697,1.0
26698,0.0
26699,0.0
26700,1.0
26701,1.0
26702,1.0
26703,1.0
26704,1.0
26705,1.0
26706,0.0
26707,0.0
26708,1.0
26709,0.0
26710,0.0
26711,0.0
26712,0.0
26713,0.0
26714,0.0
26715,0.0
26716,0.0
26717,0.0
26718,0.0
26719,0.0
26720,1.0
26721,0.0
26722,1.0
26723,1.0
26724,1.0
26725,1.0
26726,1.0
26727,1.0
26728,1.0
26729,1.0
26730,1.0
26731,1.0
26732,1.0
26733,0.0
26734,1.0
26735,0.0
26736,0.0
26737,0.0
26738,0.0
26739,0.0
26740,0.0
26741,0.0
26742,0.0
26743,1.0
26744,1.0
26745,1.0
26746,1.0
26747,1.0
26748,1.0
26749,1.0
26750,0.0
26751,0.0
26752,0.0
26753,0.0
26754,1.0
26755,0.0
26756,0.0
26757,0.0
26758,0.0
26759,0.0
26760,0.0
26761,0.0
26762,0.0
26763,0.0
26764,0.0
26765,0.0
26766,0.0
26767,1.0
26768,0.0
26769,1.0
26770,0.0
26771,1.0
26772,0.0
26773,1.0
26774,1.0
26775,1.0
26776,1.0
26777,1.0
26778,1.0
26779,1.0
26780,1.0
26781,0.0
26782,0.0
26783,0.0
26784,0.0
26785,0.0
26786,1.0
26787,1.0
26788,1.0
26789,0.0
26790,1.0
26791,0.0
26792,1.0
26793,1.0
26794,1.0
26795,1.0
26796,1.0
26797,1.0
26798,1.0
26799,1.0
26800,1.0
26801,1.0
26802,1.0
26803,1.0
26804,1.0
26805,1.0
26806,1.0
26807,0.0
26808,0.0
26809,0.0
26810,0.0
26811,0.0
26812,0.0
26813,0.0
26814,0.0
26815,0.0
26816,0.0
26817,1.0
26818,1.0
26819,1.0
26820,1.0
26821,1.0
26822,0.0
26823,1.0
26824,1.0
26825,0.0
26826,1.0
26827,1.0
26828,1.0
26829,1.0
26830,1.0
26831,1.0
26832,1.0
26833,1.0
26834,1.0
26835,1.0
26836,1.0
26837,1.0
26838,1.0
26839,1.0
26840,1.0
26841,1.0
26842,1.0
26843,1.0
26844,1.0
26845,1.0
26846,1.0
26847,1.0
26848,1.0
26849,1.0
26850,1.0
26851,1.0
26852,1.0
26853,1.0
26854,1.0
26855,1.0
26856,0.0
26857,0.0
26858,0.0
26859,0.0
26860,1.0
26861,0.0
26862,0.0
26863,0.0
26864,0.0
26865,1.0
26866,0.0
26867,0.0
26868,0.0
26869,1.0
26870,1.0
26871,1.0
26872,1.0
26873,1.0
26874,1.0
26875,0.0
26876,1.0
26877,1.0
26878,0.0
26879,1.0
26880,1.0
26881,1.0
26882,1.0
26883,1.0
26884,0.0
26885,0.0
26886,1.0
26887,1.0
26888,0.0
26889,0.0
26890,1.0
26891,1.0
26892,1.0
26893,0.0
26894,0.0
26895,0.0
26896,0.0
26897,0.0
26898,1.0
26899,1.0
26900,1.0
26901,1.0
26902,1.0
26903,0.0
26904,0.0
26905,0.0
26906,0.0
26907,0.0
26908,0.0
26909,1.0
26910,1.0
26911,1.0
26912,1.0
26913,1.0
26914,1.0
26915,1.0
26916,1.0
26917,0.0
26918,0.0
26919,1.0
26920,0.0
26921,0.0
26922,1.0
26923,0.0
26924,1.0
26925,1.0
26926,1.0
26927,1.0
26928,1.0
26929,1.0
26930,1.0
26931,1.0
26932,0.0
26933,0.0
26934,0.0
26935,0.0
26936,0.0
26937,0.0
26938,0.0
26939,0.0
26940,0.0
26941,1.0
26942,1.0
26943,1.0
26944,1.0
26945,1.0
26946,1.0
26947,1.0
26948,1.0
26949,1.0
26950,1.0
26951,1.0
26952,0.0
26953,0.0
26954,1.0
26955,0.0
26956,0.0
26957,1.0
26958,1.0
26959,0.0
26960,0.0
26961,1.0
26962,0.0
26963,0.0
26964,1.0
26965,1.0
26966,0.0
26967,1.0
26968,1.0
26969,0.0
26970,1.0
26971,1.0
26972,1.0
26973,1.0
26974,1.0
26975,1.0
26976,1.0
26977,1.0
26978,1.0
26979,1.0
26980,1.0
26981,0.0
26982,0.0
26983,1.0
26984,1.0
26985,0.0
26986,0.0
26987,0.0
26988,0.0
26989,0.0
26990,0.0
26991,0.0
26992,1.0
26993,1.0
26994,1.0
26995,1.0
26996,1.0
26997,1.0
26998,1.0
26999,1.0
27000,1.0
27001,1.0
27002,1.0
27003,1.0
27004,1.0
27005,1.0
27006,1.0
27007,1.0
27008,1.0
27009,1.0
27010,1.0
27011,1.0
27012,1.0
27013,1.0
27014,1.0
27015,1.0
27016,1.0
27017,1.0
27018,1.0
27019,1.0
27020,1.0
27021,1.0
27022,1.0
27023,1.0
27024,1.0
27025,1.0
27026,1.0
27027,1.0
27028,1.0
27029,1.0
27030,1.0
27031,1.0
27032,1.0
27033,1.0
27034,1.0
27035,1.0
27036,1.0
27037,1.0
27038,1.0
27039,1.0
27040,1.0
27041,1.0
27042,1.0
27043,1.0
27044,1.0
27045,1.0
27046,1.0
27047,1.0
27048,1.0
27049,1.0
27050,1.0
27051,1.0
27052,1.0
27053,1.0
27054,1.0
27055,1.0
27056,1.0
27057,1.0
27058,1.0
27059,1.0
27060,1.0
27061,1.0
27062,1.0
27063,1.0
27064,1.0
27065,1.0
27066,1.0
27067,1.0
27068,1.0
27069,1.0
27070,1.0
27071,1.0
27072,1.0
27073,1.0
27074,1.0
27075,1.0
27076,1.0
27077,1.0
27078,1.0
27079,1.0
27080,1.0
27081,1.0
27082,1.0
27083,1.0
27084,1.0
27085,1.0
27086,1.0
27087,1.0
27088,1.0
27089,1.0
27090,1.0
27091,1.0
27092,1.0
27093,1.0
27094,1.0
27095,1.0
27096,1.0
27097,1.0
27098,1.0
27099,1.0
27100,1.0
27101,1.0
27102,1.0
27103,1.0
27104,1.0
27105,1.0
27106,1.0
27107,1.0
27108,1.0
27109,1.0
27110,1.0
27111,1.0
27112,1.0
27113,1.0
27114,1.0
27115,1.0
27116,1.0
27117,1.0
27118,1.0
27119,1.0
27120,1.0
27121,1.0
27122,1.0
27123,1.0
27124,1.0
27125,1.0
27126,1.0
27127,1.0
27128,1.0
27129,1.0
27130,1.0
27131,1.0
27132,1.0
27133,1.0
27134,1.0
27135,1.0
27136,1.0
27137,1.0
27138,1.0
27139,1.0
27140,1.0
27141,1.0
27142,1.0
27143,1.0
27144,1.0
27145,1.0
27146,1.0
27147,1.0
27148,1.0
27149,1.0
27150,1.0
27151,1.0
27152,1.0
27153,1.0
27154,1.0
27155,1.0
27156,1.0
27157,1.0
27158,1.0
27159,1.0
27160,1.0
27161,1.0
27162,1.0
27163,1.0
27164,1.0
27165,1.0
27166,1.0
27167,1.0
27168,1.0
27169,1.0
27170,1.0
27171,1.0
27172,1.0
27173,1.0
27174,1.0
27175,1.0
27176,1.0
27177,1.0
27178,1.0
27179,1.0
27180,1.0
27181,1.0
27182,1.0
27183,1.0
27184,1.0
27185,1.0
27186,1.0
27187,1.0
27188,1.0
27189,0.0
27190,0.0
27191,1.0
27192,1.0
27193,1.0
27194,1.0
27195,1.0
27196,1.0
27197,1.0
27198,1.0
27199,1.0
27200,1.0
27201,1.0
27202,0.0
27203,0.0
27204,0.0
27205,0.0
27206,0.0
27207,1.0
27208,1.0
27209,1.0
27210,1.0
27211,1.0
27212,1.0
27213,1.0
27214,1.0
27215,1.0
27216,1.0
27217,1.0
27218,1.0
27219,1.0
27220,1.0
27221,1.0
27222,1.0
27223,1.0
27224,1.0
27225,1.0
27226,1.0
27227,1.0
27228,1.0
27229,1.0
27230,0.0
27231,0.0
27232,0.0
27233,0.0
27234,0.0
27235,0.0
27236,0.0
27237,1.0
27238,1.0
27239,1.0
27240,1.0
27241,1.0
27242,1.0
27243,1.0
27244,1.0
27245,1.0
27246,1.0
27247,1.0
27248,1.0
27249,1.0
27250,1.0
27251,1.0
27252,1.0
27253,1.0
27254,1.0
27255,1.0
27256,1.0
27257,1.0
27258,1.0
27259,1.0
27260,1.0
27261,1.0
27262,1.0
27263,1.0
27264,1.0
27265,1.0
27266,1.0
27267,1.0
27268,1.0
27269,1.0
27270,1.0
27271,1.0
27272,1.0
27273,1.0
27274,1.0
27275,1.0
27276,1.0
27277,1.0
27278,1.0
27279,1.0
27280,0.0
27281,0.0
27282,0.0
27283,0.0
27284,0.0
27285,0.0
27286,0.0
27287,1.0
27288,1.0
27289,1.0
27290,1.0
27291,1.0
27292,1.0
27293,1.0
27294,1.0
27295,1.0
27296,1.0
27297,1.0
27298,1.0
27299,1.0
27300,1.0
27301,1.0
27302,1.0
27303,1.0
27304,1.0
27305,1.0
27306,1.0
27307,1.0
27308,1.0
27309,1.0
27310,1.0
27311,1.0
27312,1.0
27313,1.0
27314,1.0
27315,1.0
27316,1.0
27317,1.0
27318,1.0
27319,1.0
27320,1.0
27321,1.0
27322,1.0
27323,1.0
27324,1.0
27325,1.0
27326,1.0
27327,1.0
27328,1.0
27329,1.0
27330,1.0
27331,1.0
27332,1.0
27333,1.0
27334,1.0
27335,1.0
27336,1.0
27337,1.0
27338,1.0
27339,1.0
27340,1.0
27341,1.0
27342,1.0
27343,1.0
27344,1.0
27345,1.0
27346,1.0
27347,1.0
27348,1.0
27349,1.0
27350,1.0
27351,1.0
27352,1.0
27353,1.0
27354,1.0
27355,1.0
27356,1.0
27357,1.0
27358,1.0
27359,1.0
27360,1.0
27361,1.0
27362,1.0
27363,1.0
27364,1.0
27365,1.0
27366,1.0
27367,1.0
27368,1.0
27369,1.0
27370,1.0
27371,1.0
27372,1.0
27373,1.0
27374,1.0
27375,1.0
27376,1.0
27377,1.0
27378,1.0
27379,1.0
27380,1.0
27381,1.0
27382,1.0
27383,1.0
27384,1.0
27385,1.0
27386,1.0
27387,1.0
27388,1.0
27389,1.0
27390,1.0
27391,1.0
27392,1.0
27393,1.0
27394,1.0
27395,1.0
27396,1.0
27397,1.0
27398,1.0
27399,1.0
27400,1.0
27401,1.0
27402,1.0
27403,1.0
27404,1.0
27405,1.0
27406,1.0
27407,1.0
27408,1.0
27409,1.0
27410,1.0
27411,1.0
27412,1.0
27413,1.0
27414,1.0
27415,1.0
27416,1.0
27417,1.0
27418,1.0
27419,1.0
27420,1.0
27421,1.0
27422,1.0
27423,1.0
27424,1.0
27425,1.0
27426,1.0
27427,1.0
27428,1.0
27429,1.0
27430,1.0
27431,1.0
27432,1.0
27433,1.0
27434,1.0
27435,1.0
27436,1.0
27437,1.0
27438,1.0
27439,1.0
27440,1.0
27441,1.0
27442,1.0
27443,1.0
27444,1.0
27445,1.0
27446,1.0
27447,1.0
27448,1.0
27449,1.0
27450,1.0
27451,1.0
27452,1.0
27453,1.0
27454,1.0
27455,1.0
27456,1.0
27457,1.0
27458,1.0
27459,1.0
27460,1.0
27461,1.0
27462,1.0
27463,1.0
27464,1.0
27465,1.0
27466,1.0
27467,1.0
27468,1.0
27469,1.0
27470,1.0
27471,1.0
27472,1.0
27473,1.0
27474,1.0
27475,1.0
27476,1.0
27477,1.0
27478,1.0
27479,1.0
27480,1.0
27481,1.0
27482,1.0
27483,1.0
27484,1.0
27485,1.0
27486,1.0
27487,1.0
27488,1.0
27489,1.0
27490,1.0
27491,1.0
27492,1.0
27493,1.0
27494,1.0
27495,1.0
27496,1.0
27497,1.0
27498,1.0
27499,1.0
27500,1.0
27501,1.0
27502,1.0
27503,1.0
27504,1.0
27505,1.0
27506,1.0
27507,1.0
27508,1.0
27509,1.0
27510,1.0
27511,1.0
27512,1.0
27513,1.0
27514,1.0
27515,1.0
27516,1.0
27517,1.0
27518,1.0
27519,1.0
27520,1.0
27521,1.0
27522,1.0
27523,1.0
27524,1.0
27525,1.0
27526,1.0
27527,1.0
27528,1.0
27529,1.0
27530,1.0
27531,1.0
27532,1.0
27533,1.0
27534,1.0
27535,1.0
27536,1.0
27537,1.0
27538,1.0
27539,1.0
27540,1.0
27541,1.0
27542,1.0
27543,1.0
27544,1.0
27545,1.0
27546,1.0
27547,1.0
27548,1.0
27549,1.0
27550,1.0
27551,1.0
27552,1.0
27553,1.0
27554,1.0
27555,1.0
27556,1.0
27557,1.0
27558,1.0
27559,1.0
27560,1.0
27561,1.0
27562,1.0
27563,1.0
27564,1.0
27565,1.0
27566,1.0
27567,1.0
27568,1.0
27569,1.0
27570,1.0
27571,1.0
27572,1.0
27573,1.0
27574,1.0
27575,1.0
27576,1.0
27577,1.0
27578,1.0
27579,1.0
27580,1.0
27581,1.0
27582,1.0
27583,1.0
27584,1.0
27585,1.0
27586,1.0
27587,1.0
27588,1.0
27589,1.0
27590,1.0
27591,1.0
27592,1.0
27593,1.0
27594,1.0
27595,1.0
27596,1.0
27597,1.0
27598,1.0
27599,1.0
27600,1.0
27601,1.0
27602,0.0
27603,0.0
27604,0.0
27605,0.0
27606,0.0
27607,0.0
27608,0.0
27609,0.0
27610,0.0
27611,0.0
27612,0.0
27613,0.0
27614,0.0
27615,0.0
27616,0.0
27617,0.0
27618,0.0
27619,0.0
27620,0.0
27621,0.0
27622,0.0
27623,0.0
27624,0.0
27625,0.0
27626,0.0
27627,0.0
27628,0.0
27629,0.0
27630,0.0
27631,0.0
27632,0.0
27633,0.0
27634,0.0
27635,0.0
27636,0.0
27637,0.0
27638,0.0
27639,0.0
27640,0.0
27641,0.0
27642,0.0
27643,0.0
27644,0.0
27645,0.0
27646,0.0
27647,0.0
27648,0.0
27649,0.0
27650,0.0
27651,0.0
27652,0.0
27653,0.0
27654,0.0
27655,0.0
27656,0.0
27657,0.0
27658,0.0
27659,0.0
27660,0.0
27661,0.0
27662,0.0
27663,0.0
27664,0.0
27665,0.0
27666,0.0
27667,0.0
27668,0.0
27669,0.0
27670,0.0
27671,0.0
27672,0.0
27673,0.0
27674,0.0
27675,0.0
27676,0.0
27677,0.0
27678,0.0
27679,0.0
27680,0.0
27681,0.0
27682,0.0
27683,0.0
27684,0.0
27685,0.0
27686,0.0
27687,0.0
27688,0.0
27689,0.0
27690,0.0
27691,0.0
27692,0.0
27693,0.0
27694,0.0
27695,0.0
27696,0.0
27697,0.0
27698,0.0
27699,0.0
27700,0.0
27701,0.0
27702,0.0
27703,0.0
27704,0.0
27705,0.0
27706,0.0
27707,0.0
27708,0.0
27709,0.0
27710,0.0
27711,0.0
27712,0.0
27713,0.0
27714,0.0
27715,0.0
27716,0.0
27717,0.0
27718,0.0
27719,0.0
27720,0.0
27721,0.0
27722,0.0
27723,0.0
27724,0.0
27725,0.0
27726,0.0
27727,0.0
27728,0.0
27729,0.0
27730,0.0
27731,0.0
27732,0.0
27733,0.0
27734,0.0
27735,0.0
27736,0.0
27737,0.0
27738,0.0
27739,0.0
27740,0.0
27741,0.0
27742,0.0
27743,0.0
27744,0.0
27745,0.0
27746,0.0
27747,0.0
27748,0.0
27749,0.0
27750,0.0
27751,0.0
27752,0.0
27753,0.0
27754,0.0
27755,0.0
27756,0.0
27757,0.0
27758,0.0
27759,0.0
27760,0.0
27761,0.0
27762,0.0
27763,0.0
27764,0.0
27765,0.0
27766,0.0
27767,0.0
27768,0.0
27769,0.0
27770,0.0
27771,0.0
27772,0.0
27773,0.0
27774,0.0
27775,0.0
27776,0.0
27777,0.0
27778,0.0
27779,0.0
27780,0.0
27781,0.0
27782,0.0
27783,0.0
27784,0.0
27785,0.0
27786,0.0
27787,0.0
27788,0.0
27789,0.0
27790,0.0
27791,0.0
27792,0.0
27793,0.0
27794,0.0
27795,0.0
27796,0.0
27797,0.0
27798,0.0
27799,0.0
27800,0.0
27801,0.0
27802,0.0
27803,0.0
27804,0.0
27805,0.0
27806,0.0
27807,0.0
27808,0.0
27809,0.0
27810,0.0
27811,0.0
27812,0.0
27813,0.0
27814,0.0
27815,0.0
27816,0.0
27817,0.0
27818,0.0
27819,0.0
27820,0.0
27821,0.0
27822,0.0
27823,0.0
27824,0.0
27825,0.0
27826,0.0
27827,0.0
27828,0.0
27829,0.0
27830,0.0
27831,0.0
27832,0.0
27833,0.0
27834,0.0
27835,0.0
27836,0.0
27837,0.0
27838,0.0
27839,0.0
27840,0.0
27841,0.0
27842,0.0
27843,0.0
27844,0.0
27845,0.0
27846,0.0
27847,0.0
27848,0.0
27849,0.0
27850,0.0
27851,0.0
27852,0.0
27853,0.0
27854,0.0
27855,0.0
27856,0.0
27857,0.0
27858,0.0
27859,0.0
27860,0.0
27861,0.0
27862,0.0
27863,0.0
27864,0.0
27865,0.0
27866,0.0
27867,0.0
27868,0.0
27869,0.0
27870,0.0
27871,0.0
27872,0.0
27873,0.0
27874,0.0
27875,0.0
27876,0.0
27877,0.0
27878,0.0
27879,0.0
27880,0.0
27881,0.0
27882,0.0
27883,0.0
27884,0.0
27885,0.0
27886,0.0
27887,0.0
27888,0.0
27889,0.0
27890,0.0
27891,0.0
27892,0.0
27893,0.0
27894,0.0
27895,0.0
27896,0.0
27897,0.0
27898,0.0
27899,0.0
27900,0.0
27901,0.0
27902,0.0
27903,0.0
27904,0.0
27905,0.0
27906,0.0
27907,0.0
27908,0.0
27909,0.0
27910,0.0
27911,0.0
27912,0.0
27913,0.0
27914,0.0
27915,0.0
27916,0.0
27917,0.0
27918,0.0
27919,0.0
27920,0.0
27921,0.0
27922,0.0
27923,0.0
27924,0.0
27925,0.0
27926,0.0
27927,0.0
27928,0.0
27929,0.0
27930,0.0
27931,0.0
27932,0.0
27933,0.0
27934,0.0
27935,0.0
27936,0.0
27937,0.0
27938,0.0
27939,0.0
27940,0.0
27941,0.0
27942,0.0
27943,0.0
27944,0.0
27945,0.0
27946,0.0
27947,0.0
27948,0.0
27949,0.0
27950,0.0
27951,0.0
27952,0.0
27953,0.0
27954,0.0
27955,0.0
27956,0.0
27957,0.0
27958,0.0
27959,0.0
27960,0.0
27961,0.0
27962,0.0
27963,0.0
27964,0.0
27965,0.0
27966,0.0
27967,0.0
27968,0.0
27969,0.0
27970,0.0
27971,0.0
27972,0.0
27973,0.0
27974,0.0
27975,0.0
27976,0.0
27977,0.0
27978,0.0
27979,0.0
27980,0.0
27981,0.0
27982,0.0
27983,0.0
27984,0.0
27985,0.0
27986,0.0
27987,0.0
27988,0.0
27989,0.0
27990,0.0
27991,0.0
27992,0.0
27993,0.0
27994,0.0
27995,0.0
27996,0.0
27997,0.0
27998,0.0
27999,0.0
28000,0.0
28001,0.0
28002,0.0
28003,0.0
28004,0.0
28005,0.0
28006,0.0
28007,0.0
28008,0.0
28009,0.0
28010,0.0
28011,0.0
28012,0.0
28013,0.0
28014,0.0
28015,0.0
28016,0.0
28017,0.0
28018,0.0
28019,0.0
28020,0.0
28021,0.0
28022,0.0
28023,0.0
28024,0.0
28025,0.0
28026,0.0
28027,0.0
28028,0.0
28029,0.0
28030,0.0
28031,0.0
28032,0.0
28033,0.0
28034,0.0
28035,0.0
28036,0.0
28037,0.0
28038,0.0
28039,0.0
28040,0.0
28041,0.0
28042,0.0
28043,0.0
28044,0.0
28045,0.0
28046,0.0
28047,0.0
28048,0.0
28049,0.0
28050,0.0
28051,0.0
28052,0.0
28053,0.0
28054,0.0
28055,0.0
28056,0.0
28057,0.0
28058,0.0
28059,0.0
28060,0.0
28061,0.0
28062,0.0
28063,0.0
28064,0.0
28065,0.0
28066,0.0
28067,0.0
28068,0.0
28069,0.0
28070,0.0
28071,0.0
28072,0.0
28073,0.0
28074,0.0
28075,0.0
28076,0.0
28077,0.0
28078,0.0
28079,0.0
28080,0.0
28081,0.0
28082,0.0
28083,0.0
28084,0.0
28085,0.0
28086,0.0
28087,0.0
28088,0.0
28089,0.0
28090,0.0
28091,0.0
28092,0.0
28093,0.0
28094,0.0
28095,0.0
28096,0.0
28097,0.0
28098,0.0
28099,0.0
28100,0.0
28101,0.0
28102,0.0
28103,0.0
28104,0.0
28105,0.0
28106,0.0
28107,0.0
28108,0.0
28109,0.0
28110,0.0
28111,0.0
28112,0.0
28113,0.0
28114,0.0
28115,0.0
28116,0.0
28117,0.0
28118,0.0
28119,0.0
28120,0.0
28121,0.0
28122,0.0
28123,0.0
28124,0.0
28125,0.0
28126,0.0
28127,0.0
28128,0.0
28129,0.0
28130,0.0
28131,0.0
28132,0.0
28133,0.0
28134,0.0
28135,0.0
28136,0.0
28137,0.0
28138,0.0
28139,0.0
28140,0.0
28141,0.0
28142,0.0
28143,0.0
28144,0.0
28145,0.0
28146,0.0
28147,0.0
28148,0.0
28149,0.0
28150,0.0
28151,0.0
28152,0.0
28153,0.0
28154,0.0
28155,0.0
28156,0.0
28157,0.0
28158,0.0
28159,0.0
28160,0.0
28161,0.0
28162,0.0
28163,0.0
28164,0.0
28165,0.0
28166,0.0
28167,0.0
28168,0.0
28169,0.0
28170,0.0
28171,0.0
28172,0.0
28173,0.0
28174,0.0
28175,0.0
28176,0.0
28177,0.0
28178,0.0
28179,0.0
28180,0.0
28181,0.0
28182,0.0
28183,0.0
28184,0.0
28185,0.0
28186,0.0
28187,0.0
28188,0.0
28189,0.0
28190,0.0
28191,0.0
28192,0.0
28193,0.0
28194,0.0
28195,0.0
28196,0.0
28197,0.0
28198,0.0
28199,0.0
28200,0.0
28201,0.0
28202,0.0
28203,0.0
28204,0.0
28205,0.0
28206,0.0
28207,0.0
28208,0.0
28209,0.0
28210,0.0
28211,0.0
28212,0.0
28213,0.0
28214,0.0
28215,0.0
28216,0.0
28217,0.0
28218,0.0
28219,0.0
28220,0.0
28221,0.0
28222,0.0
28223,0.0
28224,0.0
28225,0.0
28226,0.0
28227,0.0
28228,0.0
28229,0.0
28230,0.0
28231,0.0
28232,0.0
28233,0.0
28234,0.0
28235,0.0
28236,0.0
28237,0.0
28238,1.0
28239,0.0
28240,0.0
28241,0.0
28242,0.0
28243,1.0
28244,1.0
28245,0.0
28246,0.0
28247,0.0
28248,1.0
28249,1.0
28250,0.0
28251,0.0
28252,0.0
28253,0.0
28254,0.0
28255,0.0
28256,0.0
28257,0.0
28258,0.0
28259,0.0
28260,1.0
28261,0.0
28262,1.0
28263,0.0
28264,1.0
28265,0.0
28266,0.0
28267,0.0
28268,1.0
28269,1.0
28270,0.0
28271,0.0
28272,0.0
28273,0.0
28274,0.0
28275,0.0
28276,0.0
28277,0.0
28278,0.0
28279,0.0
28280,0.0
28281,0.0
28282,0.0
28283,0.0
28284,0.0
28285,0.0
28286,0.0
28287,0.0
28288,0.0
28289,0.0
28290,0.0
28291,1.0
28292,0.0
28293,1.0
28294,1.0
28295,0.0
28296,1.0
28297,0.0
28298,0.0
28299,0.0
28300,1.0
28301,1.0
28302,0.0
28303,1.0
28304,1.0
28305,1.0
28306,0.0
28307,0.0
28308,0.0
28309,1.0
28310,0.0
28311,0.0
28312,1.0
28313,1.0
28314,1.0
28315,1.0
28316,1.0
28317,0.0
28318,0.0
28319,0.0
28320,0.0
28321,0.0
28322,0.0
28323,0.0
28324,1.0
28325,1.0
28326,0.0
28327,0.0
28328,1.0
28329,1.0
28330,1.0
28331,1.0
28332,1.0
28333,1.0
28334,1.0
28335,1.0
28336,0.0
28337,0.0
28338,0.0
28339,0.0
28340,0.0
28341,0.0
28342,0.0
28343,0.0
28344,0.0
28345,1.0
28346,0.0
28347,1.0
28348,1.0
28349,1.0
28350,1.0
28351,1.0
28352,1.0
28353,0.0
28354,0.0
28355,0.0
28356,1.0
28357,0.0
28358,1.0
28359,0.0
28360,1.0
28361,1.0
28362,0.0
28363,1.0
28364,1.0
28365,1.0
28366,0.0
28367,1.0
28368,0.0
28369,0.0
28370,0.0
28371,0.0
28372,0.0
28373,0.0
28374,0.0
28375,0.0
28376,1.0
28377,1.0
28378,1.0
28379,1.0
28380,1.0
28381,1.0
28382,1.0
28383,1.0
28384,1.0
28385,1.0
28386,1.0
28387,1.0
28388,1.0
28389,1.0
28390,1.0
28391,1.0
28392,1.0
28393,1.0
28394,1.0
28395,1.0
28396,1.0
28397,1.0
28398,1.0
28399,1.0
28400,1.0
28401,1.0
28402,1.0
28403,1.0
28404,1.0
28405,1.0
28406,1.0
28407,1.0
28408,1.0
28409,1.0
28410,1.0
28411,1.0
28412,1.0
28413,1.0
28414,1.0
28415,1.0
28416,1.0
28417,1.0
28418,1.0
28419,1.0
28420,1.0
28421,1.0
28422,1.0
28423,1.0
28424,1.0
28425,1.0
28426,1.0
28427,1.0
28428,1.0
28429,1.0
28430,1.0
28431,1.0
28432,1.0
28433,1.0
28434,1.0
28435,1.0
28436,1.0
28437,1.0
28438,1.0
28439,1.0
28440,1.0
28441,1.0
28442,1.0
28443,1.0
28444,1.0
28445,1.0
28446,1.0
28447,1.0
28448,1.0
28449,1.0
28450,1.0
28451,1.0
28452,1.0
28453,1.0
28454,1.0
28455,1.0
28456,1.0
28457,1.0
28458,1.0
28459,1.0
28460,1.0
28461,1.0
28462,1.0
28463,1.0
28464,1.0
28465,1.0
28466,1.0
28467,1.0
28468,1.0
28469,1.0
28470,1.0
28471,1.0
28472,1.0
28473,1.0
28474,1.0
28475,1.0
28476,1.0
28477,1.0
28478,1.0
28479,1.0
28480,1.0
28481,1.0
28482,1.0
28483,1.0
28484,0.0
28485,0.0
28486,1.0
28487,1.0
28488,1.0
28489,1.0
28490,1.0
28491,1.0
28492,1.0
28493,0.0
28494,0.0
28495,0.0
28496,0.0
28497,0.0
28498,0.0
28499,1.0
28500,1.0
28501,1.0
28502,1.0
28503,1.0
28504,1.0
28505,1.0
28506,1.0
28507,1.0
28508,1.0
28509,1.0
28510,1.0
28511,0.0
28512,0.0
28513,0.0
28514,0.0
28515,0.0
28516,0.0
28517,0.0
28518,0.0
28519,0.0
28520,0.0
28521,0.0
28522,0.0
28523,0.0
28524,1.0
28525,1.0
28526,1.0
28527,1.0
28528,1.0
28529,1.0
28530,1.0
28531,1.0
28532,1.0
28533,1.0
28534,1.0
28535,1.0
28536,1.0
28537,1.0
28538,1.0
28539,1.0
28540,0.0
28541,0.0
28542,0.0
28543,0.0
28544,0.0
28545,0.0
28546,0.0
28547,0.0
28548,0.0
28549,0.0
28550,0.0
28551,0.0
28552,0.0
28553,0.0
28554,0.0
28555,0.0
28556,0.0
28557,0.0
28558,0.0
28559,0.0
28560,0.0
28561,0.0
28562,0.0
28563,0.0
28564,1.0
28565,1.0
28566,1.0
28567,1.0
28568,0.0
28569,1.0
28570,0.0
28571,1.0
28572,0.0
28573,0.0
28574,0.0
28575,1.0
28576,0.0
28577,0.0
28578,0.0
28579,1.0
28580,1.0
28581,1.0
28582,1.0
28583,1.0
28584,1.0
28585,0.0
28586,1.0
28587,0.0
28588,0.0
28589,0.0
28590,0.0
28591,0.0
28592,0.0
28593,0.0
28594,0.0
28595,1.0
28596,0.0
28597,1.0
28598,0.0
28599,0.0
28600,1.0
28601,1.0
28602,1.0
28603,1.0
28604,1.0
28605,1.0
28606,1.0
28607,1.0
28608,1.0
28609,1.0
28610,0.0
28611,1.0
28612,0.0
28613,0.0
28614,0.0
28615,0.0
28616,1.0
28617,1.0
28618,0.0
28619,0.0
28620,0.0
28621,0.0
28622,1.0
28623,1.0
28624,0.0
28625,0.0
28626,0.0
28627,0.0
28628,1.0
28629,1.0
28630,0.0
28631,0.0
28632,1.0
28633,1.0
28634,1.0
28635,0.0
28636,1.0
28637,1.0
28638,0.0
28639,0.0
28640,1.0
28641,1.0
28642,1.0
28643,1.0
28644,1.0
28645,1.0
28646,1.0
28647,1.0
28648,1.0
28649,1.0
28650,1.0
28651,0.0
28652,1.0
28653,1.0
28654,1.0
28655,1.0
28656,1.0
28657,1.0
28658,1.0
28659,1.0
28660,1.0
28661,1.0
28662,1.0
28663,1.0
28664,1.0
28665,1.0
28666,1.0
28667,1.0
28668,1.0
28669,1.0
28670,1.0
28671,1.0
28672,1.0
28673,1.0
28674,1.0
28675,1.0
28676,1.0
28677,1.0
28678,1.0
28679,1.0
28680,1.0
28681,1.0
28682,1.0
28683,1.0
28684,1.0
28685,1.0
28686,1.0
28687,1.0
28688,1.0
28689,1.0
28690,1.0
28691,1.0
28692,1.0
28693,1.0
28694,1.0
28695,1.0
28696,1.0
28697,1.0
28698,1.0
28699,1.0
28700,1.0
28701,1.0
28702,1.0
28703,1.0
28704,1.0
28705,1.0
28706,1.0
28707,1.0
28708,1.0
28709,1.0
28710,1.0
28711,1.0
28712,1.0
28713,1.0
28714,1.0
28715,1.0
28716,1.0
28717,1.0
28718,1.0
28719,1.0
28720,1.0
28721,1.0
28722,1.0
28723,1.0
28724,1.0
28725,1.0
28726,1.0
28727,1.0
28728,1.0
28729,1.0
28730,1.0
28731,1.0
28732,1.0
28733,1.0
28734,1.0
28735,1.0
28736,1.0
28737,1.0
28738,1.0
28739,0.0
28740,1.0
28741,1.0
28742,1.0
28743,1.0
28744,1.0
28745,1.0
28746,1.0
28747,1.0
28748,0.0
28749,0.0
28750,1.0
28751,1.0
28752,1.0
28753,1.0
28754,1.0
28755,1.0
28756,1.0
28757,1.0
28758,1.0
28759,1.0
28760,1.0
28761,1.0
28762,1.0
28763,1.0
28764,1.0
28765,1.0
28766,1.0
28767,1.0
28768,1.0
28769,1.0
28770,0.0
28771,0.0
28772,1.0
28773,1.0
28774,1.0
28775,1.0
28776,1.0
28777,1.0
28778,1.0
28779,1.0
28780,1.0
28781,1.0
28782,1.0
28783,1.0
28784,1.0
28785,1.0
28786,1.0
28787,1.0
28788,1.0
28789,1.0
28790,1.0
28791,1.0
28792,1.0
28793,1.0
28794,1.0
28795,1.0
28796,1.0
28797,1.0
28798,1.0
28799,1.0
28800,1.0
28801,1.0
28802,1.0
28803,1.0
28804,1.0
28805,1.0
28806,1.0
28807,1.0
28808,1.0
28809,1.0
28810,1.0
28811,1.0
28812,1.0
28813,1.0
28814,0.0
28815,0.0
28816,1.0
28817,1.0
28818,1.0
28819,1.0
28820,1.0
28821,1.0
28822,1.0
28823,1.0
28824,1.0
28825,0.0
28826,0.0
28827,1.0
28828,1.0
28829,1.0
28830,1.0
28831,1.0
28832,1.0
28833,1.0
28834,1.0
28835,1.0
28836,1.0
28837,1.0
28838,1.0
28839,1.0
28840,0.0
28841,0.0
28842,0.0
28843,0.0
28844,1.0
28845,1.0
28846,1.0
28847,1.0
28848,1.0
28849,1.0
28850,1.0
28851,1.0
28852,1.0
28853,1.0
28854,1.0
28855,1.0
28856,1.0
28857,1.0
28858,1.0
28859,1.0
28860,1.0
28861,1.0
28862,1.0
28863,1.0
28864,1.0
28865,1.0
28866,1.0
28867,0.0
28868,0.0
28869,0.0
28870,0.0
28871,0.0
28872,1.0
28873,1.0
28874,0.0
28875,1.0
28876,1.0
28877,1.0
28878,1.0
28879,1.0
28880,1.0
28881,1.0
28882,1.0
28883,1.0
28884,1.0
28885,1.0
28886,1.0
28887,1.0
28888,1.0
28889,1.0
28890,1.0
28891,1.0
28892,1.0
28893,1.0
28894,1.0
28895,1.0
28896,1.0
28897,1.0
28898,1.0
28899,1.0
28900,1.0
28901,1.0
28902,1.0
28903,1.0
28904,1.0
28905,1.0
28906,1.0
28907,1.0
28908,1.0
28909,1.0
28910,1.0
28911,1.0
28912,1.0
28913,1.0
28914,1.0
28915,0.0
28916,1.0
28917,1.0
28918,0.0
28919,0.0
28920,0.0
28921,1.0
28922,0.0
28923,1.0
28924,1.0
28925,0.0
28926,1.0
28927,1.0
28928,1.0
28929,1.0
28930,1.0
28931,1.0
28932,1.0
28933,1.0
28934,1.0
28935,1.0
28936,1.0
28937,1.0
28938,1.0
28939,1.0
28940,1.0
28941,1.0
28942,1.0
28943,1.0
28944,1.0
28945,1.0
28946,1.0
28947,1.0
28948,1.0
28949,1.0
28950,1.0
28951,1.0
28952,1.0
28953,1.0
28954,1.0
28955,1.0
28956,1.0
28957,1.0
28958,1.0
28959,1.0
28960,1.0
28961,1.0
28962,1.0
28963,1.0
28964,1.0
28965,1.0
28966,1.0
28967,1.0
28968,1.0
28969,1.0
28970,1.0
28971,1.0
28972,1.0
28973,1.0
28974,1.0
28975,1.0
28976,1.0
28977,1.0
28978,1.0
28979,1.0
28980,1.0
28981,1.0
28982,1.0
28983,1.0
28984,1.0
28985,1.0
28986,1.0
28987,1.0
28988,1.0
28989,1.0
28990,1.0
28991,1.0
28992,1.0
28993,1.0
28994,1.0
28995,1.0
28996,1.0
28997,1.0
28998,1.0
28999,1.0
29000,1.0
29001,1.0
29002,1.0
29003,1.0
29004,1.0
29005,1.0
29006,1.0
29007,1.0
29008,1.0
29009,1.0
29010,1.0
29011,1.0
29012,1.0
29013,1.0
29014,1.0
29015,1.0
29016,1.0
29017,1.0
29018,1.0
29019,1.0
29020,1.0
29021,1.0
29022,1.0
29023,1.0
29024,1.0
29025,1.0
29026,1.0
29027,1.0
29028,1.0
29029,1.0
29030,1.0
29031,1.0
29032,1.0
29033,1.0
29034,1.0
29035,1.0
29036,1.0
29037,1.0
29038,1.0
29039,1.0
29040,0.0
29041,1.0
29042,1.0
29043,1.0
29044,0.0
29045,1.0
29046,1.0
29047,0.0
29048,0.0
29049,0.0
29050,0.0
29051,1.0
29052,1.0
29053,1.0
29054,1.0
29055,1.0
29056,1.0
29057,1.0
29058,1.0
29059,1.0
29060,0.0
29061,1.0
29062,1.0
29063,1.0
29064,1.0
29065,1.0
29066,1.0
29067,0.0
29068,0.0
29069,0.0
29070,0.0
29071,1.0
29072,0.0
29073,0.0
29074,1.0
29075,1.0
29076,1.0
29077,1.0
29078,1.0
29079,1.0
29080,1.0
29081,1.0
29082,1.0
29083,1.0
29084,1.0
29085,1.0
29086,1.0
29087,1.0
29088,1.0
29089,1.0
29090,1.0
29091,1.0
29092,1.0
29093,0.0
29094,1.0
29095,1.0
29096,0.0
29097,1.0
29098,1.0
29099,1.0
29100,1.0
29101,1.0
29102,0.0
29103,0.0
29104,0.0
29105,0.0
29106,1.0
29107,1.0
29108,1.0
29109,1.0
29110,1.0
29111,1.0
29112,1.0
29113,0.0
29114,0.0
29115,1.0
29116,1.0
29117,1.0
29118,1.0
29119,1.0
29120,1.0
29121,1.0
29122,1.0
29123,1.0
29124,1.0
29125,1.0
29126,1.0
29127,1.0
29128,1.0
29129,1.0
29130,1.0
29131,1.0
29132,1.0
29133,1.0
29134,1.0
29135,1.0
29136,1.0
29137,1.0
29138,1.0
29139,1.0
29140,1.0
29141,1.0
29142,1.0
29143,1.0
29144,1.0
29145,0.0
29146,0.0
29147,1.0
29148,1.0
29149,0.0
29150,1.0
29151,1.0
29152,1.0
29153,1.0
29154,1.0
29155,0.0
29156,0.0
29157,0.0
29158,0.0
29159,1.0
29160,1.0
29161,1.0
29162,0.0
29163,1.0
29164,0.0
29165,0.0
29166,0.0
29167,1.0
29168,1.0
29169,1.0
29170,1.0
29171,1.0
29172,1.0
29173,1.0
29174,1.0
29175,1.0
29176,1.0
29177,1.0
29178,1.0
29179,1.0
29180,0.0
29181,0.0
29182,1.0
29183,0.0
29184,0.0
29185,0.0
29186,0.0
29187,0.0
29188,0.0
29189,0.0
29190,0.0
29191,1.0
29192,1.0
29193,1.0
29194,1.0
29195,1.0
29196,1.0
29197,1.0
29198,1.0
29199,1.0
29200,1.0
29201,1.0
29202,1.0
29203,1.0
29204,1.0
29205,1.0
29206,1.0
29207,1.0
29208,1.0
29209,1.0
29210,1.0
29211,1.0
29212,1.0
29213,0.0
29214,0.0
29215,0.0
29216,0.0
29217,0.0
29218,1.0
29219,0.0
29220,0.0
29221,0.0
29222,0.0
29223,0.0
29224,0.0
29225,0.0
29226,0.0
29227,0.0
29228,0.0
29229,0.0
29230,1.0
29231,1.0
29232,1.0
29233,1.0
29234,1.0
29235,1.0
29236,1.0
29237,1.0
29238,1.0
29239,1.0
29240,1.0
29241,1.0
29242,1.0
29243,1.0
29244,1.0
29245,1.0
29246,1.0
29247,1.0
29248,1.0
29249,1.0
29250,1.0
29251,1.0
29252,1.0
29253,1.0
29254,1.0
29255,1.0
29256,1.0
29257,1.0
29258,1.0
29259,1.0
29260,1.0
29261,1.0
29262,0.0
29263,1.0
29264,1.0
29265,0.0
29266,0.0
29267,0.0
29268,0.0
29269,0.0
29270,0.0
29271,0.0
29272,0.0
29273,1.0
29274,0.0
29275,0.0
29276,0.0
29277,0.0
29278,0.0
29279,0.0
29280,0.0
29281,0.0
29282,0.0
29283,0.0
29284,0.0
29285,1.0
29286,1.0
29287,1.0
29288,1.0
29289,0.0
29290,1.0
29291,1.0
29292,1.0
29293,0.0
29294,1.0
29295,1.0
29296,1.0
29297,1.0
29298,1.0
29299,1.0
29300,1.0
29301,1.0
29302,0.0
29303,1.0
29304,1.0
29305,1.0
29306,1.0
29307,1.0
29308,1.0
29309,1.0
29310,1.0
29311,0.0
29312,1.0
29313,1.0
29314,1.0
29315,1.0
29316,1.0
29317,1.0
29318,1.0
29319,1.0
29320,1.0
29321,1.0
29322,1.0
29323,1.0
29324,1.0
29325,1.0
29326,1.0
29327,1.0
29328,1.0
29329,1.0
29330,0.0
29331,1.0
29332,1.0
29333,1.0
29334,1.0
29335,1.0
29336,1.0
29337,1.0
29338,1.0
29339,1.0
29340,1.0
29341,1.0
29342,0.0
29343,1.0
29344,1.0
29345,1.0
29346,1.0
29347,1.0
29348,1.0
29349,1.0
29350,1.0
29351,1.0
29352,1.0
29353,1.0
29354,1.0
29355,1.0
29356,1.0
29357,1.0
29358,1.0
29359,1.0
29360,1.0
29361,1.0
29362,1.0
29363,1.0
29364,1.0
29365,1.0
29366,1.0
29367,1.0
29368,1.0
29369,1.0
29370,1.0
29371,1.0
29372,1.0
29373,1.0
29374,1.0
29375,1.0
29376,1.0
29377,1.0
29378,1.0
29379,1.0
29380,1.0
29381,1.0
29382,0.0
29383,1.0
29384,1.0
29385,1.0
29386,1.0
29387,1.0
29388,1.0
29389,1.0
29390,1.0
29391,1.0
29392,1.0
29393,1.0
29394,0.0
29395,1.0
29396,0.0
29397,1.0
29398,0.0
29399,1.0
29400,0.0
29401,1.0
29402,1.0
29403,1.0
29404,0.0
29405,0.0
29406,1.0
29407,0.0
29408,0.0
29409,0.0
29410,1.0
29411,1.0
29412,0.0
29413,1.0
29414,0.0
29415,1.0
29416,0.0
29417,1.0
29418,1.0
29419,1.0
29420,0.0
29421,0.0
29422,0.0
29423,0.0
29424,0.0
29425,0.0
29426,1.0
29427,0.0
29428,0.0
29429,0.0
29430,0.0
29431,1.0
29432,1.0
29433,1.0
29434,1.0
29435,0.0
29436,1.0
29437,0.0
29438,1.0
29439,0.0
29440,1.0
29441,1.0
29442,0.0
29443,1.0
29444,0.0
29445,0.0
29446,0.0
29447,0.0
29448,0.0
29449,0.0
29450,0.0
29451,0.0
29452,0.0
29453,1.0
29454,1.0
29455,0.0
29456,0.0
29457,0.0
29458,0.0
29459,0.0
29460,0.0
29461,1.0
29462,1.0
29463,1.0
29464,1.0
29465,1.0
29466,0.0
29467,1.0
29468,0.0
29469,1.0
29470,0.0
29471,1.0
29472,0.0
29473,0.0
29474,0.0
29475,0.0
29476,0.0
29477,0.0
29478,0.0
29479,0.0
29480,0.0
29481,0.0
29482,0.0
29483,0.0
29484,0.0
29485,0.0
29486,0.0
29487,0.0
29488,0.0
29489,0.0
29490,0.0
29491,0.0
29492,0.0
29493,0.0
29494,0.0
29495,0.0
29496,0.0
29497,0.0
29498,0.0
29499,0.0
29500,0.0
29501,0.0
29502,0.0
29503,0.0
29504,0.0
29505,0.0
29506,0.0
29507,0.0
29508,0.0
29509,0.0
29510,0.0
29511,0.0
29512,0.0
29513,0.0
29514,0.0
29515,0.0
29516,0.0
29517,0.0
29518,0.0
29519,0.0
29520,0.0
29521,0.0
29522,0.0
29523,0.0
29524,0.0
29525,0.0
29526,0.0
29527,0.0
29528,0.0
29529,0.0
29530,0.0
29531,0.0
29532,0.0
29533,0.0
29534,0.0
29535,0.0
29536,0.0
29537,0.0
29538,0.0
29539,0.0
29540,0.0
29541,0.0
29542,0.0
29543,0.0
29544,0.0
29545,0.0
29546,0.0
29547,0.0
29548,0.0
29549,0.0
29550,0.0
29551,0.0
29552,0.0
29553,0.0
29554,0.0
29555,0.0
29556,0.0
29557,0.0
29558,0.0
29559,0.0
29560,0.0
29561,0.0
29562,1.0
29563,0.0
29564,1.0
29565,0.0
29566,0.0
29567,1.0
29568,0.0
29569,0.0
29570,1.0
29571,1.0
29572,0.0
29573,0.0
29574,0.0
29575,0.0
29576,0.0
29577,1.0
29578,1.0
29579,0.0
29580,0.0
29581,0.0
29582,1.0
29583,1.0
29584,0.0
29585,0.0
29586,0.0
29587,0.0
29588,0.0
29589,0.0
29590,0.0
29591,0.0
29592,0.0
29593,0.0
29594,1.0
29595,1.0
29596,0.0
29597,0.0
29598,0.0
29599,0.0
29600,0.0
29601,0.0
29602,1.0
29603,0.0
29604,0.0
29605,1.0
29606,0.0
29607,0.0
29608,0.0
29609,0.0
29610,0.0
29611,0.0
29612,1.0
29613,0.0
29614,1.0
29615,1.0
29616,0.0
29617,0.0
29618,0.0
29619,1.0
29620,1.0
29621,1.0
29622,0.0
29623,0.0
29624,1.0
29625,1.0
29626,1.0
29627,1.0
29628,1.0
29629,0.0
29630,0.0
29631,0.0
29632,1.0
29633,0.0
29634,0.0
29635,1.0
29636,1.0
29637,1.0
29638,1.0
29639,1.0
29640,0.0
29641,0.0
29642,1.0
29643,0.0
29644,1.0
29645,1.0
29646,1.0
29647,1.0
29648,1.0
29649,1.0
29650,0.0
29651,0.0
29652,0.0
29653,0.0
29654,0.0
29655,1.0
29656,0.0
29657,0.0
29658,1.0
29659,1.0
29660,1.0
29661,1.0
29662,1.0
29663,1.0
29664,1.0
29665,1.0
29666,1.0
29667,1.0
29668,0.0
29669,0.0
29670,1.0
29671,0.0
29672,0.0
29673,0.0
29674,0.0
29675,1.0
29676,1.0
29677,1.0
29678,1.0
29679,1.0
29680,1.0
29681,1.0
29682,0.0
29683,0.0
29684,0.0
29685,0.0
29686,0.0
29687,0.0
29688,1.0
29689,0.0
29690,0.0
29691,0.0
29692,0.0
29693,1.0
29694,0.0
29695,1.0
29696,1.0
29697,0.0
29698,0.0
29699,0.0
29700,0.0
29701,0.0
29702,0.0
29703,0.0
29704,0.0
29705,1.0
29706,1.0
29707,1.0
29708,0.0
29709,0.0
29710,0.0
29711,0.0
29712,0.0
29713,1.0
29714,1.0
29715,1.0
29716,1.0
29717,1.0
29718,0.0
29719,0.0
29720,0.0
29721,0.0
29722,0.0
29723,0.0
29724,0.0
29725,0.0
29726,0.0
29727,0.0
29728,0.0
29729,0.0
29730,0.0
29731,1.0
29732,1.0
29733,1.0
29734,0.0
29735,0.0
29736,0.0
29737,0.0
29738,0.0
29739,0.0
29740,0.0
29741,1.0
29742,1.0
29743,1.0
29744,1.0
29745,1.0
29746,1.0
29747,1.0
29748,0.0
29749,0.0
29750,0.0
29751,0.0
29752,0.0
29753,0.0
29754,0.0
29755,0.0
29756,0.0
29757,0.0
29758,0.0
29759,0.0
29760,0.0
29761,0.0
29762,0.0
29763,0.0
29764,0.0
29765,0.0
29766,0.0
29767,0.0
29768,0.0
29769,0.0
29770,0.0
29771,0.0
29772,0.0
29773,1.0
29774,1.0
29775,1.0
29776,1.0
29777,1.0
29778,1.0
29779,1.0
29780,0.0
29781,0.0
29782,1.0
29783,0.0
29784,0.0
29785,0.0
29786,0.0
29787,0.0
29788,1.0
29789,1.0
29790,1.0
29791,1.0
29792,1.0
29793,1.0
29794,1.0
29795,0.0
29796,0.0
29797,0.0
29798,1.0
29799,0.0
29800,0.0
29801,0.0
29802,0.0
29803,0.0
29804,0.0
29805,0.0
29806,0.0
29807,0.0
29808,0.0
29809,1.0
29810,1.0
29811,1.0
29812,1.0
29813,0.0
29814,1.0
29815,0.0
29816,0.0
29817,0.0
29818,0.0
29819,0.0
29820,0.0
29821,0.0
29822,0.0
29823,0.0
29824,0.0
29825,0.0
29826,0.0
29827,0.0
29828,0.0
29829,0.0
29830,0.0
29831,0.0
29832,0.0
29833,0.0
29834,0.0
29835,0.0
29836,1.0
29837,1.0
29838,1.0
29839,1.0
29840,0.0
29841,1.0
29842,0.0
29843,1.0
29844,0.0
29845,1.0
29846,0.0
29847,0.0
29848,0.0
29849,0.0
29850,0.0
29851,0.0
29852,0.0
29853,0.0
29854,0.0
29855,0.0
29856,0.0
29857,0.0
29858,0.0
29859,0.0
29860,0.0
29861,0.0
29862,0.0
29863,0.0
29864,0.0
29865,0.0
29866,0.0
29867,0.0
29868,0.0
29869,0.0
29870,0.0
29871,0.0
29872,0.0
29873,0.0
29874,0.0
29875,0.0
29876,0.0
29877,0.0
29878,0.0
29879,0.0
29880,0.0
29881,0.0
29882,0.0
29883,0.0
29884,1.0
29885,0.0
29886,1.0
29887,1.0
29888,1.0
29889,0.0
29890,1.0
29891,0.0
29892,1.0
29893,0.0
29894,1.0
29895,0.0
29896,0.0
29897,1.0
29898,0.0
29899,1.0
29900,0.0
29901,1.0
29902,0.0
29903,1.0
29904,1.0
29905,0.0
29906,1.0
29907,1.0
29908,1.0
29909,0.0
29910,1.0
29911,0.0
29912,1.0
29913,1.0
29914,0.0
29915,0.0
29916,0.0
29917,1.0
29918,0.0
29919,0.0
29920,0.0
29921,0.0
29922,1.0
29923,1.0
29924,1.0
29925,1.0
29926,1.0
29927,1.0
29928,0.0
29929,1.0
29930,1.0
29931,1.0
29932,1.0
29933,1.0
29934,0.0
29935,1.0
29936,0.0
29937,0.0
29938,1.0
29939,1.0
29940,0.0
29941,0.0
29942,0.0
29943,0.0
29944,0.0
29945,0.0
29946,1.0
29947,0.0
29948,0.0
29949,1.0
29950,1.0
29951,0.0
29952,0.0
29953,1.0
29954,1.0
29955,1.0
29956,1.0
29957,1.0
29958,1.0
29959,1.0
29960,1.0
29961,0.0
29962,1.0
29963,1.0
29964,1.0
29965,0.0
29966,0.0
29967,1.0
29968,1.0
29969,1.0
29970,1.0
29971,1.0
29972,1.0
29973,0.0
29974,0.0
29975,1.0
29976,1.0
29977,1.0
29978,0.0
29979,1.0
29980,0.0
29981,0.0
29982,0.0
29983,1.0
29984,1.0
29985,1.0
29986,0.0
29987,0.0
29988,1.0
29989,1.0
29990,1.0
29991,0.0
29992,0.0
29993,0.0
29994,0.0
29995,1.0
29996,0.0
29997,1.0
29998,0.0
29999,0.0
30000,1.0
30001,1.0
30002,1.0
30003,0.0
30004,0.0
30005,1.0
30006,1.0
30007,1.0
30008,1.0
30009,1.0
30010,1.0
30011,1.0
30012,1.0
30013,0.0
30014,0.0
30015,0.0
30016,1.0
30017,1.0
30018,1.0
30019,0.0
30020,1.0
30021,1.0
30022,0.0
30023,0.0
30024,0.0
30025,0.0
30026,0.0
30027,1.0
30028,1.0
30029,1.0
30030,1.0
30031,1.0
30032,1.0
30033,1.0
30034,0.0
30035,1.0
30036,0.0
30037,0.0
30038,0.0
30039,0.0
30040,1.0
30041,1.0
30042,1.0
30043,1.0
30044,1.0
30045,1.0
30046,0.0
30047,0.0
30048,0.0
30049,0.0
30050,0.0
30051,0.0
30052,1.0
30053,1.0
30054,0.0
30055,1.0
30056,1.0
30057,1.0
30058,1.0
30059,1.0
30060,1.0
30061,1.0
30062,1.0
30063,1.0
30064,1.0
30065,0.0
30066,1.0
30067,1.0
30068,1.0
30069,0.0
30070,1.0
30071,0.0
30072,0.0
30073,0.0
30074,0.0
30075,1.0
30076,1.0
30077,1.0
30078,1.0
30079,1.0
30080,0.0
30081,1.0
30082,1.0
30083,0.0
30084,0.0
30085,0.0
30086,0.0
30087,0.0
30088,0.0
30089,1.0
30090,1.0
30091,0.0
30092,1.0
30093,1.0
30094,1.0
30095,0.0
30096,0.0
30097,1.0
30098,1.0
30099,1.0
30100,1.0
30101,1.0
30102,1.0
30103,1.0
30104,1.0
30105,1.0
30106,1.0
30107,1.0
30108,1.0
30109,1.0
30110,1.0
30111,1.0
30112,1.0
30113,1.0
30114,0.0
30115,1.0
30116,1.0
30117,1.0
30118,1.0
30119,0.0
30120,1.0
30121,0.0
30122,1.0
30123,1.0
30124,0.0
30125,0.0
30126,0.0
30127,0.0
30128,0.0
30129,0.0
30130,1.0
30131,1.0
30132,1.0
30133,1.0
30134,1.0
30135,0.0
30136,1.0
30137,1.0
30138,0.0
30139,0.0
30140,0.0
30141,0.0
30142,1.0
30143,0.0
30144,1.0
30145,0.0
30146,0.0
30147,1.0
30148,0.0
30149,1.0
30150,1.0
30151,1.0
30152,1.0
30153,0.0
30154,0.0
30155,1.0
30156,0.0
30157,0.0
30158,0.0
30159,0.0
30160,0.0
30161,1.0
30162,1.0
30163,1.0
30164,1.0
30165,1.0
30166,0.0
30167,0.0
30168,0.0
30169,0.0
30170,0.0
30171,1.0
30172,1.0
30173,1.0
30174,1.0
30175,1.0
30176,0.0
30177,0.0
30178,0.0
30179,0.0
30180,0.0
30181,1.0
30182,0.0
30183,0.0
30184,1.0
30185,1.0
30186,0.0
30187,0.0
30188,0.0
30189,1.0
30190,1.0
30191,1.0
30192,0.0
30193,1.0
30194,1.0
30195,1.0
30196,1.0
30197,0.0
30198,0.0
30199,1.0
30200,0.0
30201,0.0
30202,1.0
30203,0.0
30204,0.0
30205,1.0
30206,1.0
30207,1.0
30208,1.0
30209,1.0
30210,0.0
30211,0.0
30212,1.0
30213,1.0
30214,1.0
30215,0.0
30216,1.0
30217,0.0
30218,0.0
30219,0.0
30220,0.0
30221,0.0
30222,1.0
30223,0.0
30224,0.0
30225,1.0
30226,1.0
30227,1.0
30228,0.0
30229,0.0
30230,1.0
30231,0.0
30232,0.0
30233,0.0
30234,0.0
30235,0.0
30236,1.0
30237,1.0
30238,1.0
30239,0.0
30240,1.0
30241,1.0
30242,1.0
30243,1.0
30244,1.0
30245,1.0
30246,0.0
30247,0.0
30248,1.0
30249,0.0
30250,0.0
30251,1.0
30252,0.0
30253,0.0
30254,1.0
30255,1.0
30256,1.0
30257,1.0
30258,0.0
30259,1.0
30260,1.0
30261,0.0
30262,1.0
30263,0.0
30264,0.0
30265,1.0
30266,1.0
30267,1.0
30268,1.0
30269,0.0
30270,1.0
30271,0.0
30272,1.0
30273,1.0
30274,1.0
30275,1.0
30276,1.0
30277,1.0
30278,1.0
30279,0.0
30280,0.0
30281,1.0
30282,0.0
30283,0.0
30284,0.0
30285,0.0
30286,0.0
30287,1.0
30288,1.0
30289,1.0
30290,1.0
30291,1.0
30292,1.0
30293,1.0
30294,1.0
30295,0.0
30296,1.0
30297,1.0
30298,1.0
30299,0.0
30300,1.0
30301,1.0
30302,1.0
30303,1.0
30304,1.0
30305,1.0
30306,1.0
30307,1.0
30308,1.0
30309,1.0
30310,1.0
30311,0.0
30312,0.0
30313,0.0
30314,0.0
30315,0.0
30316,0.0
30317,1.0
30318,0.0
30319,0.0
30320,0.0
30321,0.0
30322,0.0
30323,1.0
30324,1.0
30325,1.0
30326,1.0
30327,1.0
30328,1.0
30329,1.0
30330,1.0
30331,1.0
30332,1.0
30333,1.0
30334,1.0
30335,1.0
30336,1.0
30337,1.0
30338,1.0
30339,1.0
30340,1.0
30341,0.0
30342,1.0
30343,1.0
30344,1.0
30345,1.0
30346,1.0
30347,0.0
30348,1.0
30349,0.0
30350,1.0
30351,1.0
30352,1.0
30353,1.0
30354,1.0
30355,0.0
30356,1.0
30357,1.0
30358,1.0
30359,1.0
30360,1.0
30361,1.0
30362,1.0
30363,1.0
30364,1.0
30365,0.0
30366,0.0
30367,0.0
30368,0.0
30369,0.0
30370,0.0
30371,1.0
30372,0.0
30373,0.0
30374,0.0
30375,0.0
30376,0.0
30377,1.0
30378,0.0
30379,1.0
30380,0.0
30381,1.0
30382,0.0
30383,1.0
30384,1.0
30385,0.0
30386,1.0
30387,0.0
30388,1.0
30389,1.0
30390,0.0
30391,0.0
30392,1.0
30393,1.0
30394,0.0
30395,0.0
30396,0.0
30397,0.0
30398,0.0
30399,1.0
30400,1.0
30401,1.0
30402,1.0
30403,1.0
30404,0.0
30405,1.0
30406,1.0
30407,0.0
30408,0.0
30409,0.0
30410,1.0
30411,1.0
30412,1.0
30413,1.0
30414,1.0
30415,0.0
30416,0.0
30417,0.0
30418,0.0
30419,0.0
30420,1.0
30421,1.0
30422,1.0
30423,1.0
30424,0.0
30425,0.0
30426,0.0
30427,1.0
30428,0.0
30429,0.0
30430,0.0
30431,1.0
30432,1.0
30433,1.0
30434,1.0
30435,1.0
30436,1.0
30437,0.0
30438,1.0
30439,1.0
30440,0.0
30441,1.0
30442,1.0
30443,0.0
30444,0.0
30445,0.0
30446,1.0
30447,0.0
30448,0.0
30449,1.0
30450,0.0
30451,0.0
30452,0.0
30453,1.0
30454,1.0
30455,1.0
30456,1.0
30457,1.0
30458,1.0
30459,1.0
30460,1.0
30461,0.0
30462,0.0
30463,0.0
30464,0.0
30465,1.0
30466,0.0
30467,0.0
30468,0.0
30469,0.0
30470,1.0
30471,1.0
30472,1.0
30473,1.0
30474,1.0
30475,1.0
30476,0.0
30477,0.0
30478,0.0
30479,1.0
30480,0.0
30481,0.0
30482,0.0
30483,1.0
30484,1.0
30485,1.0
30486,1.0
30487,1.0
30488,1.0
30489,1.0
30490,0.0
30491,1.0
30492,1.0
30493,1.0
30494,0.0
30495,1.0
30496,0.0
30497,1.0
30498,1.0
30499,1.0
30500,1.0
30501,0.0
30502,0.0
30503,1.0
30504,1.0
30505,1.0
30506,1.0
30507,1.0
30508,1.0
30509,1.0
30510,1.0
30511,0.0
30512,1.0
30513,0.0
30514,1.0
30515,1.0
30516,0.0
30517,0.0
30518,1.0
30519,1.0
30520,1.0
30521,1.0
30522,1.0
30523,1.0
30524,1.0
30525,1.0
30526,0.0
30527,0.0
30528,1.0
30529,1.0
30530,1.0
30531,1.0
30532,1.0
30533,1.0
30534,1.0
30535,1.0
30536,1.0
30537,1.0
30538,1.0
30539,1.0
30540,1.0
30541,1.0
30542,1.0
30543,1.0
30544,0.0
30545,1.0
30546,1.0
30547,0.0
30548,0.0
30549,0.0
30550,1.0
30551,1.0
30552,0.0
30553,0.0
30554,1.0
30555,1.0
30556,1.0
30557,1.0
30558,1.0
30559,1.0
30560,1.0
30561,1.0
30562,1.0
30563,1.0
30564,1.0
30565,1.0
30566,1.0
30567,1.0
30568,1.0
30569,1.0
30570,1.0
30571,1.0
30572,1.0
30573,0.0
30574,0.0
30575,1.0
30576,1.0
30577,1.0
30578,1.0
30579,1.0
30580,1.0
30581,1.0
30582,1.0
30583,1.0
30584,1.0
30585,1.0
30586,1.0
30587,1.0
30588,1.0
30589,1.0
30590,1.0
30591,1.0
30592,1.0
30593,1.0
30594,1.0
30595,1.0
30596,1.0
30597,1.0
30598,0.0
30599,1.0
30600,1.0
30601,0.0
30602,0.0
30603,0.0
30604,1.0
30605,1.0
30606,0.0
30607,0.0
30608,0.0
30609,1.0
30610,0.0
30611,1.0
30612,0.0
30613,1.0
30614,0.0
30615,0.0
30616,0.0
30617,1.0
30618,0.0
30619,1.0
30620,0.0
30621,1.0
30622,1.0
30623,0.0
30624,0.0
30625,0.0
30626,1.0
30627,1.0
30628,0.0
30629,1.0
30630,1.0
30631,0.0
30632,0.0
30633,0.0
30634,0.0
30635,0.0
30636,0.0
30637,0.0
30638,1.0
30639,1.0
30640,1.0
30641,0.0
30642,1.0
30643,0.0
30644,1.0
30645,1.0
30646,1.0
30647,1.0
30648,0.0
30649,0.0
30650,0.0
30651,0.0
30652,1.0
30653,1.0
30654,1.0
30655,0.0
30656,1.0
30657,0.0
30658,0.0
30659,1.0
30660,0.0
30661,0.0
30662,0.0
30663,0.0
30664,0.0
30665,0.0
30666,0.0
30667,0.0
30668,0.0
30669,0.0
30670,0.0
30671,1.0
30672,1.0
30673,1.0
30674,0.0
30675,1.0
30676,0.0
30677,1.0
30678,1.0
30679,0.0
30680,0.0
30681,0.0
30682,1.0
30683,1.0
30684,1.0
30685,1.0
30686,0.0
30687,1.0
30688,0.0
30689,0.0
30690,0.0
30691,0.0
30692,0.0
30693,0.0
30694,0.0
30695,0.0
30696,1.0
30697,1.0
30698,1.0
30699,0.0
30700,1.0
30701,0.0
30702,1.0
30703,0.0
30704,0.0
30705,0.0
30706,0.0
30707,1.0
30708,0.0
30709,0.0
30710,0.0
30711,0.0
30712,0.0
30713,0.0
30714,0.0
30715,0.0
30716,0.0
30717,0.0
30718,0.0
30719,1.0
30720,1.0
30721,1.0
30722,0.0
30723,0.0
30724,1.0
30725,1.0
30726,0.0
30727,0.0
30728,0.0
30729,0.0
30730,0.0
30731,0.0
30732,0.0
30733,0.0
30734,0.0
30735,0.0
30736,1.0
30737,1.0
30738,1.0
30739,1.0
30740,1.0
30741,1.0
30742,1.0
30743,0.0
30744,0.0
30745,0.0
30746,0.0
30747,0.0
30748,0.0
30749,0.0
30750,0.0
30751,0.0
30752,0.0
30753,0.0
30754,0.0
30755,0.0
30756,0.0
30757,0.0
30758,0.0
30759,0.0
30760,0.0
30761,0.0
30762,1.0
30763,1.0
30764,1.0
30765,1.0
30766,1.0
30767,1.0
30768,1.0
30769,1.0
30770,1.0
30771,1.0
30772,1.0
30773,0.0
30774,0.0
30775,0.0
30776,0.0
30777,0.0
30778,0.0
30779,0.0
30780,0.0
30781,0.0
30782,0.0
30783,0.0
30784,0.0
30785,0.0
30786,0.0
30787,0.0
30788,0.0
30789,0.0
30790,0.0
30791,0.0
30792,0.0
30793,0.0
30794,0.0
30795,0.0
30796,0.0
30797,0.0
30798,0.0
30799,0.0
30800,0.0
30801,0.0
30802,0.0
30803,0.0
30804,0.0
30805,1.0
30806,1.0
30807,0.0
30808,1.0
30809,1.0
30810,1.0
30811,1.0
30812,1.0
30813,1.0
30814,1.0
30815,1.0
30816,1.0
30817,0.0
30818,0.0
30819,0.0
30820,0.0
30821,0.0
30822,1.0
30823,0.0
30824,1.0
30825,0.0
30826,0.0
30827,0.0
30828,0.0
30829,0.0
30830,1.0
30831,1.0
30832,0.0
30833,0.0
30834,1.0
30835,0.0
30836,0.0
30837,0.0
30838,0.0
30839,0.0
30840,0.0
30841,0.0
30842,0.0
30843,0.0
30844,0.0
30845,0.0
30846,0.0
30847,0.0
30848,0.0
30849,0.0
30850,0.0
30851,0.0
30852,1.0
30853,1.0
30854,0.0
30855,0.0
30856,0.0
30857,0.0
30858,0.0
30859,1.0
30860,0.0
30861,0.0
30862,0.0
30863,0.0
30864,0.0
30865,0.0
30866,0.0
30867,0.0
30868,0.0
30869,0.0
30870,0.0
30871,0.0
30872,0.0
30873,0.0
30874,0.0
30875,0.0
30876,0.0
30877,0.0
30878,0.0
30879,0.0
30880,0.0
30881,0.0
30882,0.0
30883,0.0
30884,0.0
30885,0.0
30886,0.0
30887,0.0
30888,1.0
30889,1.0
30890,0.0
30891,0.0
30892,0.0
30893,0.0
30894,0.0
30895,0.0
30896,0.0
30897,0.0
30898,0.0
30899,0.0
30900,0.0
30901,0.0
30902,0.0
30903,0.0
30904,0.0
30905,0.0
30906,1.0
30907,0.0
30908,0.0
30909,0.0
30910,0.0
30911,0.0
30912,0.0
30913,0.0
30914,0.0
30915,0.0
30916,0.0
30917,0.0
30918,0.0
30919,0.0
30920,0.0
30921,0.0
30922,0.0
30923,0.0
30924,0.0
30925,0.0
30926,0.0
30927,0.0
30928,0.0
30929,0.0
30930,0.0
30931,0.0
30932,0.0
30933,0.0
30934,0.0
30935,0.0
30936,0.0
30937,0.0
30938,0.0
30939,0.0
30940,0.0
30941,0.0
30942,0.0
30943,0.0
30944,0.0
30945,0.0
30946,1.0
30947,0.0
30948,1.0
30949,0.0
30950,0.0
30951,1.0
30952,0.0
30953,0.0
30954,0.0
30955,1.0
30956,1.0
30957,1.0
30958,0.0
30959,0.0
30960,1.0
30961,0.0
30962,1.0
30963,0.0
30964,1.0
30965,0.0
30966,0.0
30967,0.0
30968,0.0
30969,1.0
30970,1.0
30971,0.0
30972,1.0
30973,0.0
30974,0.0
30975,0.0
30976,1.0
30977,1.0
30978,1.0
30979,1.0
30980,0.0
30981,1.0
30982,0.0
30983,0.0
30984,1.0
30985,0.0
30986,0.0
30987,0.0
30988,1.0
30989,0.0
30990,0.0
30991,1.0
30992,1.0
30993,0.0
30994,1.0
30995,0.0
30996,0.0
30997,0.0
30998,1.0
30999,1.0
31000,0.0
31001,1.0
31002,0.0
31003,1.0
31004,0.0
31005,0.0
31006,1.0
31007,0.0
31008,0.0
31009,1.0
31010,0.0
31011,0.0
31012,1.0
31013,0.0
31014,0.0
31015,1.0
31016,0.0
31017,0.0
31018,1.0
31019,1.0
31020,1.0
31021,1.0
31022,1.0
31023,0.0
31024,1.0
31025,0.0
31026,1.0
31027,0.0
31028,0.0
31029,1.0
31030,0.0
31031,1.0
31032,0.0
31033,0.0
31034,1.0
31035,0.0
31036,1.0
31037,0.0
31038,0.0
31039,1.0
31040,1.0
31041,0.0
31042,1.0
31043,0.0
31044,0.0
31045,0.0
31046,1.0
31047,1.0
31048,0.0
31049,0.0
31050,0.0
31051,1.0
31052,1.0
31053,0.0
31054,0.0
31055,1.0
31056,0.0
31057,0.0
31058,0.0
31059,0.0
31060,0.0
31061,0.0
31062,0.0
31063,0.0
31064,0.0
31065,0.0
31066,1.0
31067,1.0
31068,1.0
31069,1.0
31070,1.0
31071,1.0
31072,0.0
31073,0.0
31074,0.0
31075,0.0
31076,0.0
31077,1.0
31078,0.0
31079,0.0
31080,0.0
31081,0.0
31082,0.0
31083,0.0
31084,0.0
31085,0.0
31086,0.0
31087,0.0
31088,0.0
31089,0.0
31090,0.0
31091,0.0
31092,1.0
31093,0.0
31094,1.0
31095,1.0
31096,1.0
31097,1.0
31098,1.0
31099,1.0
31100,1.0
31101,0.0
31102,1.0
31103,0.0
31104,0.0
31105,0.0
31106,0.0
31107,0.0
31108,1.0
31109,0.0
31110,0.0
31111,0.0
31112,0.0
31113,0.0
31114,0.0
31115,0.0
31116,0.0
31117,0.0
31118,0.0
31119,0.0
31120,0.0
31121,0.0
31122,0.0
31123,0.0
31124,0.0
31125,0.0
31126,0.0
31127,0.0
31128,0.0
31129,0.0
31130,0.0
31131,0.0
31132,0.0
31133,0.0
31134,0.0
31135,0.0
31136,1.0
31137,0.0
31138,0.0
31139,1.0
31140,1.0
31141,0.0
31142,1.0
31143,1.0
31144,1.0
31145,1.0
31146,1.0
31147,1.0
31148,0.0
31149,1.0
31150,0.0
31151,0.0
31152,0.0
31153,0.0
31154,0.0
31155,1.0
31156,1.0
31157,0.0
31158,0.0
31159,0.0
31160,0.0
31161,1.0
31162,1.0
31163,0.0
31164,0.0
31165,1.0
31166,0.0
31167,1.0
31168,0.0
31169,0.0
31170,0.0
31171,0.0
31172,0.0
31173,0.0
31174,0.0
31175,0.0
31176,0.0
31177,0.0
31178,1.0
31179,1.0
31180,1.0
31181,1.0
31182,1.0
31183,1.0
31184,0.0
31185,0.0
31186,0.0
31187,0.0
31188,1.0
31189,0.0
31190,1.0
31191,0.0
31192,0.0
31193,0.0
31194,0.0
31195,0.0
31196,0.0
31197,0.0
31198,0.0
31199,0.0
31200,0.0
31201,0.0
31202,0.0
31203,0.0
31204,0.0
31205,1.0
31206,0.0
31207,1.0
31208,1.0
31209,1.0
31210,1.0
31211,1.0
31212,1.0
31213,1.0
31214,1.0
31215,1.0
31216,1.0
31217,1.0
31218,0.0
31219,0.0
31220,0.0
31221,0.0
31222,0.0
31223,1.0
31224,0.0
31225,1.0
31226,0.0
31227,0.0
31228,0.0
31229,1.0
31230,0.0
31231,0.0
31232,0.0
31233,0.0
31234,0.0
31235,0.0
31236,0.0
31237,0.0
31238,0.0
31239,0.0
31240,0.0
31241,0.0
31242,0.0
31243,0.0
31244,0.0
31245,0.0
31246,0.0
31247,0.0
31248,0.0
31249,1.0
31250,0.0
31251,0.0
31252,1.0
31253,1.0
31254,1.0
31255,1.0
31256,1.0
31257,1.0
31258,1.0
31259,1.0
31260,1.0
31261,1.0
31262,1.0
31263,1.0
31264,1.0
31265,1.0
31266,0.0
31267,0.0
31268,0.0
31269,0.0
31270,0.0
31271,1.0
31272,0.0
31273,0.0
31274,0.0
31275,1.0
31276,0.0
31277,0.0
31278,0.0
31279,0.0
31280,0.0
31281,0.0
31282,0.0
31283,0.0
31284,1.0
31285,0.0
31286,0.0
31287,0.0
31288,0.0
31289,0.0
31290,0.0
31291,0.0
31292,0.0
31293,0.0
31294,0.0
31295,0.0
31296,0.0
31297,0.0
31298,0.0
31299,0.0
31300,0.0
31301,0.0
31302,0.0
31303,0.0
31304,0.0
31305,0.0
31306,1.0
31307,0.0
31308,0.0
31309,0.0
31310,0.0
31311,0.0
31312,0.0
31313,0.0
31314,0.0
31315,0.0
31316,0.0
31317,0.0
31318,0.0
31319,0.0
31320,0.0
31321,0.0
31322,0.0
31323,0.0
31324,0.0
31325,0.0
31326,0.0
31327,0.0
31328,0.0
31329,0.0
31330,0.0
31331,0.0
31332,0.0
31333,0.0
31334,0.0
31335,0.0
31336,0.0
31337,0.0
31338,0.0
31339,0.0
31340,0.0
31341,0.0
31342,0.0
31343,0.0
31344,0.0
31345,0.0
31346,0.0
31347,0.0
31348,0.0
31349,0.0
31350,0.0
31351,0.0
31352,1.0
31353,0.0
31354,0.0
31355,0.0
31356,0.0
31357,0.0
31358,0.0
31359,0.0
31360,0.0
31361,0.0
31362,0.0
31363,0.0
31364,0.0
31365,0.0
31366,0.0
31367,0.0
31368,0.0
31369,1.0
31370,0.0
31371,1.0
31372,1.0
31373,0.0
31374,1.0
31375,0.0
31376,1.0
31377,0.0
31378,0.0
31379,0.0
31380,0.0
31381,0.0
31382,1.0
31383,1.0
31384,1.0
31385,0.0
31386,1.0
31387,0.0
31388,1.0
31389,0.0
31390,1.0
31391,1.0
31392,0.0
31393,0.0
31394,1.0
31395,0.0
31396,0.0
31397,0.0
31398,0.0
31399,0.0
31400,0.0
31401,0.0
31402,1.0
31403,1.0
31404,1.0
31405,1.0
31406,0.0
31407,0.0
31408,1.0
31409,0.0
31410,1.0
31411,0.0
31412,1.0
31413,1.0
31414,0.0
31415,0.0
31416,0.0
31417,1.0
31418,1.0
31419,0.0
31420,0.0
31421,1.0
31422,0.0
31423,0.0
31424,0.0
31425,0.0
31426,0.0
31427,0.0
31428,0.0
31429,0.0
31430,0.0
31431,0.0
31432,0.0
31433,0.0
31434,0.0
31435,0.0
31436,1.0
31437,1.0
31438,1.0
31439,1.0
31440,0.0
31441,1.0
31442,1.0
31443,0.0
31444,0.0
31445,1.0
31446,1.0
31447,0.0
31448,0.0
31449,1.0
31450,0.0
31451,0.0
31452,0.0
31453,1.0
31454,0.0
31455,1.0
31456,1.0
31457,0.0
31458,0.0
31459,0.0
31460,1.0
31461,1.0
31462,0.0
31463,0.0
31464,1.0
31465,1.0
31466,0.0
31467,1.0
31468,1.0
31469,1.0
31470,1.0
31471,1.0
31472,1.0
31473,1.0
31474,1.0
31475,1.0
31476,1.0
31477,1.0
31478,1.0
31479,0.0
31480,0.0
31481,1.0
31482,1.0
31483,1.0
31484,1.0
31485,1.0
31486,1.0
31487,1.0
31488,1.0
31489,1.0
31490,1.0
31491,1.0
31492,1.0
31493,1.0
31494,1.0
31495,1.0
31496,1.0
31497,1.0
31498,1.0
31499,1.0
31500,1.0
31501,1.0
31502,1.0
31503,1.0
31504,1.0
31505,1.0
31506,0.0
31507,1.0
31508,1.0
31509,0.0
31510,1.0
31511,1.0
31512,1.0
31513,1.0
31514,1.0
31515,1.0
31516,1.0
31517,1.0
31518,1.0
31519,1.0
31520,1.0
31521,1.0
31522,1.0
31523,1.0
31524,1.0
31525,1.0
31526,1.0
31527,1.0
31528,1.0
31529,1.0
31530,1.0
31531,1.0
31532,1.0
31533,1.0
31534,1.0
31535,1.0
31536,1.0
31537,1.0
31538,1.0
31539,1.0
31540,1.0
31541,1.0
31542,1.0
31543,1.0
31544,1.0
31545,1.0
31546,1.0
31547,1.0
31548,1.0
31549,1.0
31550,1.0
31551,1.0
31552,1.0
31553,1.0
31554,1.0
31555,1.0
31556,1.0
31557,1.0
31558,0.0
31559,1.0
31560,1.0
31561,1.0
31562,1.0
31563,0.0
31564,1.0
31565,1.0
31566,1.0
31567,1.0
31568,1.0
31569,1.0
31570,1.0
31571,1.0
31572,1.0
31573,1.0
31574,1.0
31575,1.0
31576,1.0
31577,1.0
31578,1.0
31579,0.0
31580,0.0
31581,1.0
31582,0.0
31583,1.0
31584,0.0
31585,0.0
31586,0.0
31587,0.0
31588,0.0
31589,0.0
31590,0.0
31591,1.0
31592,1.0
31593,1.0
31594,0.0
31595,1.0
31596,0.0
31597,1.0
31598,0.0
31599,0.0
31600,1.0
31601,1.0
31602,1.0
31603,0.0
31604,0.0
31605,0.0
31606,0.0
31607,0.0
31608,0.0
31609,0.0
31610,0.0
31611,0.0
31612,1.0
31613,0.0
31614,0.0
31615,1.0
31616,0.0
31617,1.0
31618,1.0
31619,0.0
31620,1.0
31621,1.0
31622,0.0
31623,1.0
31624,1.0
31625,0.0
31626,1.0
31627,0.0
31628,0.0
31629,0.0
31630,0.0
31631,0.0
31632,1.0
31633,1.0
31634,1.0
31635,1.0
31636,0.0
31637,0.0
31638,0.0
31639,0.0
31640,0.0
31641,0.0
31642,0.0
31643,0.0
31644,0.0
31645,0.0
31646,0.0
31647,0.0
31648,0.0
31649,1.0
31650,0.0
31651,1.0
31652,0.0
31653,0.0
31654,0.0
31655,0.0
31656,1.0
31657,0.0
31658,0.0
31659,0.0
31660,0.0
31661,1.0
31662,1.0
31663,0.0
31664,1.0
31665,1.0
31666,0.0
31667,1.0
31668,1.0
31669,0.0
31670,1.0
31671,0.0
31672,0.0
31673,0.0
31674,0.0
31675,0.0
31676,0.0
31677,1.0
31678,1.0
31679,1.0
31680,1.0
31681,0.0
31682,0.0
31683,0.0
31684,0.0
31685,1.0
31686,0.0
31687,0.0
31688,1.0
31689,0.0
31690,0.0
31691,0.0
31692,0.0
31693,0.0
31694,0.0
31695,0.0
31696,0.0
31697,0.0
31698,1.0
31699,0.0
31700,1.0
31701,0.0
31702,0.0
31703,0.0
31704,0.0
31705,0.0
31706,0.0
31707,1.0
31708,0.0
31709,1.0
31710,0.0
31711,0.0
31712,0.0
31713,0.0
31714,0.0
31715,0.0
31716,0.0
31717,0.0
31718,0.0
31719,0.0
31720,0.0
31721,0.0
31722,0.0
31723,0.0
31724,0.0
31725,0.0
31726,0.0
31727,1.0
31728,0.0
31729,0.0
31730,1.0
31731,0.0
31732,0.0
31733,0.0
31734,0.0
31735,0.0
31736,0.0
31737,0.0
31738,0.0
31739,1.0
31740,0.0
31741,1.0
31742,0.0
31743,0.0
31744,0.0
31745,0.0
31746,0.0
31747,0.0
31748,0.0
31749,0.0
31750,0.0
31751,0.0
31752,0.0
31753,0.0
31754,0.0
31755,0.0
31756,0.0
31757,0.0
31758,0.0
31759,0.0
31760,0.0
31761,0.0
31762,0.0
31763,0.0
31764,0.0
31765,0.0
31766,0.0
31767,0.0
31768,0.0
31769,0.0
31770,0.0
31771,0.0
31772,0.0
31773,0.0
31774,0.0
31775,0.0
31776,0.0
31777,1.0
31778,0.0
31779,0.0
31780,0.0
31781,1.0
31782,0.0
31783,0.0
31784,0.0
31785,0.0
31786,0.0
31787,0.0
31788,0.0
31789,0.0
31790,1.0
31791,0.0
31792,1.0
31793,0.0
31794,0.0
31795,0.0
31796,0.0
31797,1.0
31798,0.0
31799,1.0
31800,1.0
31801,1.0
31802,0.0
31803,0.0
31804,0.0
31805,0.0
31806,0.0
31807,0.0
31808,0.0
31809,0.0
31810,1.0
31811,1.0
31812,1.0
31813,0.0
31814,1.0
31815,1.0
31816,1.0
31817,1.0
31818,1.0
31819,1.0
31820,1.0
31821,0.0
31822,1.0
31823,1.0
31824,1.0
31825,0.0
31826,0.0
31827,0.0
31828,0.0
31829,0.0
31830,0.0
31831,0.0
31832,0.0
31833,0.0
31834,0.0
31835,0.0
31836,0.0
31837,1.0
31838,1.0
31839,1.0
31840,1.0
31841,1.0
31842,1.0
31843,1.0
31844,0.0
31845,1.0
31846,1.0
31847,1.0
31848,1.0
31849,1.0
31850,1.0
31851,1.0
31852,1.0
31853,1.0
31854,1.0
31855,1.0
31856,1.0
31857,1.0
31858,0.0
31859,1.0
31860,1.0
31861,1.0
31862,0.0
31863,0.0
31864,0.0
31865,0.0
31866,0.0
31867,0.0
31868,0.0
31869,0.0
31870,0.0
31871,0.0
31872,0.0
31873,0.0
31874,0.0
31875,0.0
31876,0.0
31877,1.0
31878,0.0
31879,0.0
31880,1.0
31881,1.0
31882,1.0
31883,1.0
31884,1.0
31885,1.0
31886,1.0
31887,1.0
31888,1.0
31889,1.0
31890,1.0
31891,1.0
31892,1.0
31893,1.0
31894,0.0
31895,1.0
31896,1.0
31897,1.0
31898,1.0
31899,1.0
31900,1.0
31901,1.0
31902,1.0
31903,1.0
31904,1.0
31905,1.0
31906,1.0
31907,1.0
31908,1.0
31909,1.0
31910,1.0
31911,0.0
31912,1.0
31913,1.0
31914,1.0
31915,1.0
31916,1.0
31917,1.0
31918,1.0
31919,1.0
31920,1.0
31921,1.0
31922,1.0
31923,1.0
31924,1.0
31925,1.0
31926,1.0
31927,1.0
31928,1.0
31929,1.0
31930,1.0
31931,1.0
31932,1.0
31933,1.0
31934,1.0
31935,1.0
31936,1.0
31937,1.0
31938,1.0
31939,1.0
31940,1.0
31941,1.0
31942,1.0
31943,1.0
31944,1.0
31945,1.0
31946,1.0
31947,1.0
31948,1.0
31949,1.0
31950,1.0
31951,1.0
31952,1.0
31953,1.0
31954,1.0
31955,1.0
31956,1.0
31957,1.0
31958,1.0
31959,1.0
31960,1.0
31961,1.0
31962,1.0
31963,1.0
31964,1.0
31965,1.0
31966,1.0
31967,1.0
31968,1.0
31969,1.0
31970,1.0
31971,1.0
31972,1.0
31973,1.0
31974,1.0
31975,1.0
31976,1.0
31977,1.0
31978,1.0
31979,1.0
31980,1.0
31981,1.0
31982,1.0
31983,1.0
31984,1.0
31985,1.0
31986,1.0
31987,1.0
31988,1.0
31989,1.0
31990,1.0
31991,1.0
31992,1.0
31993,1.0
31994,1.0
31995,1.0
31996,1.0
31997,1.0
31998,1.0
31999,1.0
32000,1.0
32001,1.0
32002,1.0
32003,1.0
32004,1.0
32005,1.0
32006,1.0
32007,1.0
32008,1.0
32009,1.0
32010,1.0
32011,1.0
32012,1.0
32013,1.0
32014,1.0
32015,1.0
32016,1.0
32017,1.0
32018,1.0
32019,1.0
32020,1.0
32021,1.0
32022,1.0
32023,1.0
32024,1.0
32025,0.0
32026,1.0
32027,1.0
32028,0.0
32029,1.0
32030,1.0
32031,1.0
32032,0.0
32033,0.0
32034,0.0
32035,1.0
32036,1.0
32037,1.0
32038,1.0
32039,1.0
32040,0.0
32041,0.0
32042,1.0
32043,1.0
32044,1.0
32045,1.0
32046,1.0
32047,1.0
32048,1.0
32049,1.0
32050,0.0
32051,0.0
32052,0.0
32053,0.0
32054,1.0
32055,1.0
32056,1.0
32057,1.0
32058,1.0
32059,1.0
32060,1.0
32061,0.0
32062,0.0
32063,1.0
32064,1.0
32065,1.0
32066,1.0
32067,1.0
32068,1.0
32069,1.0
32070,1.0
32071,1.0
32072,1.0
32073,1.0
32074,1.0
32075,1.0
32076,0.0
32077,0.0
32078,0.0
32079,0.0
32080,0.0
32081,0.0
32082,1.0
32083,1.0
32084,1.0
32085,1.0
32086,1.0
32087,1.0
32088,1.0
32089,1.0
32090,1.0
32091,1.0
32092,1.0
32093,1.0
32094,1.0
32095,1.0
32096,1.0
32097,0.0
32098,0.0
32099,1.0
32100,1.0
32101,1.0
32102,1.0
32103,1.0
32104,1.0
32105,1.0
32106,1.0
32107,1.0
32108,0.0
32109,1.0
32110,0.0
32111,1.0
32112,1.0
32113,1.0
32114,1.0
32115,0.0
32116,1.0
32117,1.0
32118,1.0
32119,1.0
32120,1.0
32121,1.0
32122,0.0
32123,0.0
32124,1.0
32125,1.0
32126,1.0
32127,1.0
32128,1.0
32129,1.0
32130,1.0
32131,1.0
32132,1.0
32133,0.0
32134,1.0
32135,1.0
32136,1.0
32137,1.0
32138,1.0
32139,1.0
32140,1.0
32141,1.0
32142,1.0
32143,1.0
32144,1.0
32145,1.0
32146,1.0
32147,0.0
32148,0.0
32149,1.0
32150,1.0
32151,1.0
32152,1.0
32153,1.0
32154,1.0
32155,1.0
32156,1.0
32157,1.0
32158,1.0
32159,1.0
32160,1.0
32161,1.0
32162,1.0
32163,1.0
32164,1.0
32165,1.0
32166,1.0
32167,1.0
32168,1.0
32169,1.0
32170,1.0
32171,1.0
32172,1.0
32173,1.0
32174,0.0
32175,1.0
32176,1.0
32177,1.0
32178,1.0
32179,1.0
32180,1.0
32181,1.0
32182,1.0
32183,1.0
32184,1.0
32185,1.0
32186,1.0
32187,1.0
32188,1.0
32189,1.0
32190,1.0
32191,1.0
32192,1.0
32193,0.0
32194,0.0
32195,1.0
32196,1.0
32197,1.0
32198,1.0
32199,1.0
32200,1.0
32201,1.0
32202,1.0
32203,1.0
32204,1.0
32205,1.0
32206,1.0
32207,1.0
32208,1.0
32209,1.0
32210,1.0
32211,1.0
32212,1.0
32213,1.0
32214,1.0
32215,1.0
32216,1.0
32217,1.0
32218,1.0
32219,1.0
32220,1.0
32221,1.0
32222,1.0
32223,1.0
32224,1.0
32225,1.0
32226,1.0
32227,1.0
32228,1.0
32229,1.0
32230,1.0
32231,1.0
32232,1.0
32233,1.0
32234,1.0
32235,1.0
32236,1.0
32237,1.0
32238,1.0
32239,1.0
32240,1.0
32241,1.0
32242,1.0
32243,1.0
32244,1.0
32245,1.0
32246,1.0
32247,1.0
32248,1.0
32249,1.0
32250,1.0
32251,1.0
32252,1.0
32253,1.0
32254,1.0
32255,1.0
32256,1.0
32257,1.0
32258,1.0
32259,1.0
32260,1.0
32261,1.0
32262,1.0
32263,1.0
32264,1.0
32265,1.0
32266,1.0
32267,1.0
32268,1.0
32269,1.0
32270,1.0
32271,1.0
32272,1.0
32273,1.0
32274,1.0
32275,1.0
32276,1.0
32277,1.0
32278,1.0
32279,1.0
32280,1.0
32281,1.0
32282,1.0
32283,1.0
32284,1.0
32285,1.0
32286,1.0
32287,1.0
32288,1.0
32289,1.0
32290,1.0
32291,1.0
32292,1.0
32293,1.0
32294,1.0
32295,1.0
32296,1.0
32297,1.0
32298,1.0
32299,1.0
32300,1.0
32301,1.0
32302,1.0
32303,1.0
32304,1.0
32305,1.0
32306,1.0
32307,1.0
32308,1.0
32309,1.0
32310,1.0
32311,1.0
32312,1.0
32313,0.0
32314,1.0
32315,0.0
32316,0.0
32317,0.0
32318,1.0
32319,1.0
32320,0.0
32321,0.0
32322,1.0
32323,0.0
32324,0.0
32325,0.0
32326,0.0
32327,0.0
32328,0.0
32329,0.0
32330,0.0
32331,0.0
32332,0.0
32333,1.0
32334,0.0
32335,1.0
32336,1.0
32337,1.0
32338,1.0
32339,1.0
32340,0.0
32341,0.0
32342,0.0
32343,0.0
32344,1.0
32345,0.0
32346,0.0
32347,0.0
32348,0.0
32349,0.0
32350,0.0
32351,0.0
32352,0.0
32353,0.0
32354,0.0
32355,0.0
32356,0.0
32357,0.0
32358,0.0
32359,1.0
32360,0.0
32361,0.0
32362,1.0
32363,0.0
32364,0.0
32365,1.0
32366,1.0
32367,0.0
32368,1.0
32369,1.0
32370,1.0
32371,1.0
32372,1.0
32373,0.0
32374,0.0
32375,0.0
32376,0.0
32377,0.0
32378,0.0
32379,0.0
32380,0.0
32381,0.0
32382,0.0
32383,1.0
32384,0.0
32385,0.0
32386,0.0
32387,0.0
32388,0.0
32389,0.0
32390,0.0
32391,1.0
32392,0.0
32393,0.0
32394,0.0
32395,0.0
32396,0.0
32397,0.0
32398,0.0
32399,0.0
32400,0.0
32401,0.0
32402,1.0
32403,0.0
32404,0.0
32405,1.0
32406,1.0
32407,0.0
32408,0.0
32409,1.0
32410,1.0
32411,0.0
32412,0.0
32413,1.0
32414,0.0
32415,0.0
32416,1.0
32417,1.0
32418,0.0
32419,1.0
32420,1.0
32421,1.0
32422,1.0
32423,1.0
32424,0.0
32425,1.0
32426,1.0
32427,1.0
32428,0.0
32429,0.0
32430,0.0
32431,0.0
32432,1.0
32433,1.0
32434,1.0
32435,1.0
32436,1.0
32437,1.0
32438,1.0
32439,1.0
32440,1.0
32441,1.0
32442,1.0
32443,0.0
32444,0.0
32445,0.0
32446,0.0
32447,1.0
32448,0.0
32449,1.0
32450,1.0
32451,0.0
32452,1.0
32453,1.0
32454,1.0
32455,1.0
32456,1.0
32457,1.0
32458,1.0
32459,1.0
32460,1.0
32461,1.0
32462,1.0
32463,1.0
32464,1.0
32465,1.0
32466,1.0
32467,1.0
32468,0.0
32469,1.0
32470,1.0
32471,1.0
32472,1.0
32473,0.0
32474,1.0
32475,1.0
32476,1.0
32477,1.0
32478,0.0
32479,1.0
32480,1.0
32481,1.0
32482,1.0
32483,0.0
32484,0.0
32485,1.0
32486,1.0
32487,1.0
32488,1.0
32489,0.0
32490,1.0
32491,1.0
32492,1.0
32493,1.0
32494,0.0
32495,1.0
32496,1.0
32497,1.0
32498,1.0
32499,1.0
32500,1.0
32501,1.0
32502,1.0
32503,1.0
32504,1.0
32505,1.0
32506,1.0
32507,1.0
32508,1.0
32509,1.0
32510,1.0
32511,1.0
32512,0.0
32513,0.0
32514,0.0
32515,1.0
32516,1.0
32517,1.0
32518,0.0
32519,0.0
32520,0.0
32521,0.0
32522,0.0
32523,1.0
32524,0.0
32525,0.0
32526,0.0
32527,1.0
32528,1.0
32529,1.0
32530,1.0
32531,1.0
32532,1.0
32533,1.0
32534,0.0
32535,0.0
32536,0.0
32537,0.0
32538,0.0
32539,0.0
32540,0.0
32541,0.0
32542,1.0
32543,0.0
32544,0.0
32545,0.0
32546,1.0
32547,1.0
32548,1.0
32549,0.0
32550,1.0
32551,1.0
32552,1.0
32553,1.0
32554,1.0
32555,1.0
32556,1.0
32557,1.0
32558,0.0
32559,0.0
32560,0.0
32561,0.0
32562,1.0
32563,0.0
32564,0.0
32565,0.0
32566,0.0
32567,0.0
32568,0.0
32569,1.0
32570,0.0
32571,0.0
32572,0.0
32573,0.0
32574,0.0
32575,0.0
32576,1.0
32577,1.0
32578,1.0
32579,1.0
32580,0.0
32581,1.0
32582,1.0
32583,0.0
32584,0.0
32585,1.0
32586,1.0
32587,1.0
32588,1.0
32589,0.0
32590,1.0
32591,1.0
32592,1.0
32593,1.0
32594,1.0
32595,1.0
32596,1.0
32597,1.0
32598,1.0
32599,1.0
32600,0.0
32601,0.0
32602,1.0
32603,1.0
32604,0.0
32605,0.0
32606,1.0
32607,1.0
32608,1.0
32609,1.0
32610,1.0
32611,1.0
32612,0.0
32613,0.0
32614,0.0
32615,0.0
32616,0.0
32617,0.0
32618,0.0
32619,1.0
32620,1.0
32621,1.0
32622,1.0
32623,1.0
32624,1.0
32625,0.0
32626,0.0
32627,0.0
32628,0.0
32629,0.0
32630,0.0
32631,1.0
32632,1.0
32633,1.0
32634,1.0
32635,1.0
32636,1.0
32637,1.0
32638,1.0
32639,1.0
32640,0.0
32641,0.0
32642,0.0
32643,0.0
32644,0.0
32645,0.0
32646,0.0
32647,0.0
32648,0.0
32649,0.0
32650,0.0
32651,1.0
32652,1.0
32653,1.0
32654,1.0
32655,1.0
32656,0.0
32657,0.0
32658,1.0
32659,1.0
32660,0.0
32661,0.0
32662,1.0
32663,0.0
32664,0.0
32665,0.0
32666,0.0
32667,0.0
32668,1.0
32669,1.0
32670,1.0
32671,1.0
32672,1.0
32673,1.0
32674,1.0
32675,1.0
32676,1.0
32677,1.0
32678,1.0
32679,1.0
32680,1.0
32681,0.0
32682,0.0
32683,1.0
32684,0.0
32685,0.0
32686,1.0
32687,0.0
32688,0.0
32689,0.0
32690,0.0
32691,0.0
32692,0.0
32693,0.0
32694,0.0
32695,0.0
32696,0.0
32697,0.0
32698,0.0
32699,0.0
32700,0.0
32701,0.0
32702,1.0
32703,1.0
32704,1.0
32705,1.0
32706,1.0
32707,1.0
32708,0.0
32709,0.0
32710,1.0
32711,1.0
32712,1.0
32713,0.0
32714,0.0
32715,1.0
32716,0.0
32717,0.0
32718,0.0
32719,0.0
32720,0.0
32721,1.0
32722,1.0
32723,1.0
32724,1.0
32725,1.0
32726,0.0
32727,1.0
32728,0.0
32729,0.0
32730,1.0
32731,1.0
32732,1.0
32733,1.0
32734,1.0
32735,1.0
32736,1.0
32737,1.0
32738,1.0
32739,1.0
32740,0.0
32741,0.0
32742,1.0
32743,0.0
32744,0.0
32745,0.0
32746,0.0
32747,0.0
32748,0.0
32749,0.0
32750,1.0
32751,1.0
32752,1.0
32753,1.0
32754,1.0
32755,1.0
32756,1.0
32757,1.0
32758,1.0
32759,1.0
32760,1.0
32761,1.0
32762,1.0
32763,1.0
32764,1.0
32765,1.0
32766,1.0
32767,0.0
32768,0.0
32769,0.0
32770,0.0
32771,1.0
32772,0.0
32773,0.0
32774,0.0
32775,0.0
32776,0.0
32777,0.0
32778,0.0
32779,1.0
32780,0.0
32781,0.0
32782,1.0
32783,1.0
32784,1.0
32785,1.0
32786,1.0
32787,1.0
32788,1.0
32789,1.0
32790,1.0
32791,1.0
32792,1.0
32793,1.0
32794,1.0
32795,0.0
32796,1.0
32797,1.0
32798,1.0
32799,1.0
32800,1.0
32801,1.0
32802,1.0
32803,1.0
32804,1.0
32805,1.0
32806,1.0
32807,1.0
32808,1.0
32809,0.0
32810,1.0
32811,1.0
32812,0.0
32813,0.0
32814,0.0
32815,0.0
32816,0.0
32817,1.0
32818,1.0
32819,0.0
32820,1.0
32821,1.0
32822,0.0
32823,0.0
32824,0.0
32825,0.0
32826,1.0
32827,0.0
32828,0.0
32829,1.0
32830,0.0
32831,0.0
32832,1.0
32833,1.0
32834,1.0
32835,1.0
32836,1.0
32837,1.0
32838,1.0
32839,1.0
32840,1.0
32841,1.0
32842,0.0
32843,0.0
32844,1.0
32845,1.0
32846,1.0
32847,1.0
32848,1.0
32849,1.0
32850,1.0
32851,1.0
32852,1.0
32853,0.0
32854,0.0
32855,0.0
32856,0.0
32857,0.0
32858,0.0
32859,0.0
32860,0.0
32861,1.0
32862,1.0
32863,1.0
32864,1.0
32865,1.0
32866,1.0
32867,1.0
32868,1.0
32869,1.0
32870,1.0
32871,1.0
32872,1.0
32873,1.0
32874,1.0
32875,0.0
32876,0.0
32877,0.0
32878,0.0
32879,0.0
32880,0.0
32881,0.0
32882,0.0
32883,0.0
32884,0.0
32885,0.0
32886,0.0
32887,0.0
32888,1.0
32889,1.0
32890,1.0
32891,1.0
32892,1.0
32893,1.0
32894,1.0
32895,1.0
32896,1.0
32897,1.0
32898,1.0
32899,1.0
32900,0.0
32901,1.0
32902,1.0
32903,0.0
32904,1.0
32905,1.0
32906,0.0
32907,1.0
32908,1.0
32909,0.0
32910,1.0
32911,0.0
32912,0.0
32913,0.0
32914,0.0
32915,0.0
32916,0.0
32917,0.0
32918,0.0
32919,0.0
32920,0.0
32921,0.0
32922,0.0
32923,0.0
32924,0.0
32925,1.0
32926,0.0
32927,0.0
32928,0.0
32929,1.0
32930,1.0
32931,1.0
32932,1.0
32933,0.0
32934,1.0
32935,1.0
32936,0.0
32937,0.0
32938,0.0
32939,0.0
32940,0.0
32941,0.0
32942,0.0
32943,0.0
32944,0.0
32945,1.0
32946,1.0
32947,1.0
32948,1.0
32949,1.0
32950,1.0
32951,1.0
32952,1.0
32953,1.0
32954,1.0
32955,1.0
32956,1.0
32957,0.0
32958,1.0
32959,1.0
32960,0.0
32961,0.0
32962,0.0
32963,0.0
32964,0.0
32965,0.0
32966,0.0
32967,0.0
32968,0.0
32969,0.0
32970,0.0
32971,0.0
32972,0.0
32973,0.0
32974,0.0
32975,0.0
32976,1.0
32977,1.0
32978,1.0
32979,1.0
32980,1.0
32981,1.0
32982,1.0
32983,1.0
32984,1.0
32985,1.0
32986,1.0
32987,1.0
32988,1.0
32989,1.0
32990,1.0
32991,1.0
32992,1.0
32993,1.0
32994,1.0
32995,0.0
32996,1.0
32997,1.0
32998,0.0
32999,0.0
33000,0.0
33001,1.0
33002,1.0
33003,1.0
33004,0.0
33005,0.0
33006,0.0
33007,0.0
33008,1.0
33009,1.0
33010,0.0
33011,0.0
33012,0.0
33013,0.0
33014,0.0
33015,0.0
33016,1.0
33017,0.0
33018,0.0
33019,0.0
33020,0.0
33021,1.0
33022,1.0
33023,0.0
33024,0.0
33025,1.0
33026,1.0
33027,1.0
33028,1.0
33029,1.0
33030,1.0
33031,1.0
33032,1.0
33033,1.0
33034,1.0
33035,1.0
33036,1.0
33037,1.0
33038,1.0
33039,1.0
33040,1.0
33041,1.0
33042,1.0
33043,1.0
33044,1.0
33045,1.0
33046,1.0
33047,0.0
33048,1.0
33049,0.0
33050,0.0
33051,0.0
33052,1.0
33053,1.0
33054,0.0
33055,0.0
33056,1.0
33057,1.0
33058,1.0
33059,0.0
33060,0.0
33061,0.0
33062,0.0
33063,0.0
33064,0.0
33065,0.0
33066,0.0
33067,0.0
33068,1.0
33069,1.0
33070,1.0
33071,1.0
33072,1.0
33073,1.0
33074,0.0
33075,0.0
33076,0.0
33077,0.0
33078,0.0
33079,1.0
33080,1.0
33081,1.0
33082,1.0
33083,1.0
33084,0.0
33085,0.0
33086,0.0
33087,0.0
33088,0.0
33089,0.0
33090,0.0
33091,0.0
33092,0.0
33093,0.0
33094,0.0
33095,0.0
33096,0.0
33097,0.0
33098,1.0
33099,1.0
33100,1.0
33101,1.0
33102,1.0
33103,1.0
33104,1.0
33105,1.0
33106,1.0
33107,1.0
33108,0.0
33109,1.0
33110,0.0
33111,0.0
33112,0.0
33113,1.0
33114,0.0
33115,1.0
33116,1.0
33117,1.0
33118,1.0
33119,1.0
33120,0.0
33121,0.0
33122,0.0
33123,0.0
33124,0.0
33125,0.0
33126,1.0
33127,0.0
33128,0.0
33129,0.0
33130,0.0
33131,0.0
33132,0.0
33133,0.0
33134,0.0
33135,0.0
33136,0.0
33137,0.0
33138,0.0
33139,0.0
33140,0.0
33141,0.0
33142,0.0
33143,1.0
33144,0.0
33145,0.0
33146,0.0
33147,0.0
33148,1.0
33149,1.0
33150,1.0
33151,1.0
33152,1.0
33153,1.0
33154,1.0
33155,1.0
33156,1.0
33157,1.0
33158,1.0
33159,1.0
33160,1.0
33161,1.0
33162,0.0
33163,1.0
33164,0.0
33165,0.0
33166,0.0
33167,1.0
33168,0.0
33169,1.0
33170,1.0
33171,1.0
33172,1.0
33173,0.0
33174,0.0
33175,0.0
33176,0.0
33177,0.0
33178,0.0
33179,0.0
33180,0.0
33181,0.0
33182,0.0
33183,0.0
33184,0.0
33185,0.0
33186,0.0
33187,0.0
33188,0.0
33189,0.0
33190,0.0
33191,0.0
33192,0.0
33193,0.0
33194,0.0
33195,0.0
33196,0.0
33197,0.0
33198,0.0
33199,0.0
33200,0.0
33201,0.0
33202,0.0
33203,0.0
33204,0.0
33205,0.0
33206,0.0
33207,0.0
33208,0.0
33209,0.0
33210,0.0
33211,0.0
33212,0.0
33213,0.0
33214,0.0
33215,0.0
33216,0.0
33217,0.0
33218,0.0
33219,0.0
33220,0.0
33221,0.0
33222,0.0
33223,0.0
33224,0.0
33225,0.0
33226,0.0
33227,0.0
33228,0.0
33229,0.0
33230,0.0
33231,0.0
33232,0.0
33233,0.0
33234,0.0
33235,0.0
33236,0.0
33237,0.0
33238,0.0
33239,0.0
33240,0.0
33241,0.0
33242,0.0
33243,0.0
33244,0.0
33245,0.0
33246,0.0
33247,0.0
33248,0.0
33249,0.0
33250,0.0
33251,0.0
33252,0.0
33253,0.0
33254,0.0
33255,0.0
33256,0.0
33257,0.0
33258,0.0
33259,0.0
33260,0.0
33261,0.0
33262,0.0
33263,0.0
33264,0.0
33265,0.0
33266,0.0
33267,0.0
33268,0.0
33269,0.0
33270,0.0
33271,0.0
33272,0.0
33273,0.0
33274,0.0
33275,0.0
33276,0.0
33277,0.0
33278,0.0
33279,0.0
33280,0.0
33281,0.0
33282,0.0
33283,0.0
33284,0.0
33285,0.0
33286,0.0
33287,0.0
33288,0.0
33289,0.0
33290,0.0
33291,0.0
33292,0.0
33293,0.0
33294,0.0
33295,0.0
33296,0.0
33297,0.0
33298,0.0
33299,0.0
33300,0.0
33301,0.0
33302,0.0
33303,0.0
33304,0.0
33305,0.0
33306,0.0
33307,0.0
33308,0.0
33309,0.0
33310,0.0
33311,0.0
33312,0.0
33313,0.0
33314,0.0
33315,0.0
33316,0.0
33317,0.0
33318,0.0
33319,0.0
33320,0.0
33321,0.0
33322,0.0
33323,0.0
33324,0.0
33325,0.0
33326,0.0
33327,0.0
33328,0.0
33329,0.0
33330,0.0
33331,0.0
33332,0.0
33333,0.0
33334,0.0
33335,0.0
33336,0.0
33337,0.0
33338,0.0
33339,0.0
33340,0.0
33341,0.0
33342,0.0
33343,0.0
33344,0.0
33345,0.0
33346,0.0
33347,0.0
33348,0.0
33349,0.0
33350,0.0
33351,0.0
33352,0.0
33353,0.0
33354,0.0
33355,0.0
33356,0.0
33357,0.0
33358,0.0
33359,0.0
33360,0.0
33361,0.0
33362,0.0
33363,0.0
33364,0.0
33365,0.0
33366,0.0
33367,0.0
33368,0.0
33369,0.0
33370,0.0
33371,0.0
33372,0.0
33373,0.0
33374,0.0
33375,0.0
33376,0.0
33377,0.0
33378,0.0
33379,0.0
33380,0.0
33381,0.0
33382,0.0
33383,0.0
33384,0.0
33385,0.0
33386,0.0
33387,0.0
33388,0.0
33389,0.0
33390,0.0
33391,0.0
33392,0.0
33393,0.0
33394,0.0
33395,0.0
33396,0.0
33397,0.0
33398,0.0
33399,0.0
33400,0.0
33401,0.0
33402,1.0
33403,1.0
33404,1.0
33405,0.0
33406,0.0
33407,0.0
33408,1.0
33409,1.0
33410,1.0
33411,1.0
33412,1.0
33413,1.0
33414,1.0
33415,1.0
33416,1.0
33417,1.0
33418,1.0
33419,1.0
33420,0.0
33421,0.0
33422,0.0
33423,0.0
33424,0.0
33425,0.0
33426,1.0
33427,1.0
33428,1.0
33429,1.0
33430,1.0
33431,1.0
33432,1.0
33433,1.0
33434,1.0
33435,1.0
33436,1.0
33437,1.0
33438,1.0
33439,1.0
33440,1.0
33441,1.0
33442,1.0
33443,1.0
33444,1.0
33445,0.0
33446,1.0
33447,1.0
33448,1.0
33449,0.0
33450,1.0
33451,0.0
33452,0.0
33453,0.0
33454,0.0
33455,0.0
33456,0.0
33457,1.0
33458,1.0
33459,1.0
33460,1.0
33461,1.0
33462,1.0
33463,1.0
33464,1.0
33465,1.0
33466,1.0
33467,1.0
33468,1.0
33469,1.0
33470,1.0
33471,1.0
33472,1.0
33473,1.0
33474,1.0
33475,1.0
33476,1.0
33477,1.0
33478,1.0
33479,1.0
33480,1.0
33481,1.0
33482,1.0
33483,1.0
33484,1.0
33485,1.0
33486,1.0
33487,1.0
33488,1.0
33489,1.0
33490,1.0
33491,1.0
33492,0.0
33493,1.0
33494,1.0
33495,1.0
33496,0.0
33497,1.0
33498,0.0
33499,0.0
33500,0.0
33501,0.0
33502,0.0
33503,1.0
33504,1.0
33505,1.0
33506,1.0
33507,0.0
33508,1.0
33509,1.0
33510,1.0
33511,1.0
33512,1.0
33513,1.0
33514,1.0
33515,1.0
33516,1.0
33517,1.0
33518,1.0
33519,1.0
33520,1.0
33521,1.0
33522,1.0
33523,1.0
33524,1.0
33525,1.0
33526,1.0
33527,0.0
33528,1.0
33529,1.0
33530,1.0
33531,1.0
33532,1.0
33533,1.0
33534,1.0
33535,1.0
33536,1.0
33537,1.0
33538,1.0
33539,1.0
33540,1.0
33541,1.0
33542,1.0
33543,1.0
33544,1.0
33545,1.0
33546,1.0
33547,1.0
33548,1.0
33549,1.0
33550,1.0
33551,1.0
33552,1.0
33553,1.0
33554,1.0
33555,1.0
33556,1.0
33557,1.0
33558,1.0
33559,1.0
33560,1.0
33561,1.0
33562,0.0
33563,1.0
33564,1.0
33565,1.0
33566,1.0
33567,1.0
33568,1.0
33569,1.0
33570,1.0
33571,1.0
33572,1.0
33573,1.0
33574,1.0
33575,1.0
33576,1.0
33577,1.0
33578,1.0
33579,1.0
33580,1.0
33581,1.0
33582,1.0
33583,1.0
33584,1.0
33585,1.0
33586,1.0
33587,1.0
33588,1.0
33589,1.0
33590,1.0
33591,1.0
33592,1.0
33593,1.0
33594,1.0
33595,1.0
33596,1.0
33597,1.0
33598,1.0
33599,1.0
33600,1.0
33601,1.0
33602,1.0
33603,1.0
33604,1.0
33605,1.0
33606,1.0
33607,1.0
33608,1.0
33609,1.0
33610,1.0
33611,1.0
33612,1.0
33613,1.0
33614,1.0
33615,1.0
33616,1.0
33617,1.0
33618,0.0
33619,1.0
33620,1.0
33621,1.0
33622,0.0
33623,1.0
33624,1.0
33625,1.0
33626,1.0
33627,1.0
33628,1.0
33629,1.0
33630,1.0
33631,1.0
33632,1.0
33633,1.0
33634,0.0
33635,0.0
33636,0.0
33637,0.0
33638,0.0
33639,1.0
33640,1.0
33641,1.0
33642,1.0
33643,1.0
33644,1.0
33645,1.0
33646,1.0
33647,1.0
33648,1.0
33649,1.0
33650,1.0
33651,1.0
33652,1.0
33653,1.0
33654,1.0
33655,1.0
33656,1.0
33657,1.0
33658,1.0
33659,0.0
33660,0.0
33661,0.0
33662,0.0
33663,0.0
33664,0.0
33665,1.0
33666,1.0
33667,1.0
33668,1.0
33669,1.0
33670,1.0
33671,1.0
33672,1.0
33673,1.0
33674,1.0
33675,1.0
33676,1.0
33677,1.0
33678,1.0
33679,1.0
33680,1.0
33681,1.0
33682,1.0
33683,1.0
33684,1.0
33685,1.0
33686,1.0
33687,1.0
33688,1.0
33689,1.0
33690,1.0
33691,1.0
33692,1.0
33693,1.0
33694,1.0
33695,1.0
33696,1.0
33697,1.0
33698,1.0
33699,1.0
33700,1.0
33701,1.0
33702,1.0
33703,0.0
33704,0.0
33705,1.0
33706,1.0
33707,1.0
33708,0.0
33709,0.0
33710,1.0
33711,1.0
33712,0.0
33713,0.0
33714,1.0
33715,1.0
33716,1.0
33717,1.0
33718,1.0
33719,1.0
33720,1.0
33721,1.0
33722,1.0
33723,1.0
33724,1.0
33725,1.0
33726,1.0
33727,1.0
33728,1.0
33729,1.0
33730,1.0
33731,0.0
33732,0.0
33733,0.0
33734,0.0
33735,0.0
33736,1.0
33737,1.0
33738,0.0
33739,0.0
33740,0.0
33741,0.0
33742,0.0
33743,0.0
33744,0.0
33745,0.0
33746,0.0
33747,0.0
33748,0.0
33749,0.0
33750,0.0
33751,0.0
33752,0.0
33753,0.0
33754,1.0
33755,1.0
33756,1.0
33757,1.0
33758,1.0
33759,1.0
33760,1.0
33761,0.0
33762,0.0
33763,0.0
33764,0.0
33765,0.0
33766,0.0
33767,0.0
33768,0.0
33769,0.0
33770,0.0
33771,0.0
33772,0.0
33773,0.0
33774,0.0
33775,0.0
33776,0.0
33777,0.0
33778,0.0
33779,0.0
33780,0.0
33781,0.0
33782,0.0
33783,0.0
33784,0.0
33785,0.0
33786,1.0
33787,0.0
33788,1.0
33789,1.0
33790,1.0
33791,1.0
33792,1.0
33793,1.0
33794,1.0
33795,1.0
33796,1.0
33797,1.0
33798,1.0
33799,0.0
33800,0.0
33801,0.0
33802,0.0
33803,0.0
33804,0.0
33805,0.0
33806,0.0
33807,0.0
33808,0.0
33809,0.0
33810,0.0
33811,0.0
33812,0.0
33813,0.0
33814,0.0
33815,0.0
33816,0.0
33817,0.0
33818,0.0
33819,0.0
33820,0.0
33821,0.0
33822,0.0
33823,0.0
33824,0.0
33825,0.0
33826,0.0
33827,0.0
33828,0.0
33829,0.0
33830,0.0
33831,0.0
33832,0.0
33833,0.0
33834,0.0
33835,0.0
33836,0.0
33837,0.0
33838,0.0
33839,0.0
33840,0.0
33841,1.0
33842,0.0
33843,0.0
33844,1.0
33845,1.0
33846,1.0
33847,1.0
33848,1.0
33849,1.0
33850,1.0
33851,1.0
33852,1.0
33853,1.0
33854,1.0
33855,0.0
33856,0.0
33857,0.0
33858,0.0
33859,1.0
33860,1.0
33861,1.0
33862,0.0
33863,0.0
33864,1.0
33865,1.0
33866,0.0
33867,0.0
33868,1.0
33869,1.0
33870,1.0
33871,1.0
33872,1.0
33873,1.0
33874,1.0
33875,1.0
33876,0.0
33877,0.0
33878,0.0
33879,1.0
33880,1.0
33881,1.0
33882,1.0
33883,1.0
33884,0.0
33885,1.0
33886,0.0
33887,1.0
33888,1.0
33889,1.0
33890,1.0
33891,1.0
33892,1.0
33893,1.0
33894,1.0
33895,1.0
33896,1.0
33897,1.0
33898,1.0
33899,1.0
33900,1.0
33901,1.0
33902,1.0
33903,0.0
33904,0.0
33905,0.0
33906,1.0
33907,1.0
33908,1.0
33909,1.0
33910,1.0
33911,1.0
33912,1.0
33913,1.0
33914,1.0
33915,1.0
33916,1.0
33917,0.0
33918,1.0
33919,1.0
33920,1.0
33921,1.0
33922,1.0
33923,0.0
33924,1.0
33925,1.0
33926,1.0
33927,1.0
33928,1.0
33929,1.0
33930,1.0
33931,1.0
33932,1.0
33933,1.0
33934,1.0
33935,1.0
33936,1.0
33937,1.0
33938,1.0
33939,1.0
33940,1.0
33941,1.0
33942,1.0
33943,1.0
33944,1.0
33945,1.0
33946,1.0
33947,1.0
33948,1.0
33949,0.0
33950,0.0
33951,0.0
33952,1.0
33953,1.0
33954,1.0
33955,1.0
33956,1.0
33957,0.0
33958,0.0
33959,0.0
33960,1.0
33961,0.0
33962,1.0
33963,1.0
33964,1.0
33965,1.0
33966,0.0
33967,0.0
33968,0.0
33969,0.0
33970,0.0
33971,0.0
33972,0.0
33973,0.0
33974,0.0
33975,0.0
33976,0.0
33977,1.0
33978,1.0
33979,1.0
33980,0.0
33981,1.0
33982,1.0
33983,1.0
33984,1.0
33985,1.0
33986,1.0
33987,0.0
33988,0.0
33989,0.0
33990,0.0
33991,0.0
33992,0.0
33993,0.0
33994,0.0
33995,0.0
33996,0.0
33997,0.0
33998,0.0
33999,0.0
34000,0.0
34001,0.0
34002,0.0
34003,0.0
34004,1.0
34005,0.0
34006,0.0
34007,0.0
34008,1.0
34009,1.0
34010,1.0
34011,1.0
34012,1.0
34013,1.0
34014,0.0
34015,1.0
34016,1.0
34017,1.0
34018,1.0
34019,1.0
34020,1.0
34021,0.0
34022,0.0
34023,0.0
34024,0.0
34025,0.0
34026,0.0
34027,0.0
34028,0.0
34029,0.0
34030,0.0
34031,0.0
34032,0.0
34033,0.0
34034,0.0
34035,0.0
34036,0.0
34037,0.0
34038,0.0
34039,0.0
34040,0.0
34041,0.0
34042,0.0
34043,0.0
34044,0.0
34045,0.0
34046,0.0
34047,0.0
34048,0.0
34049,0.0
34050,0.0
34051,0.0
34052,0.0
34053,1.0
34054,1.0
34055,0.0
34056,0.0
34057,0.0
34058,1.0
34059,1.0
34060,1.0
34061,1.0
34062,1.0
34063,1.0
34064,1.0
34065,0.0
34066,1.0
34067,1.0
34068,1.0
34069,1.0
34070,1.0
34071,0.0
34072,1.0
34073,1.0
34074,0.0
34075,0.0
34076,1.0
34077,1.0
34078,0.0
34079,0.0
34080,0.0
34081,0.0
34082,0.0
34083,1.0
34084,1.0
34085,1.0
34086,1.0
34087,1.0
34088,1.0
34089,1.0
34090,0.0
34091,0.0
34092,0.0
34093,0.0
34094,1.0
34095,0.0
34096,1.0
34097,1.0
34098,1.0
34099,1.0
34100,1.0
34101,0.0
34102,0.0
34103,0.0
34104,1.0
34105,0.0
34106,0.0
34107,0.0
34108,1.0
34109,1.0
34110,1.0
34111,1.0
34112,1.0
34113,1.0
34114,1.0
34115,1.0
34116,1.0
34117,1.0
34118,1.0
34119,1.0
34120,1.0
34121,1.0
34122,0.0
34123,1.0
34124,0.0
34125,0.0
34126,0.0
34127,0.0
34128,0.0
34129,0.0
34130,1.0
34131,1.0
34132,0.0
34133,1.0
34134,1.0
34135,1.0
34136,1.0
34137,1.0
34138,0.0
34139,0.0
34140,0.0
34141,1.0
34142,1.0
34143,1.0
34144,1.0
34145,1.0
34146,1.0
34147,0.0
34148,0.0
34149,0.0
34150,1.0
34151,0.0
34152,1.0
34153,1.0
34154,1.0
34155,1.0
34156,1.0
34157,1.0
34158,1.0
34159,1.0
34160,1.0
34161,1.0
34162,1.0
34163,1.0
34164,1.0
34165,1.0
34166,1.0
34167,1.0
34168,1.0
34169,1.0
34170,1.0
34171,1.0
34172,1.0
34173,1.0
34174,1.0
34175,1.0
34176,0.0
34177,1.0
34178,1.0
34179,0.0
34180,0.0
34181,0.0
34182,0.0
34183,0.0
34184,0.0
34185,1.0
34186,1.0
34187,0.0
34188,1.0
34189,1.0
34190,1.0
34191,1.0
34192,0.0
34193,0.0
34194,1.0
34195,0.0
34196,0.0
34197,1.0
34198,0.0
34199,1.0
34200,0.0
34201,0.0
34202,0.0
34203,0.0
34204,0.0
34205,0.0
34206,0.0
34207,0.0
34208,0.0
34209,1.0
34210,1.0
34211,1.0
34212,1.0
34213,1.0
34214,1.0
34215,0.0
34216,0.0
34217,0.0
34218,0.0
34219,0.0
34220,1.0
34221,0.0
34222,0.0
34223,0.0
34224,1.0
34225,0.0
34226,0.0
34227,0.0
34228,0.0
34229,0.0
34230,0.0
34231,0.0
34232,0.0
34233,0.0
34234,0.0
34235,1.0
34236,1.0
34237,0.0
34238,0.0
34239,1.0
34240,1.0
34241,1.0
34242,1.0
34243,1.0
34244,1.0
34245,1.0
34246,1.0
34247,1.0
34248,0.0
34249,0.0
34250,0.0
34251,0.0
34252,0.0
34253,0.0
34254,0.0
34255,0.0
34256,1.0
34257,0.0
34258,0.0
34259,0.0
34260,1.0
34261,0.0
34262,0.0
34263,0.0
34264,0.0
34265,1.0
34266,0.0
34267,0.0
34268,0.0
34269,0.0
34270,0.0
34271,0.0
34272,0.0
34273,0.0
34274,0.0
34275,0.0
34276,0.0
34277,0.0
34278,0.0
34279,1.0
34280,1.0
34281,1.0
34282,0.0
34283,0.0
34284,0.0
34285,1.0
34286,1.0
34287,0.0
34288,0.0
34289,1.0
34290,1.0
34291,1.0
34292,1.0
34293,1.0
34294,1.0
34295,1.0
34296,1.0
34297,1.0
34298,0.0
34299,0.0
34300,0.0
34301,0.0
34302,0.0
34303,0.0
34304,0.0
34305,0.0
34306,1.0
34307,0.0
34308,0.0
34309,0.0
34310,1.0
34311,0.0
34312,0.0
34313,1.0
34314,0.0
34315,0.0
34316,0.0
34317,0.0
34318,0.0
34319,0.0
34320,0.0
34321,0.0
34322,1.0
34323,1.0
34324,1.0
34325,0.0
34326,0.0
34327,0.0
34328,0.0
34329,0.0
34330,0.0
34331,0.0
34332,0.0
34333,0.0
34334,0.0
34335,0.0
34336,0.0
34337,0.0
34338,0.0
34339,1.0
34340,0.0
34341,1.0
34342,0.0
34343,0.0
34344,0.0
34345,1.0
34346,1.0
34347,1.0
34348,0.0
34349,0.0
34350,0.0
34351,0.0
34352,0.0
34353,0.0
34354,0.0
34355,0.0
34356,0.0
34357,0.0
34358,0.0
34359,0.0
34360,0.0
34361,0.0
34362,0.0
34363,0.0
34364,0.0
34365,0.0
34366,0.0
34367,0.0
34368,0.0
34369,0.0
34370,0.0
34371,0.0
34372,1.0
34373,1.0
34374,0.0
34375,0.0
34376,0.0
34377,1.0
34378,0.0
34379,0.0
34380,0.0
34381,0.0
34382,0.0
34383,0.0
34384,0.0
34385,0.0
34386,0.0
34387,0.0
34388,1.0
34389,1.0
34390,1.0
34391,0.0
34392,0.0
34393,0.0
34394,0.0
34395,0.0
34396,0.0
34397,0.0
34398,0.0
34399,0.0
34400,0.0
34401,0.0
34402,0.0
34403,0.0
34404,0.0
34405,1.0
34406,0.0
34407,1.0
34408,1.0
34409,0.0
34410,1.0
34411,0.0
34412,0.0
34413,0.0
34414,0.0
34415,1.0
34416,1.0
34417,1.0
34418,1.0
34419,0.0
34420,0.0
34421,0.0
34422,1.0
34423,1.0
34424,1.0
34425,1.0
34426,1.0
34427,1.0
34428,1.0
34429,0.0
34430,0.0
34431,1.0
34432,0.0
34433,0.0
34434,0.0
34435,0.0
34436,0.0
34437,0.0
34438,1.0
34439,1.0
34440,1.0
34441,1.0
34442,1.0
34443,1.0
34444,0.0
34445,1.0
34446,1.0
34447,0.0
34448,0.0
34449,1.0
34450,1.0
34451,1.0
34452,1.0
34453,1.0
34454,1.0
34455,1.0
34456,1.0
34457,1.0
34458,1.0
34459,1.0
34460,1.0
34461,1.0
34462,0.0
34463,0.0
34464,0.0
34465,1.0
34466,0.0
34467,0.0
34468,0.0
34469,0.0
34470,0.0
34471,0.0
34472,0.0
34473,1.0
34474,1.0
34475,1.0
34476,1.0
34477,1.0
34478,1.0
34479,1.0
34480,1.0
34481,1.0
34482,1.0
34483,1.0
34484,1.0
34485,1.0
34486,1.0
34487,1.0
34488,1.0
34489,1.0
34490,1.0
34491,0.0
34492,1.0
34493,1.0
34494,1.0
34495,1.0
34496,1.0
34497,0.0
34498,0.0
34499,1.0
34500,1.0
34501,1.0
34502,1.0
34503,1.0
34504,1.0
34505,1.0
34506,1.0
34507,1.0
34508,1.0
34509,1.0
34510,1.0
34511,1.0
34512,1.0
34513,1.0
34514,1.0
34515,0.0
34516,0.0
34517,0.0
34518,1.0
34519,0.0
34520,0.0
34521,1.0
34522,1.0
34523,1.0
34524,1.0
34525,1.0
34526,1.0
34527,1.0
34528,1.0
34529,1.0
34530,1.0
34531,1.0
34532,1.0
34533,1.0
34534,1.0
34535,1.0
34536,1.0
34537,1.0
34538,1.0
34539,1.0
34540,1.0
34541,1.0
34542,1.0
34543,1.0
34544,1.0
34545,1.0
34546,1.0
34547,1.0
34548,1.0
34549,1.0
34550,1.0
34551,1.0
34552,1.0
34553,1.0
34554,1.0
34555,1.0
34556,1.0
34557,1.0
34558,1.0
34559,1.0
34560,1.0
34561,1.0
34562,1.0
34563,1.0
34564,1.0
34565,1.0
34566,1.0
34567,1.0
34568,1.0
34569,1.0
34570,1.0
34571,1.0
34572,1.0
34573,1.0
34574,1.0
34575,1.0
34576,1.0
34577,1.0
34578,1.0
34579,1.0
34580,1.0
34581,1.0
34582,1.0
34583,1.0
34584,1.0
34585,1.0
34586,1.0
34587,1.0
34588,1.0
34589,1.0
34590,1.0
34591,1.0
34592,1.0
34593,1.0
34594,1.0
34595,1.0
34596,1.0
34597,1.0
34598,1.0
34599,1.0
34600,1.0
34601,1.0
34602,1.0
34603,1.0
34604,1.0
34605,1.0
34606,1.0
34607,1.0
34608,1.0
34609,1.0
34610,1.0
34611,1.0
34612,1.0
34613,1.0
34614,1.0
34615,1.0
34616,1.0
34617,1.0
34618,1.0
34619,1.0
34620,1.0
34621,1.0
34622,1.0
34623,1.0
34624,1.0
34625,1.0
34626,1.0
34627,1.0
34628,1.0
34629,1.0
34630,1.0
34631,1.0
34632,1.0
34633,1.0
34634,1.0
34635,1.0
34636,1.0
34637,1.0
34638,1.0
34639,1.0
34640,1.0
34641,1.0
34642,1.0
34643,1.0
34644,1.0
34645,1.0
34646,1.0
34647,1.0
34648,1.0
34649,1.0
34650,1.0
34651,1.0
34652,1.0
34653,1.0
34654,1.0
34655,1.0
34656,1.0
34657,1.0
34658,1.0
34659,1.0
34660,1.0
34661,1.0
34662,1.0
34663,1.0
34664,1.0
34665,1.0
34666,1.0
34667,1.0
34668,1.0
34669,1.0
34670,1.0
34671,1.0
34672,1.0
34673,1.0
34674,1.0
34675,1.0
34676,1.0
34677,1.0
34678,1.0
34679,1.0
34680,1.0
34681,1.0
34682,1.0
34683,1.0
34684,1.0
34685,1.0
34686,1.0
34687,1.0
34688,1.0
34689,1.0
34690,1.0
34691,1.0
34692,1.0
34693,1.0
34694,1.0
34695,1.0
34696,1.0
34697,1.0
34698,1.0
34699,1.0
34700,1.0
34701,1.0
34702,1.0
34703,1.0
34704,1.0
34705,1.0
34706,1.0
34707,1.0
34708,1.0
34709,1.0
34710,1.0
34711,1.0
34712,1.0
34713,1.0
34714,1.0
34715,1.0
34716,1.0
34717,1.0
34718,1.0
34719,1.0
34720,1.0
34721,1.0
34722,1.0
34723,1.0
34724,1.0
34725,1.0
34726,1.0
34727,1.0
34728,1.0
34729,1.0
34730,1.0
34731,1.0
34732,1.0
34733,1.0
34734,1.0
34735,1.0
34736,1.0
34737,1.0
34738,1.0
34739,1.0
34740,1.0
34741,1.0
34742,1.0
34743,1.0
34744,1.0
34745,1.0
34746,0.0
34747,0.0
34748,0.0
34749,1.0
34750,1.0
34751,1.0
34752,1.0
34753,0.0
34754,0.0
34755,0.0
34756,0.0
34757,0.0
34758,0.0
34759,0.0
34760,0.0
34761,0.0
34762,1.0
34763,1.0
34764,1.0
34765,1.0
34766,1.0
34767,1.0
34768,1.0
34769,1.0
34770,1.0
34771,1.0
34772,1.0
34773,0.0
34774,0.0
34775,0.0
34776,0.0
34777,0.0
34778,0.0
34779,0.0
34780,0.0
34781,0.0
34782,0.0
34783,0.0
34784,0.0
34785,0.0
34786,0.0
34787,0.0
34788,0.0
34789,0.0
34790,1.0
34791,1.0
34792,1.0
34793,1.0
34794,1.0
34795,1.0
34796,1.0
34797,1.0
34798,1.0
34799,1.0
34800,1.0
34801,1.0
34802,1.0
34803,1.0
34804,1.0
34805,0.0
34806,0.0
34807,0.0
34808,0.0
34809,0.0
34810,1.0
34811,0.0
34812,0.0
34813,0.0
34814,0.0
34815,0.0
34816,0.0
34817,0.0
34818,0.0
34819,0.0
34820,0.0
34821,0.0
34822,0.0
34823,0.0
34824,0.0
34825,0.0
34826,0.0
34827,0.0
34828,1.0
34829,0.0
34830,0.0
34831,1.0
34832,1.0
34833,1.0
34834,1.0
34835,1.0
34836,1.0
34837,1.0
34838,1.0
34839,1.0
34840,1.0
34841,1.0
34842,1.0
34843,1.0
34844,1.0
34845,1.0
34846,1.0
34847,1.0
34848,1.0
34849,1.0
34850,1.0
34851,1.0
34852,1.0
34853,1.0
34854,1.0
34855,1.0
34856,1.0
34857,1.0
34858,1.0
34859,1.0
34860,1.0
34861,1.0
34862,1.0
34863,1.0
34864,1.0
34865,1.0
34866,1.0
34867,1.0
34868,1.0
34869,1.0
34870,1.0
34871,1.0
34872,1.0
34873,1.0
34874,1.0
34875,1.0
34876,1.0
34877,1.0
34878,1.0
34879,1.0
34880,1.0
34881,1.0
34882,1.0
34883,1.0
34884,1.0
34885,1.0
34886,1.0
34887,1.0
34888,1.0
34889,1.0
34890,1.0
34891,1.0
34892,1.0
34893,1.0
34894,1.0
34895,1.0
34896,1.0
34897,1.0
34898,1.0
34899,1.0
34900,1.0
34901,1.0
34902,1.0
34903,1.0
34904,1.0
34905,1.0
34906,1.0
34907,1.0
34908,1.0
34909,1.0
34910,1.0
34911,1.0
34912,1.0
34913,1.0
34914,1.0
34915,1.0
34916,1.0
34917,1.0
34918,1.0
34919,1.0
34920,1.0
34921,1.0
34922,1.0
34923,1.0
34924,1.0
34925,1.0
34926,1.0
34927,1.0
34928,1.0
34929,1.0
34930,1.0
34931,1.0
34932,1.0
34933,1.0
34934,1.0
34935,0.0
34936,1.0
34937,1.0
34938,1.0
34939,1.0
34940,1.0
34941,1.0
34942,1.0
34943,1.0
34944,1.0
34945,1.0
34946,1.0
34947,1.0
34948,1.0
34949,1.0
34950,1.0
34951,1.0
34952,0.0
34953,0.0
34954,0.0
34955,1.0
34956,1.0
34957,1.0
34958,1.0
34959,1.0
34960,1.0
34961,1.0
34962,1.0
34963,1.0
34964,1.0
34965,1.0
34966,1.0
34967,1.0
34968,1.0
34969,1.0
34970,1.0
34971,1.0
34972,1.0
34973,1.0
34974,1.0
34975,1.0
34976,1.0
34977,1.0
34978,1.0
34979,1.0
34980,1.0
34981,0.0
34982,1.0
34983,1.0
34984,1.0
34985,1.0
34986,1.0
34987,0.0
34988,1.0
34989,1.0
34990,1.0
34991,1.0
34992,1.0
34993,0.0
34994,1.0
34995,1.0
34996,1.0
34997,1.0
34998,1.0
34999,1.0
35000,1.0
35001,1.0
35002,1.0
35003,1.0
35004,1.0
35005,1.0
35006,1.0
35007,1.0
35008,1.0
35009,1.0
35010,1.0
35011,1.0
35012,1.0
35013,1.0
35014,1.0
35015,1.0
35016,1.0
35017,1.0
35018,1.0
35019,1.0
35020,1.0
35021,1.0
35022,1.0
35023,1.0
35024,1.0
35025,1.0
35026,1.0
35027,1.0
35028,1.0
35029,1.0
35030,1.0
35031,1.0
35032,1.0
35033,1.0
35034,0.0
35035,1.0
35036,1.0
35037,1.0
35038,1.0
35039,1.0
35040,1.0
35041,1.0
35042,1.0
35043,1.0
35044,1.0
35045,1.0
35046,1.0
35047,1.0
35048,1.0
35049,1.0
35050,0.0
35051,0.0
35052,0.0
35053,1.0
35054,1.0
35055,1.0
35056,1.0
35057,1.0
35058,1.0
35059,1.0
35060,1.0
35061,1.0
35062,1.0
35063,1.0
35064,1.0
35065,1.0
35066,1.0
35067,1.0
35068,1.0
35069,1.0
35070,1.0
35071,1.0
35072,1.0
35073,1.0
35074,1.0
35075,1.0
35076,1.0
35077,1.0
35078,1.0
35079,1.0
35080,0.0
35081,0.0
35082,1.0
35083,0.0
35084,1.0
35085,1.0
35086,1.0
35087,1.0
35088,1.0
35089,1.0
35090,1.0
35091,1.0
35092,1.0
35093,1.0
35094,1.0
35095,1.0
35096,1.0
35097,1.0
35098,1.0
35099,1.0
35100,1.0
35101,1.0
35102,1.0
35103,1.0
35104,1.0
35105,1.0
35106,1.0
35107,1.0
35108,1.0
35109,1.0
35110,1.0
35111,1.0
35112,1.0
35113,1.0
35114,1.0
35115,1.0
35116,1.0
35117,1.0
35118,1.0
35119,1.0
35120,1.0
35121,1.0
35122,1.0
35123,1.0
35124,1.0
35125,1.0
35126,1.0
35127,1.0
35128,1.0
35129,1.0
35130,1.0
35131,1.0
35132,1.0
35133,0.0
35134,0.0
35135,1.0
35136,0.0
35137,1.0
35138,1.0
35139,1.0
35140,1.0
35141,1.0
35142,1.0
35143,0.0
35144,0.0
35145,0.0
35146,0.0
35147,1.0
35148,1.0
35149,0.0
35150,1.0
35151,0.0
35152,0.0
35153,0.0
35154,0.0
35155,0.0
35156,0.0
35157,0.0
35158,0.0
35159,0.0
35160,0.0
35161,1.0
35162,1.0
35163,1.0
35164,1.0
35165,1.0
35166,1.0
35167,0.0
35168,0.0
35169,1.0
35170,1.0
35171,0.0
35172,0.0
35173,0.0
35174,0.0
35175,0.0
35176,0.0
35177,0.0
35178,0.0
35179,0.0
35180,0.0
35181,0.0
35182,0.0
35183,0.0
35184,0.0
35185,0.0
35186,1.0
35187,1.0
35188,1.0
35189,1.0
35190,1.0
35191,1.0
35192,1.0
35193,1.0
35194,1.0
35195,0.0
35196,1.0
35197,0.0
35198,1.0
35199,1.0
35200,0.0
35201,0.0
35202,0.0
35203,0.0
35204,0.0
35205,0.0
35206,0.0
35207,0.0
35208,0.0
35209,0.0
35210,0.0
35211,0.0
35212,0.0
35213,0.0
35214,0.0
35215,0.0
35216,0.0
35217,0.0
35218,0.0
35219,0.0
35220,0.0
35221,0.0
35222,0.0
35223,0.0
35224,0.0
35225,0.0
35226,0.0
35227,0.0
35228,1.0
35229,1.0
35230,1.0
35231,1.0
35232,1.0
35233,1.0
35234,1.0
35235,1.0
35236,1.0
35237,1.0
35238,1.0
35239,1.0
35240,1.0
35241,0.0
35242,1.0
35243,0.0
35244,1.0
35245,1.0
35246,0.0
35247,0.0
35248,0.0
35249,1.0
35250,1.0
35251,0.0
35252,0.0
35253,0.0
35254,0.0
35255,0.0
35256,0.0
35257,0.0
35258,0.0
35259,0.0
35260,0.0
35261,0.0
35262,0.0
35263,0.0
35264,0.0
35265,1.0
35266,1.0
35267,1.0
35268,1.0
35269,0.0
35270,0.0
35271,0.0
35272,0.0
35273,0.0
35274,0.0
35275,0.0
35276,0.0
35277,0.0
35278,0.0
35279,0.0
35280,0.0
35281,0.0
35282,0.0
35283,0.0
35284,0.0
35285,0.0
35286,0.0
35287,0.0
35288,0.0
35289,0.0
35290,0.0
35291,0.0
35292,0.0
35293,0.0
35294,0.0
35295,1.0
35296,0.0
35297,1.0
35298,1.0
35299,1.0
35300,0.0
35301,0.0
35302,0.0
35303,0.0
35304,0.0
35305,0.0
35306,0.0
35307,0.0
35308,0.0
35309,0.0
35310,0.0
35311,0.0
35312,0.0
35313,0.0
35314,0.0
35315,0.0
35316,0.0
35317,0.0
35318,0.0
35319,0.0
35320,0.0
35321,0.0
35322,0.0
35323,0.0
35324,0.0
35325,0.0
35326,0.0
35327,0.0
35328,0.0
35329,0.0
35330,0.0
35331,0.0
35332,0.0
35333,0.0
35334,0.0
35335,0.0
35336,0.0
35337,0.0
35338,0.0
35339,0.0
35340,0.0
35341,0.0
35342,0.0
35343,0.0
35344,0.0
35345,0.0
35346,0.0
35347,1.0
35348,0.0
35349,1.0
35350,1.0
35351,1.0
35352,0.0
35353,0.0
35354,0.0
35355,0.0
35356,1.0
35357,0.0
35358,0.0
35359,0.0
35360,0.0
35361,0.0
35362,0.0
35363,0.0
35364,0.0
35365,0.0
35366,1.0
35367,0.0
35368,1.0
35369,0.0
35370,0.0
35371,0.0
35372,0.0
35373,0.0
35374,0.0
35375,0.0
35376,0.0
35377,0.0
35378,0.0
35379,0.0
35380,0.0
35381,0.0
35382,0.0
35383,0.0
35384,0.0
35385,0.0
35386,0.0
35387,0.0
35388,0.0
35389,0.0
35390,1.0
35391,0.0
35392,0.0
35393,1.0
35394,0.0
35395,0.0
35396,0.0
35397,0.0
35398,0.0
35399,0.0
35400,0.0
35401,0.0
35402,0.0
35403,0.0
35404,0.0
35405,0.0
35406,0.0
35407,0.0
35408,0.0
35409,0.0
35410,0.0
35411,0.0
35412,0.0
35413,0.0
35414,0.0
35415,0.0
35416,0.0
35417,0.0
35418,0.0
35419,0.0
35420,0.0
35421,0.0
35422,0.0
35423,0.0
35424,0.0
35425,0.0
35426,0.0
35427,0.0
35428,0.0
35429,0.0
35430,0.0
35431,0.0
35432,0.0
35433,1.0
35434,0.0
35435,0.0
35436,1.0
35437,0.0
35438,0.0
35439,0.0
35440,0.0
35441,0.0
35442,1.0
35443,1.0
35444,0.0
35445,0.0
35446,0.0
35447,0.0
35448,0.0
35449,1.0
35450,1.0
35451,1.0
35452,1.0
35453,1.0
35454,1.0
35455,1.0
35456,0.0
35457,0.0
35458,0.0
35459,0.0
35460,0.0
35461,0.0
35462,0.0
35463,0.0
35464,0.0
35465,0.0
35466,0.0
35467,0.0
35468,1.0
35469,1.0
35470,1.0
35471,1.0
35472,1.0
35473,1.0
35474,1.0
35475,1.0
35476,1.0
35477,1.0
35478,1.0
35479,1.0
35480,1.0
35481,1.0
35482,1.0
35483,0.0
35484,0.0
35485,0.0
35486,0.0
35487,0.0
35488,0.0
35489,0.0
35490,0.0
35491,0.0
35492,0.0
35493,0.0
35494,0.0
35495,0.0
35496,0.0
35497,0.0
35498,0.0
35499,0.0
35500,1.0
35501,1.0
35502,1.0
35503,0.0
35504,0.0
35505,0.0
35506,1.0
35507,1.0
35508,1.0
35509,1.0
35510,1.0
35511,1.0
35512,1.0
35513,1.0
35514,1.0
35515,1.0
35516,1.0
35517,1.0
35518,1.0
35519,1.0
35520,1.0
35521,1.0
35522,1.0
35523,1.0
35524,1.0
35525,0.0
35526,0.0
35527,0.0
35528,0.0
35529,0.0
35530,0.0
35531,0.0
35532,0.0
35533,0.0
35534,0.0
35535,0.0
35536,0.0
35537,0.0
35538,0.0
35539,1.0
35540,0.0
35541,0.0
35542,1.0
35543,0.0
35544,1.0
35545,1.0
35546,1.0
35547,1.0
35548,1.0
35549,1.0
35550,0.0
35551,0.0
35552,0.0
35553,0.0
35554,0.0
35555,0.0
35556,0.0
35557,0.0
35558,1.0
35559,1.0
35560,0.0
35561,1.0
35562,1.0
35563,1.0
35564,1.0
35565,1.0
35566,1.0
35567,1.0
35568,1.0
35569,1.0
35570,0.0
35571,1.0
35572,1.0
35573,0.0
35574,0.0
35575,0.0
35576,0.0
35577,0.0
35578,0.0
35579,0.0
35580,0.0
35581,0.0
35582,0.0
35583,0.0
35584,0.0
35585,0.0
35586,0.0
35587,0.0
35588,0.0
35589,1.0
35590,1.0
35591,0.0
35592,1.0
35593,1.0
35594,1.0
35595,0.0
35596,0.0
35597,0.0
35598,0.0
35599,0.0
35600,1.0
35601,1.0
35602,1.0
35603,0.0
35604,0.0
35605,0.0
35606,0.0
35607,0.0
35608,1.0
35609,1.0
35610,1.0
35611,0.0
35612,0.0
35613,0.0
35614,0.0
35615,0.0
35616,1.0
35617,1.0
35618,0.0
35619,0.0
35620,0.0
35621,0.0
35622,0.0
35623,0.0
35624,0.0
35625,0.0
35626,0.0
35627,0.0
35628,0.0
35629,0.0
35630,0.0
35631,0.0
35632,0.0
35633,0.0
35634,0.0
35635,0.0
35636,0.0
35637,0.0
35638,0.0
35639,0.0
35640,1.0
35641,1.0
35642,0.0
35643,1.0
35644,0.0
35645,1.0
35646,0.0
35647,0.0
35648,0.0
35649,0.0
35650,0.0
35651,0.0
35652,0.0
35653,0.0
35654,0.0
35655,1.0
35656,1.0
35657,1.0
35658,0.0
35659,0.0
35660,0.0
35661,0.0
35662,0.0
35663,0.0
35664,0.0
35665,0.0
35666,0.0
35667,0.0
35668,0.0
35669,0.0
35670,0.0
35671,0.0
35672,0.0
35673,0.0
35674,0.0
35675,0.0
35676,0.0
35677,0.0
35678,0.0
35679,1.0
35680,1.0
35681,1.0
35682,1.0
35683,1.0
35684,0.0
35685,0.0
35686,0.0
35687,0.0
35688,0.0
35689,0.0
35690,0.0
35691,0.0
35692,0.0
35693,0.0
35694,0.0
35695,0.0
35696,0.0
35697,0.0
35698,0.0
35699,0.0
35700,0.0
35701,0.0
35702,0.0
35703,0.0
35704,0.0
35705,0.0
35706,0.0
35707,0.0
35708,0.0
35709,0.0
35710,0.0
35711,0.0
35712,0.0
35713,0.0
35714,0.0
35715,0.0
35716,0.0
35717,0.0
35718,0.0
35719,0.0
35720,0.0
35721,0.0
35722,0.0
35723,0.0
35724,0.0
35725,0.0
35726,1.0
35727,1.0
35728,1.0
35729,1.0
35730,1.0
35731,1.0
35732,0.0
35733,0.0
35734,1.0
35735,0.0
35736,1.0
35737,1.0
35738,0.0
35739,1.0
35740,1.0
35741,0.0
35742,0.0
35743,0.0
35744,0.0
35745,0.0
35746,1.0
35747,1.0
35748,1.0
35749,0.0
35750,0.0
35751,0.0
35752,1.0
35753,1.0
35754,1.0
35755,1.0
35756,1.0
35757,1.0
35758,1.0
35759,0.0
35760,1.0
35761,1.0
35762,0.0
35763,1.0
35764,0.0
35765,0.0
35766,0.0
35767,0.0
35768,0.0
35769,1.0
35770,0.0
35771,1.0
35772,1.0
35773,1.0
35774,0.0
35775,1.0
35776,1.0
35777,0.0
35778,0.0
35779,1.0
35780,1.0
35781,1.0
35782,1.0
35783,1.0
35784,1.0
35785,1.0
35786,1.0
35787,1.0
35788,1.0
35789,0.0
35790,1.0
35791,1.0
35792,0.0
35793,1.0
35794,1.0
35795,1.0
35796,1.0
35797,0.0
35798,1.0
35799,0.0
35800,1.0
35801,1.0
35802,1.0
35803,0.0
35804,0.0
35805,0.0
35806,0.0
35807,0.0
35808,1.0
35809,1.0
35810,1.0
35811,0.0
35812,1.0
35813,0.0
35814,1.0
35815,1.0
35816,1.0
35817,1.0
35818,1.0
35819,1.0
35820,1.0
35821,1.0
35822,0.0
35823,1.0
35824,1.0
35825,1.0
35826,0.0
35827,0.0
35828,1.0
35829,1.0
35830,1.0
35831,1.0
35832,1.0
35833,1.0
35834,1.0
35835,1.0
35836,1.0
35837,1.0
35838,0.0
35839,1.0
35840,1.0
35841,1.0
35842,1.0
35843,1.0
35844,1.0
35845,1.0
35846,1.0
35847,1.0
35848,1.0
35849,1.0
35850,1.0
35851,1.0
35852,1.0
35853,1.0
35854,1.0
35855,1.0
35856,1.0
35857,1.0
35858,1.0
35859,0.0
35860,1.0
35861,0.0
35862,0.0
35863,0.0
35864,0.0
35865,0.0
35866,0.0
35867,0.0
35868,1.0
35869,1.0
35870,1.0
35871,0.0
35872,0.0
35873,0.0
35874,0.0
35875,0.0
35876,0.0
35877,0.0
35878,0.0
35879,0.0
35880,1.0
35881,0.0
35882,0.0
35883,0.0
35884,1.0
35885,0.0
35886,1.0
35887,1.0
35888,1.0
35889,0.0
35890,0.0
35891,0.0
35892,1.0
35893,0.0
35894,0.0
35895,0.0
35896,1.0
35897,0.0
35898,0.0
35899,0.0
35900,1.0
35901,0.0
35902,0.0
35903,0.0
35904,1.0
35905,0.0
35906,0.0
35907,0.0
35908,1.0
35909,0.0
35910,0.0
35911,0.0
35912,1.0
35913,0.0
35914,0.0
35915,0.0
35916,1.0
35917,0.0
35918,0.0
35919,0.0
35920,1.0
35921,0.0
35922,1.0
35923,1.0
35924,1.0
35925,0.0
35926,1.0
35927,1.0
35928,1.0
35929,1.0
35930,0.0
35931,0.0
35932,0.0
35933,0.0
35934,0.0
35935,0.0
35936,1.0
35937,1.0
35938,1.0
35939,1.0
35940,1.0
35941,1.0
35942,1.0
35943,1.0
35944,1.0
35945,1.0
35946,1.0
35947,0.0
35948,0.0
35949,0.0
35950,0.0
35951,0.0
35952,1.0
35953,0.0
35954,0.0
35955,1.0
35956,1.0
35957,1.0
35958,1.0
35959,1.0
35960,1.0
35961,1.0
35962,1.0
35963,1.0
35964,1.0
35965,1.0
35966,1.0
35967,1.0
35968,1.0
35969,1.0
35970,1.0
35971,1.0
35972,1.0
35973,0.0
35974,0.0
35975,0.0
35976,1.0
35977,1.0
35978,1.0
35979,0.0
35980,0.0
35981,1.0
35982,1.0
35983,1.0
35984,1.0
35985,1.0
35986,1.0
35987,0.0
35988,0.0
35989,1.0
35990,1.0
35991,1.0
35992,1.0
35993,1.0
35994,1.0
35995,1.0
35996,1.0
35997,1.0
35998,1.0
35999,1.0
36000,1.0
36001,1.0
36002,1.0
36003,1.0
36004,1.0
36005,1.0
36006,1.0
36007,1.0
36008,1.0
36009,1.0
36010,1.0
36011,1.0
36012,1.0
36013,1.0
36014,1.0
36015,1.0
36016,0.0
36017,0.0
36018,1.0
36019,0.0
36020,0.0
36021,0.0
36022,0.0
36023,0.0
36024,0.0
36025,0.0
36026,1.0
36027,0.0
36028,0.0
36029,0.0
36030,0.0
36031,0.0
36032,0.0
36033,0.0
36034,0.0
36035,0.0
36036,0.0
36037,0.0
36038,0.0
36039,0.0
36040,0.0
36041,0.0
36042,0.0
36043,1.0
36044,0.0
36045,0.0
36046,0.0
36047,0.0
36048,0.0
36049,0.0
36050,0.0
36051,0.0
36052,0.0
36053,0.0
36054,0.0
36055,0.0
36056,0.0
36057,0.0
36058,0.0
36059,0.0
36060,0.0
36061,0.0
36062,0.0
36063,0.0
36064,0.0
36065,0.0
36066,0.0
36067,0.0
36068,0.0
36069,0.0
36070,0.0
36071,0.0
36072,0.0
36073,0.0
36074,1.0
36075,0.0
36076,0.0
36077,0.0
36078,0.0
36079,1.0
36080,1.0
36081,1.0
36082,0.0
36083,0.0
36084,0.0
36085,1.0
36086,1.0
36087,1.0
36088,1.0
36089,1.0
36090,1.0
36091,1.0
36092,1.0
36093,1.0
36094,1.0
36095,1.0
36096,1.0
36097,0.0
36098,0.0
36099,0.0
36100,0.0
36101,0.0
36102,0.0
36103,0.0
36104,1.0
36105,1.0
36106,1.0
36107,1.0
36108,1.0
36109,1.0
36110,1.0
36111,1.0
36112,1.0
36113,1.0
36114,1.0
36115,1.0
36116,1.0
36117,1.0
36118,1.0
36119,1.0
36120,1.0
36121,1.0
36122,1.0
36123,1.0
36124,0.0
36125,0.0
36126,0.0
36127,0.0
36128,0.0
36129,0.0
36130,0.0
36131,0.0
36132,1.0
36133,1.0
36134,1.0
36135,1.0
36136,1.0
36137,1.0
36138,1.0
36139,1.0
36140,1.0
36141,1.0
36142,1.0
36143,1.0
36144,1.0
36145,1.0
36146,1.0
36147,1.0
36148,1.0
36149,1.0
36150,1.0
36151,1.0
36152,1.0
36153,1.0
36154,1.0
36155,1.0
36156,0.0
36157,1.0
36158,1.0
36159,1.0
36160,1.0
36161,1.0
36162,1.0
36163,1.0
36164,1.0
36165,1.0
36166,0.0
36167,0.0
36168,0.0
36169,0.0
36170,0.0
36171,0.0
36172,0.0
36173,1.0
36174,1.0
36175,0.0
36176,1.0
36177,0.0
36178,1.0
36179,1.0
36180,1.0
36181,1.0
36182,1.0
36183,1.0
36184,0.0
36185,1.0
36186,1.0
36187,1.0
36188,1.0
36189,0.0
36190,0.0
36191,0.0
36192,0.0
36193,1.0
36194,1.0
36195,1.0
36196,1.0
36197,1.0
36198,1.0
36199,1.0
36200,1.0
36201,1.0
36202,1.0
36203,1.0
36204,1.0
36205,0.0
36206,1.0
36207,1.0
36208,1.0
36209,1.0
36210,1.0
36211,1.0
36212,1.0
36213,0.0
36214,0.0
36215,0.0
36216,0.0
36217,0.0
36218,1.0
36219,1.0
36220,1.0
36221,1.0
36222,1.0
36223,1.0
36224,1.0
36225,1.0
36226,1.0
36227,1.0
36228,1.0
36229,1.0
36230,1.0
36231,1.0
36232,1.0
36233,1.0
36234,1.0
36235,1.0
36236,1.0
36237,1.0
36238,1.0
36239,1.0
36240,1.0
36241,0.0
36242,1.0
36243,1.0
36244,1.0
36245,1.0
36246,1.0
36247,1.0
36248,1.0
36249,1.0
36250,1.0
36251,1.0
36252,0.0
36253,0.0
36254,0.0
36255,0.0
36256,0.0
36257,1.0
36258,1.0
36259,1.0
36260,1.0
36261,0.0
36262,1.0
36263,0.0
36264,0.0
36265,1.0
36266,0.0
36267,1.0
36268,1.0
36269,0.0
36270,1.0
36271,1.0
36272,1.0
36273,0.0
36274,0.0
36275,0.0
36276,0.0
36277,0.0
36278,1.0
36279,1.0
36280,1.0
36281,1.0
36282,1.0
36283,0.0
36284,0.0
36285,0.0
36286,1.0
36287,1.0
36288,1.0
36289,0.0
36290,0.0
36291,0.0
36292,1.0
36293,1.0
36294,1.0
36295,0.0
36296,1.0
36297,0.0
36298,0.0
36299,0.0
36300,0.0
36301,0.0
36302,1.0
36303,1.0
36304,1.0
36305,1.0
36306,1.0
36307,1.0
36308,1.0
36309,1.0
36310,1.0
36311,0.0
36312,0.0
36313,0.0
36314,0.0
36315,1.0
36316,1.0
36317,1.0
36318,0.0
36319,1.0
36320,1.0
36321,1.0
36322,1.0
36323,0.0
36324,0.0
36325,0.0
36326,0.0
36327,1.0
36328,1.0
36329,1.0
36330,0.0
36331,1.0
36332,1.0
36333,1.0
36334,1.0
36335,1.0
36336,0.0
36337,0.0
36338,0.0
36339,0.0
36340,0.0
36341,0.0
36342,0.0
36343,1.0
36344,1.0
36345,1.0
36346,1.0
36347,1.0
36348,1.0
36349,1.0
36350,1.0
36351,1.0
36352,0.0
36353,0.0
36354,0.0
36355,0.0
36356,1.0
36357,0.0
36358,0.0
36359,1.0
36360,0.0
36361,1.0
36362,1.0
36363,1.0
36364,0.0
36365,0.0
36366,0.0
36367,0.0
36368,0.0
36369,0.0
36370,1.0
36371,0.0
36372,0.0
36373,0.0
36374,0.0
36375,0.0
36376,1.0
36377,1.0
36378,1.0
36379,1.0
36380,1.0
36381,1.0
36382,1.0
36383,1.0
36384,1.0
36385,0.0
36386,0.0
36387,0.0
36388,0.0
36389,0.0
36390,0.0
36391,0.0
36392,0.0
36393,0.0
36394,0.0
36395,0.0
36396,0.0
36397,0.0
36398,1.0
36399,0.0
36400,0.0
36401,0.0
36402,0.0
36403,0.0
36404,0.0
36405,0.0
36406,0.0
36407,0.0
36408,1.0
36409,1.0
36410,1.0
36411,1.0
36412,1.0
36413,1.0
36414,1.0
36415,1.0
36416,1.0
36417,1.0
36418,1.0
36419,1.0
36420,0.0
36421,0.0
36422,0.0
36423,0.0
36424,0.0
36425,0.0
36426,0.0
36427,0.0
36428,0.0
36429,0.0
36430,0.0
36431,0.0
36432,0.0
36433,0.0
36434,0.0
36435,0.0
36436,0.0
36437,0.0
36438,0.0
36439,0.0
36440,0.0
36441,0.0
36442,0.0
36443,0.0
36444,0.0
36445,0.0
36446,0.0
36447,1.0
36448,0.0
36449,0.0
36450,0.0
36451,0.0
36452,1.0
36453,0.0
36454,0.0
36455,0.0
36456,0.0
36457,0.0
36458,1.0
36459,1.0
36460,1.0
36461,1.0
36462,1.0
36463,1.0
36464,1.0
36465,1.0
36466,1.0
36467,1.0
36468,1.0
36469,0.0
36470,1.0
36471,0.0
36472,0.0
36473,1.0
36474,0.0
36475,1.0
36476,1.0
36477,0.0
36478,1.0
36479,0.0
36480,0.0
36481,0.0
36482,1.0
36483,1.0
36484,1.0
36485,1.0
36486,1.0
36487,0.0
36488,0.0
36489,0.0
36490,0.0
36491,0.0
36492,0.0
36493,1.0
36494,1.0
36495,1.0
36496,1.0
36497,1.0
36498,0.0
36499,0.0
36500,1.0
36501,1.0
36502,1.0
36503,1.0
36504,0.0
36505,0.0
36506,1.0
36507,0.0
36508,1.0
36509,1.0
36510,1.0
36511,0.0
36512,1.0
36513,1.0
36514,1.0
36515,0.0
36516,0.0
36517,0.0
36518,0.0
36519,0.0
36520,0.0
36521,0.0
36522,0.0
36523,0.0
36524,0.0
36525,0.0
36526,0.0
36527,1.0
36528,1.0
36529,1.0
36530,1.0
36531,1.0
36532,0.0
36533,0.0
36534,1.0
36535,1.0
36536,1.0
36537,0.0
36538,0.0
36539,1.0
36540,1.0
36541,1.0
36542,1.0
36543,0.0
36544,1.0
36545,1.0
36546,0.0
36547,0.0
36548,1.0
36549,0.0
36550,0.0
36551,0.0
36552,1.0
36553,1.0
36554,1.0
36555,0.0
36556,1.0
36557,1.0
36558,1.0
36559,1.0
36560,0.0
36561,1.0
36562,1.0
36563,0.0
36564,0.0
36565,0.0
36566,0.0
36567,0.0
36568,0.0
36569,0.0
36570,0.0
36571,0.0
36572,0.0
36573,0.0
36574,0.0
36575,1.0
36576,1.0
36577,1.0
36578,1.0
36579,1.0
36580,1.0
36581,0.0
36582,0.0
36583,0.0
36584,1.0
36585,0.0
36586,0.0
36587,0.0
36588,0.0
36589,0.0
36590,0.0
36591,0.0
36592,0.0
36593,0.0
36594,0.0
36595,0.0
36596,0.0
36597,0.0
36598,0.0
36599,0.0
36600,0.0
36601,1.0
36602,0.0
36603,0.0
36604,0.0
36605,0.0
36606,0.0
36607,0.0
36608,0.0
36609,0.0
36610,0.0
36611,0.0
36612,0.0
36613,0.0
36614,0.0
36615,0.0
36616,0.0
36617,0.0
36618,0.0
36619,0.0
36620,0.0
36621,0.0
36622,0.0
36623,0.0
36624,0.0
36625,0.0
36626,0.0
36627,0.0
36628,0.0
36629,0.0
36630,0.0
36631,0.0
36632,0.0
36633,0.0
36634,0.0
36635,0.0
36636,1.0
36637,0.0
36638,0.0
36639,0.0
36640,0.0
36641,0.0
36642,0.0
36643,0.0
36644,0.0
36645,0.0
36646,0.0
36647,0.0
36648,0.0
36649,0.0
36650,0.0
36651,0.0
36652,0.0
36653,0.0
36654,0.0
36655,0.0
36656,0.0
36657,0.0
36658,0.0
36659,0.0
36660,0.0
36661,0.0
36662,0.0
36663,0.0
36664,0.0
36665,0.0
36666,0.0
36667,0.0
36668,0.0
36669,0.0
36670,0.0
36671,0.0
36672,0.0
36673,0.0
36674,0.0
36675,0.0
36676,0.0
36677,1.0
36678,0.0
36679,0.0
36680,1.0
36681,1.0
36682,1.0
36683,1.0
36684,0.0
36685,0.0
36686,0.0
36687,0.0
36688,0.0
36689,0.0
36690,0.0
36691,0.0
36692,1.0
36693,1.0
36694,1.0
36695,1.0
36696,1.0
36697,1.0
36698,1.0
36699,0.0
36700,0.0
36701,0.0
36702,0.0
36703,0.0
36704,0.0
36705,0.0
36706,0.0
36707,0.0
36708,0.0
36709,0.0
36710,0.0
36711,0.0
36712,0.0
36713,1.0
36714,1.0
36715,1.0
36716,1.0
36717,0.0
36718,0.0
36719,0.0
36720,1.0
36721,0.0
36722,0.0
36723,0.0
36724,1.0
36725,0.0
36726,0.0
36727,0.0
36728,1.0
36729,0.0
36730,0.0
36731,0.0
36732,0.0
36733,0.0
36734,0.0
36735,0.0
36736,0.0
36737,0.0
36738,0.0
36739,0.0
36740,0.0
36741,0.0
36742,0.0
36743,0.0
36744,0.0
36745,0.0
36746,0.0
36747,1.0
36748,1.0
36749,1.0
36750,0.0
36751,1.0
36752,0.0
36753,0.0
36754,1.0
36755,1.0
36756,0.0
36757,0.0
36758,1.0
36759,0.0
36760,1.0
36761,1.0
36762,1.0
36763,1.0
36764,0.0
36765,0.0
36766,0.0
36767,0.0
36768,1.0
36769,1.0
36770,1.0
36771,1.0
36772,1.0
36773,1.0
36774,0.0
36775,1.0
36776,0.0
36777,1.0
36778,0.0
36779,1.0
36780,0.0
36781,1.0
36782,1.0
36783,1.0
36784,1.0
36785,1.0
36786,1.0
36787,0.0
36788,0.0
36789,0.0
36790,0.0
36791,1.0
36792,1.0
36793,0.0
36794,1.0
36795,1.0
36796,1.0
36797,1.0
36798,1.0
36799,1.0
36800,1.0
36801,0.0
36802,1.0
36803,1.0
36804,1.0
36805,0.0
36806,1.0
36807,1.0
36808,1.0
36809,0.0
36810,1.0
36811,0.0
36812,1.0
36813,1.0
36814,0.0
36815,1.0
36816,1.0
36817,1.0
36818,1.0
36819,1.0
36820,1.0
36821,1.0
36822,1.0
36823,1.0
36824,1.0
36825,0.0
36826,0.0
36827,0.0
36828,0.0
36829,1.0
36830,1.0
36831,1.0
36832,0.0
36833,1.0
36834,1.0
36835,1.0
36836,1.0
36837,1.0
36838,1.0
36839,1.0
36840,1.0
36841,1.0
36842,1.0
36843,0.0
36844,1.0
36845,0.0
36846,1.0
36847,1.0
36848,1.0
36849,1.0
36850,1.0
36851,1.0
36852,1.0
36853,1.0
36854,1.0
36855,1.0
36856,0.0
36857,1.0
36858,0.0
36859,1.0
36860,1.0
36861,1.0
36862,1.0
36863,0.0
36864,1.0
36865,1.0
36866,1.0
36867,1.0
36868,1.0
36869,1.0
36870,1.0
36871,1.0
36872,1.0
36873,1.0
36874,1.0
36875,1.0
36876,1.0
36877,1.0
36878,1.0
36879,1.0
36880,1.0
36881,1.0
36882,0.0
36883,1.0
36884,1.0
36885,0.0
36886,1.0
36887,1.0
36888,1.0
36889,1.0
36890,1.0
36891,1.0
36892,1.0
36893,0.0
36894,1.0
36895,1.0
36896,1.0
36897,1.0
36898,1.0
36899,1.0
36900,1.0
36901,1.0
36902,1.0
36903,1.0
36904,1.0
36905,1.0
36906,1.0
36907,1.0
36908,1.0
36909,1.0
36910,1.0
36911,1.0
36912,1.0
36913,1.0
36914,1.0
36915,1.0
36916,1.0
36917,1.0
36918,1.0
36919,1.0
36920,1.0
36921,1.0
36922,1.0
36923,1.0
36924,1.0
36925,1.0
36926,0.0
36927,1.0
36928,1.0
36929,1.0
36930,0.0
36931,1.0
36932,1.0
36933,1.0
36934,1.0
36935,1.0
36936,1.0
36937,1.0
36938,0.0
36939,1.0
36940,1.0
36941,1.0
36942,1.0
36943,1.0
36944,0.0
36945,1.0
36946,1.0
36947,1.0
36948,1.0
36949,0.0
36950,1.0
36951,1.0
36952,0.0
36953,1.0
36954,1.0
36955,1.0
36956,1.0
36957,1.0
36958,1.0
36959,0.0
36960,1.0
36961,1.0
36962,1.0
36963,1.0
36964,0.0
36965,1.0
36966,1.0
36967,1.0
36968,1.0
36969,0.0
36970,1.0
36971,1.0
36972,1.0
36973,1.0
36974,1.0
36975,1.0
36976,1.0
36977,1.0
36978,1.0
36979,1.0
36980,0.0
36981,1.0
36982,1.0
36983,1.0
36984,1.0
36985,1.0
36986,1.0
36987,1.0
36988,0.0
36989,1.0
36990,1.0
36991,1.0
36992,1.0
36993,1.0
36994,0.0
36995,1.0
36996,1.0
36997,1.0
36998,0.0
36999,1.0
37000,0.0
37001,1.0
37002,0.0
37003,0.0
37004,0.0
37005,1.0
37006,1.0
37007,1.0
37008,1.0
37009,1.0
37010,1.0
37011,1.0
37012,1.0
37013,1.0
37014,1.0
37015,0.0
37016,0.0
37017,0.0
37018,1.0
37019,1.0
37020,1.0
37021,0.0
37022,0.0
37023,0.0
37024,1.0
37025,1.0
37026,1.0
37027,1.0
37028,1.0
37029,1.0
37030,1.0
37031,1.0
37032,1.0
37033,1.0
37034,1.0
37035,1.0
37036,1.0
37037,1.0
37038,1.0
37039,1.0
37040,1.0
37041,1.0
37042,1.0
37043,1.0
37044,0.0
37045,1.0
37046,0.0
37047,0.0
37048,1.0
37049,1.0
37050,1.0
37051,0.0
37052,0.0
37053,0.0
37054,1.0
37055,1.0
37056,1.0
37057,1.0
37058,1.0
37059,1.0
37060,1.0
37061,1.0
37062,1.0
37063,1.0
37064,1.0
37065,1.0
37066,1.0
37067,1.0
37068,1.0
37069,1.0
37070,1.0
37071,1.0
37072,1.0
37073,1.0
37074,1.0
37075,1.0
37076,1.0
37077,1.0
37078,1.0
37079,1.0
37080,1.0
37081,1.0
37082,1.0
37083,1.0
37084,1.0
37085,1.0
37086,1.0
37087,1.0
37088,1.0
37089,1.0
37090,1.0
37091,1.0
37092,1.0
37093,1.0
37094,0.0
37095,1.0
37096,0.0
37097,0.0
37098,1.0
37099,1.0
37100,1.0
37101,1.0
37102,1.0
37103,1.0
37104,1.0
37105,1.0
37106,1.0
37107,1.0
37108,1.0
37109,1.0
37110,1.0
37111,1.0
37112,1.0
37113,1.0
37114,1.0
37115,1.0
37116,1.0
37117,1.0
37118,1.0
37119,1.0
37120,1.0
37121,1.0
37122,1.0
37123,1.0
37124,1.0
37125,1.0
37126,1.0
37127,1.0
37128,1.0
37129,1.0
37130,1.0
37131,1.0
37132,1.0
37133,1.0
37134,1.0
37135,1.0
37136,1.0
37137,1.0
37138,1.0
37139,1.0
37140,1.0
37141,1.0
37142,1.0
37143,1.0
37144,1.0
37145,1.0
37146,1.0
37147,1.0
37148,1.0
37149,1.0
37150,1.0
37151,1.0
37152,1.0
37153,1.0
37154,1.0
37155,1.0
37156,1.0
37157,1.0
37158,1.0
37159,1.0
37160,1.0
37161,1.0
37162,1.0
37163,1.0
37164,1.0
37165,1.0
37166,1.0
37167,1.0
37168,1.0
37169,1.0
37170,1.0
37171,1.0
37172,1.0
37173,1.0
37174,1.0
37175,1.0
37176,1.0
37177,0.0
37178,0.0
37179,1.0
37180,1.0
37181,1.0
37182,0.0
37183,0.0
37184,0.0
37185,0.0
37186,0.0
37187,0.0
37188,0.0
37189,0.0
37190,0.0
37191,1.0
37192,1.0
37193,1.0
37194,1.0
37195,1.0
37196,1.0
37197,1.0
37198,1.0
37199,0.0
37200,0.0
37201,0.0
37202,1.0
37203,0.0
37204,0.0
37205,0.0
37206,0.0
37207,0.0
37208,0.0
37209,0.0
37210,0.0
37211,0.0
37212,0.0
37213,0.0
37214,0.0
37215,0.0
37216,0.0
37217,0.0
37218,0.0
37219,1.0
37220,1.0
37221,1.0
37222,1.0
37223,1.0
37224,1.0
37225,1.0
37226,1.0
37227,1.0
37228,1.0
37229,1.0
37230,1.0
37231,1.0
37232,1.0
37233,0.0
37234,0.0
37235,0.0
37236,1.0
37237,0.0
37238,0.0
37239,0.0
37240,0.0
37241,0.0
37242,0.0
37243,0.0
37244,0.0
37245,0.0
37246,0.0
37247,0.0
37248,0.0
37249,0.0
37250,0.0
37251,0.0
37252,0.0
37253,0.0
37254,0.0
37255,0.0
37256,0.0
37257,0.0
37258,0.0
37259,0.0
37260,0.0
37261,0.0
37262,0.0
37263,0.0
37264,0.0
37265,0.0
37266,0.0
37267,0.0
37268,0.0
37269,0.0
37270,0.0
37271,1.0
37272,1.0
37273,1.0
37274,1.0
37275,1.0
37276,1.0
37277,1.0
37278,1.0
37279,1.0
37280,1.0
37281,1.0
37282,1.0
37283,1.0
37284,1.0
37285,1.0
37286,1.0
37287,1.0
37288,0.0
37289,0.0
37290,0.0
37291,0.0
37292,1.0
37293,1.0
37294,0.0
37295,0.0
37296,1.0
37297,0.0
37298,0.0
37299,0.0
37300,0.0
37301,0.0
37302,0.0
37303,1.0
37304,1.0
37305,1.0
37306,1.0
37307,1.0
37308,1.0
37309,0.0
37310,0.0
37311,0.0
37312,0.0
37313,0.0
37314,0.0
37315,0.0
37316,1.0
37317,0.0
37318,0.0
37319,0.0
37320,0.0
37321,0.0
37322,0.0
37323,0.0
37324,0.0
37325,0.0
37326,1.0
37327,1.0
37328,1.0
37329,1.0
37330,1.0
37331,0.0
37332,1.0
37333,1.0
37334,0.0
37335,1.0
37336,0.0
37337,0.0
37338,0.0
37339,0.0
37340,0.0
37341,0.0
37342,0.0
37343,0.0
37344,0.0
37345,0.0
37346,1.0
37347,0.0
37348,0.0
37349,0.0
37350,0.0
37351,1.0
37352,0.0
37353,0.0
37354,0.0
37355,0.0
37356,0.0
37357,0.0
37358,1.0
37359,0.0
37360,0.0
37361,0.0
37362,0.0
37363,0.0
37364,0.0
37365,0.0
37366,1.0
37367,0.0
37368,0.0
37369,0.0
37370,0.0
37371,1.0
37372,1.0
37373,0.0
37374,0.0
37375,1.0
37376,1.0
37377,0.0
37378,0.0
37379,1.0
37380,1.0
37381,0.0
37382,0.0
37383,1.0
37384,0.0
37385,0.0
37386,0.0
37387,0.0
37388,0.0
37389,0.0
37390,0.0
37391,0.0
37392,0.0
37393,0.0
37394,1.0
37395,0.0
37396,0.0
37397,1.0
37398,1.0
37399,1.0
37400,0.0
37401,0.0
37402,0.0
37403,1.0
37404,1.0
37405,0.0
37406,1.0
37407,1.0
37408,1.0
37409,1.0
37410,1.0
37411,1.0
37412,1.0
37413,1.0
37414,1.0
37415,0.0
37416,0.0
37417,0.0
37418,0.0
37419,0.0
37420,1.0
37421,1.0
37422,1.0
37423,0.0
37424,1.0
37425,1.0
37426,1.0
37427,1.0
37428,1.0
37429,1.0
37430,1.0
37431,1.0
37432,1.0
37433,1.0
37434,1.0
37435,1.0
37436,1.0
37437,1.0
37438,1.0
37439,1.0
37440,1.0
37441,0.0
37442,0.0
37443,0.0
37444,0.0
37445,0.0
37446,0.0
37447,1.0
37448,1.0
37449,1.0
37450,1.0
37451,1.0
37452,1.0
37453,1.0
37454,1.0
37455,1.0
37456,1.0
37457,1.0
37458,1.0
37459,1.0
37460,0.0
37461,1.0
37462,1.0
37463,1.0
37464,1.0
37465,1.0
37466,1.0
37467,1.0
37468,1.0
37469,1.0
37470,1.0
37471,1.0
37472,1.0
37473,1.0
37474,1.0
37475,1.0
37476,1.0
37477,1.0
37478,1.0
37479,1.0
37480,1.0
37481,1.0
37482,0.0
37483,1.0
37484,1.0
37485,0.0
37486,0.0
37487,0.0
37488,0.0
37489,0.0
37490,1.0
37491,1.0
37492,1.0
37493,1.0
37494,1.0
37495,1.0
37496,0.0
37497,0.0
37498,0.0
37499,0.0
37500,0.0
37501,0.0
37502,0.0
37503,0.0
37504,0.0
37505,1.0
37506,0.0
37507,1.0
37508,1.0
37509,0.0
37510,1.0
37511,1.0
37512,1.0
37513,1.0
37514,1.0
37515,1.0
37516,1.0
37517,1.0
37518,0.0
37519,0.0
37520,0.0
37521,0.0
37522,0.0
37523,0.0
37524,1.0
37525,1.0
37526,0.0
37527,0.0
37528,1.0
37529,1.0
37530,0.0
37531,0.0
37532,1.0
37533,1.0
37534,0.0
37535,0.0
37536,0.0
37537,1.0
37538,1.0
37539,0.0
37540,0.0
37541,1.0
37542,1.0
37543,0.0
37544,1.0
37545,1.0
37546,1.0
37547,1.0
37548,1.0
37549,1.0
37550,1.0
37551,1.0
37552,0.0
37553,0.0
37554,0.0
37555,0.0
37556,0.0
37557,0.0
37558,1.0
37559,1.0
37560,1.0
37561,0.0
37562,0.0
37563,1.0
37564,1.0
37565,1.0
37566,1.0
37567,1.0
37568,1.0
37569,1.0
37570,1.0
37571,1.0
37572,1.0
37573,1.0
37574,1.0
37575,1.0
37576,0.0
37577,0.0
37578,1.0
37579,1.0
37580,1.0
37581,1.0
37582,1.0
37583,1.0
37584,1.0
37585,1.0
37586,1.0
37587,1.0
37588,1.0
37589,1.0
37590,1.0
37591,1.0
37592,1.0
37593,1.0
37594,1.0
37595,1.0
37596,1.0
37597,1.0
37598,1.0
37599,1.0
37600,1.0
37601,1.0
37602,1.0
37603,1.0
37604,0.0
37605,0.0
37606,1.0
37607,1.0
37608,1.0
37609,1.0
37610,1.0
37611,1.0
37612,1.0
37613,1.0
37614,1.0
37615,1.0
37616,1.0
37617,1.0
37618,1.0
37619,1.0
37620,1.0
37621,1.0
37622,1.0
37623,1.0
37624,1.0
37625,1.0
37626,1.0
37627,1.0
37628,1.0
37629,1.0
37630,1.0
37631,1.0
37632,1.0
37633,1.0
37634,1.0
37635,1.0
37636,1.0
37637,1.0
37638,1.0
37639,1.0
37640,1.0
37641,1.0
37642,1.0
37643,1.0
37644,1.0
37645,1.0
37646,1.0
37647,1.0
37648,1.0
37649,1.0
37650,1.0
37651,1.0
37652,1.0
37653,1.0
37654,1.0
37655,1.0
37656,1.0
37657,1.0
37658,1.0
37659,1.0
37660,1.0
37661,1.0
37662,1.0
37663,1.0
37664,1.0
37665,1.0
37666,1.0
37667,1.0
37668,1.0
37669,1.0
37670,1.0
37671,1.0
37672,1.0
37673,1.0
37674,1.0
37675,1.0
37676,1.0
37677,1.0
37678,1.0
37679,1.0
37680,1.0
37681,1.0
37682,1.0
37683,1.0
37684,1.0
37685,1.0
37686,1.0
37687,1.0
37688,1.0
37689,1.0
37690,1.0
37691,1.0
37692,1.0
37693,1.0
37694,1.0
37695,1.0
37696,1.0
37697,1.0
37698,1.0
37699,1.0
37700,1.0
37701,1.0
37702,1.0
37703,1.0
37704,1.0
37705,1.0
37706,1.0
37707,1.0
37708,1.0
37709,1.0
37710,1.0
37711,1.0
37712,1.0
37713,1.0
37714,1.0
37715,1.0
37716,1.0
37717,1.0
37718,1.0
37719,1.0
37720,1.0
37721,1.0
37722,1.0
37723,1.0
37724,1.0
37725,1.0
37726,1.0
37727,1.0
37728,1.0
37729,1.0
37730,1.0
37731,1.0
37732,1.0
37733,1.0
37734,1.0
37735,1.0
37736,1.0
37737,1.0
37738,1.0
37739,1.0
37740,1.0
37741,1.0
37742,1.0
37743,1.0
37744,1.0
37745,1.0
37746,1.0
37747,1.0
37748,1.0
37749,1.0
37750,1.0
37751,1.0
37752,1.0
37753,1.0
37754,1.0
37755,1.0
37756,1.0
37757,1.0
37758,1.0
37759,1.0
37760,1.0
37761,1.0
37762,1.0
37763,1.0
37764,1.0
37765,1.0
37766,1.0
37767,1.0
37768,1.0
37769,1.0
37770,1.0
37771,1.0
37772,1.0
37773,1.0
37774,1.0
37775,1.0
37776,1.0
37777,1.0
37778,1.0
37779,1.0
37780,1.0
37781,1.0
37782,1.0
37783,1.0
37784,1.0
37785,1.0
37786,1.0
37787,1.0
37788,1.0
37789,1.0
37790,1.0
37791,1.0
37792,1.0
37793,1.0
37794,1.0
37795,1.0
37796,1.0
37797,1.0
37798,1.0
37799,1.0
37800,1.0
37801,1.0
37802,1.0
37803,1.0
37804,1.0
37805,1.0
37806,1.0
37807,1.0
37808,1.0
37809,1.0
37810,1.0
37811,1.0
37812,1.0
37813,1.0
37814,1.0
37815,1.0
37816,1.0
37817,1.0
37818,1.0
37819,1.0
37820,1.0
37821,1.0
37822,1.0
37823,1.0
37824,1.0
37825,1.0
37826,1.0
37827,1.0
37828,1.0
37829,1.0
37830,1.0
37831,1.0
37832,1.0
37833,1.0
37834,1.0
37835,1.0
37836,1.0
37837,1.0
37838,1.0
37839,1.0
37840,1.0
37841,1.0
37842,1.0
37843,1.0
37844,1.0
37845,1.0
37846,1.0
37847,1.0
37848,1.0
37849,1.0
37850,1.0
37851,1.0
37852,1.0
37853,1.0
37854,1.0
37855,1.0
37856,1.0
37857,1.0
37858,1.0
37859,1.0
37860,1.0
37861,1.0
37862,1.0
37863,1.0
37864,1.0
37865,1.0
37866,1.0
37867,1.0
37868,1.0
37869,1.0
37870,1.0
37871,1.0
37872,1.0
37873,1.0
37874,1.0
37875,1.0
37876,1.0
37877,1.0
37878,1.0
37879,1.0
37880,1.0
37881,1.0
37882,1.0
37883,1.0
37884,1.0
37885,1.0
37886,1.0
37887,1.0
37888,1.0
37889,1.0
37890,1.0
37891,1.0
37892,1.0
37893,1.0
37894,1.0
37895,1.0
37896,1.0
37897,1.0
37898,1.0
37899,1.0
37900,1.0
37901,1.0
37902,1.0
37903,1.0
37904,1.0
37905,1.0
37906,1.0
37907,1.0
37908,1.0
37909,1.0
37910,1.0
37911,1.0
37912,1.0
37913,1.0
37914,1.0
37915,1.0
37916,1.0
37917,1.0
37918,1.0
37919,1.0
37920,1.0
37921,1.0
37922,1.0
37923,1.0
37924,1.0
37925,1.0
37926,1.0
37927,1.0
37928,1.0
37929,1.0
37930,1.0
37931,1.0
37932,1.0
37933,1.0
37934,1.0
37935,1.0
37936,1.0
37937,1.0
37938,1.0
37939,1.0
37940,1.0
37941,1.0
37942,1.0
37943,1.0
37944,1.0
37945,1.0
37946,1.0
37947,1.0
37948,1.0
37949,1.0
37950,1.0
37951,1.0
37952,1.0
37953,1.0
37954,1.0
37955,1.0
37956,1.0
37957,1.0
37958,1.0
37959,1.0
37960,1.0
37961,1.0
37962,1.0
37963,1.0
37964,1.0
37965,1.0
37966,1.0
37967,1.0
37968,1.0
37969,1.0
37970,1.0
37971,1.0
37972,1.0
37973,1.0
37974,1.0
37975,1.0
37976,1.0
37977,1.0
37978,1.0
37979,1.0
37980,1.0
37981,1.0
37982,1.0
37983,1.0
37984,1.0
37985,1.0
37986,1.0
37987,1.0
37988,1.0
37989,1.0
37990,1.0
37991,1.0
37992,1.0
37993,1.0
37994,1.0
37995,1.0
37996,1.0
37997,1.0
37998,1.0
37999,1.0
38000,1.0
38001,1.0
38002,1.0
38003,1.0
38004,1.0
38005,1.0
38006,1.0
38007,0.0
38008,1.0
38009,1.0
38010,1.0
38011,1.0
38012,1.0
38013,1.0
38014,1.0
38015,1.0
38016,1.0
38017,1.0
38018,1.0
38019,1.0
38020,0.0
38021,0.0
38022,1.0
38023,1.0
38024,1.0
38025,1.0
38026,1.0
38027,1.0
38028,1.0
38029,1.0
38030,1.0
38031,1.0
38032,1.0
38033,1.0
38034,1.0
38035,1.0
38036,1.0
38037,1.0
38038,1.0
38039,1.0
38040,1.0
38041,1.0
38042,1.0
38043,1.0
38044,1.0
38045,1.0
38046,1.0
38047,1.0
38048,1.0
38049,1.0
38050,1.0
38051,0.0
38052,0.0
38053,1.0
38054,1.0
38055,1.0
38056,1.0
38057,1.0
38058,1.0
38059,1.0
38060,1.0
38061,1.0
38062,1.0
38063,1.0
38064,1.0
38065,1.0
38066,1.0
38067,1.0
38068,1.0
38069,1.0
38070,1.0
38071,1.0
38072,1.0
38073,1.0
38074,1.0
38075,1.0
38076,1.0
38077,1.0
38078,1.0
38079,1.0
38080,1.0
38081,1.0
38082,1.0
38083,1.0
38084,1.0
38085,1.0
38086,1.0
38087,1.0
38088,1.0
38089,1.0
38090,1.0
38091,1.0
38092,1.0
38093,1.0
38094,1.0
38095,1.0
38096,1.0
38097,1.0
38098,1.0
38099,1.0
38100,1.0
38101,1.0
38102,1.0
38103,1.0
38104,1.0
38105,0.0
38106,0.0
38107,1.0
38108,1.0
38109,1.0
38110,1.0
38111,1.0
38112,1.0
38113,1.0
38114,1.0
38115,1.0
38116,1.0
38117,1.0
38118,1.0
38119,0.0
38120,1.0
38121,0.0
38122,1.0
38123,1.0
38124,1.0
38125,1.0
38126,1.0
38127,1.0
38128,1.0
38129,1.0
38130,1.0
38131,0.0
38132,1.0
38133,1.0
38134,1.0
38135,0.0
38136,0.0
38137,0.0
38138,1.0
38139,1.0
38140,1.0
38141,1.0
38142,1.0
38143,1.0
38144,1.0
38145,1.0
38146,1.0
38147,1.0
38148,1.0
38149,1.0
38150,1.0
38151,1.0
38152,1.0
38153,1.0
38154,1.0
38155,1.0
38156,1.0
38157,0.0
38158,0.0
38159,1.0
38160,1.0
38161,1.0
38162,0.0
38163,0.0
38164,0.0
38165,1.0
38166,1.0
38167,1.0
38168,1.0
38169,1.0
38170,1.0
38171,1.0
38172,1.0
38173,1.0
38174,1.0
38175,1.0
38176,1.0
38177,1.0
38178,1.0
38179,1.0
38180,1.0
38181,1.0
38182,1.0
38183,1.0
38184,1.0
38185,1.0
38186,1.0
38187,1.0
38188,1.0
38189,1.0
38190,1.0
38191,1.0
38192,1.0
38193,1.0
38194,1.0
38195,1.0
38196,1.0
38197,1.0
38198,1.0
38199,1.0
38200,1.0
38201,1.0
38202,1.0
38203,1.0
38204,0.0
38205,0.0
38206,1.0
38207,1.0
38208,1.0
38209,0.0
38210,0.0
38211,0.0
38212,1.0
38213,1.0
38214,1.0
38215,0.0
38216,1.0
38217,1.0
38218,1.0
38219,1.0
38220,1.0
38221,1.0
38222,1.0
38223,1.0
38224,1.0
38225,1.0
38226,1.0
38227,1.0
38228,1.0
38229,1.0
38230,0.0
38231,1.0
38232,1.0
38233,1.0
38234,1.0
38235,1.0
38236,1.0
38237,1.0
38238,1.0
38239,1.0
38240,1.0
38241,1.0
38242,1.0
38243,1.0
38244,1.0
38245,1.0
38246,1.0
38247,1.0
38248,1.0
38249,1.0
38250,1.0
38251,1.0
38252,1.0
38253,1.0
38254,1.0
38255,1.0
38256,1.0
38257,1.0
38258,1.0
38259,0.0
38260,1.0
38261,1.0
38262,1.0
38263,1.0
38264,1.0
38265,1.0
38266,1.0
38267,1.0
38268,1.0
38269,1.0
38270,1.0
38271,1.0
38272,1.0
38273,1.0
38274,1.0
38275,1.0
38276,1.0
38277,1.0
38278,1.0
38279,1.0
38280,1.0
38281,1.0
38282,1.0
38283,1.0
38284,1.0
38285,1.0
38286,1.0
38287,1.0
38288,1.0
38289,1.0
38290,1.0
38291,1.0
38292,1.0
38293,1.0
38294,1.0
38295,1.0
38296,1.0
38297,1.0
38298,1.0
38299,1.0
38300,1.0
38301,1.0
38302,1.0
38303,1.0
38304,1.0
38305,1.0
38306,1.0
38307,1.0
38308,1.0
38309,0.0
38310,1.0
38311,0.0
38312,1.0
38313,1.0
38314,1.0
38315,1.0
38316,1.0
38317,1.0
38318,1.0
38319,1.0
38320,1.0
38321,1.0
38322,1.0
38323,1.0
38324,0.0
38325,0.0
38326,1.0
38327,1.0
38328,1.0
38329,1.0
38330,1.0
38331,1.0
38332,1.0
38333,1.0
38334,1.0
38335,1.0
38336,1.0
38337,1.0
38338,1.0
38339,1.0
38340,1.0
38341,1.0
38342,1.0
38343,1.0
38344,1.0
38345,1.0
38346,1.0
38347,1.0
38348,1.0
38349,1.0
38350,0.0
38351,1.0
38352,1.0
38353,0.0
38354,1.0
38355,1.0
38356,1.0
38357,1.0
38358,1.0
38359,1.0
38360,1.0
38361,1.0
38362,1.0
38363,1.0
38364,1.0
38365,1.0
38366,1.0
38367,1.0
38368,1.0
38369,1.0
38370,1.0
38371,1.0
38372,1.0
38373,1.0
38374,1.0
38375,1.0
38376,1.0
38377,1.0
38378,1.0
38379,1.0
38380,1.0
38381,1.0
38382,1.0
38383,1.0
38384,1.0
38385,1.0
38386,1.0
38387,1.0
38388,1.0
38389,1.0
38390,1.0
38391,1.0
38392,1.0
38393,1.0
38394,1.0
38395,1.0
38396,1.0
38397,1.0
38398,1.0
38399,1.0
38400,0.0
38401,1.0
38402,1.0
38403,0.0
38404,1.0
38405,1.0
38406,1.0
38407,1.0
38408,1.0
38409,1.0
38410,1.0
38411,1.0
38412,1.0
38413,1.0
38414,1.0
38415,1.0
38416,1.0
38417,1.0
38418,1.0
38419,1.0
38420,1.0
38421,1.0
38422,1.0
38423,1.0
38424,1.0
38425,1.0
38426,1.0
38427,1.0
38428,1.0
38429,1.0
38430,1.0
38431,1.0
38432,1.0
38433,1.0
38434,1.0
38435,1.0
38436,1.0
38437,1.0
38438,1.0
38439,1.0
38440,1.0
38441,1.0
38442,1.0
38443,1.0
38444,1.0
38445,1.0
38446,1.0
38447,1.0
38448,1.0
38449,1.0
38450,1.0
38451,1.0
38452,1.0
38453,1.0
38454,1.0
38455,1.0
38456,1.0
38457,1.0
38458,1.0
38459,1.0
38460,1.0
38461,1.0
38462,1.0
38463,1.0
38464,1.0
38465,1.0
38466,1.0
38467,1.0
38468,1.0
38469,1.0
38470,1.0
38471,1.0
38472,1.0
38473,1.0
38474,1.0
38475,1.0
38476,1.0
38477,1.0
38478,1.0
38479,1.0
38480,1.0
38481,1.0
38482,1.0
38483,1.0
38484,1.0
38485,1.0
38486,1.0
38487,1.0
38488,1.0
38489,1.0
38490,1.0
38491,1.0
38492,1.0
38493,1.0
38494,1.0
38495,1.0
38496,1.0
38497,1.0
38498,1.0
38499,1.0
38500,1.0
38501,1.0
38502,1.0
38503,1.0
38504,1.0
38505,1.0
38506,1.0
38507,1.0
38508,1.0
38509,1.0
38510,1.0
38511,1.0
38512,1.0
38513,1.0
38514,1.0
38515,1.0
38516,1.0
38517,1.0
38518,1.0
38519,1.0
38520,1.0
38521,1.0
38522,1.0
38523,1.0
38524,1.0
38525,1.0
38526,1.0
38527,1.0
38528,1.0
38529,1.0
38530,1.0
38531,1.0
38532,1.0
38533,1.0
38534,1.0
38535,1.0
38536,1.0
38537,1.0
38538,1.0
38539,1.0
38540,1.0
38541,1.0
38542,1.0
38543,1.0
38544,1.0
38545,1.0
38546,1.0
38547,1.0
38548,1.0
38549,1.0
38550,1.0
38551,1.0
38552,1.0
38553,1.0
38554,1.0
38555,1.0
38556,1.0
38557,1.0
38558,1.0
38559,1.0
38560,1.0
38561,1.0
38562,1.0
38563,1.0
38564,1.0
38565,1.0
38566,1.0
38567,1.0
38568,1.0
38569,1.0
38570,1.0
38571,1.0
38572,1.0
38573,1.0
38574,1.0
38575,1.0
38576,1.0
38577,1.0
38578,1.0
38579,1.0
38580,1.0
38581,1.0
38582,1.0
38583,1.0
38584,1.0
38585,1.0
38586,1.0
38587,1.0
38588,1.0
38589,1.0
38590,1.0
38591,1.0
38592,1.0
38593,1.0
38594,1.0
38595,1.0
38596,1.0
38597,1.0
38598,1.0
38599,1.0
38600,1.0
38601,1.0
38602,1.0
38603,1.0
38604,1.0
38605,1.0
38606,1.0
38607,1.0
38608,1.0
38609,1.0
38610,1.0
38611,1.0
38612,1.0
38613,1.0
38614,1.0
38615,1.0
38616,1.0
38617,1.0
38618,1.0
38619,1.0
38620,1.0
38621,1.0
38622,1.0
38623,1.0
38624,1.0
38625,1.0
38626,1.0
38627,1.0
38628,1.0
38629,1.0
38630,1.0
38631,1.0
38632,1.0
38633,1.0
38634,1.0
38635,1.0
38636,1.0
38637,1.0
38638,1.0
38639,1.0
38640,1.0
38641,1.0
38642,1.0
38643,1.0
38644,1.0
38645,1.0
38646,1.0
38647,1.0
38648,1.0
38649,1.0
38650,1.0
38651,1.0
38652,1.0
38653,1.0
38654,1.0
38655,1.0
38656,1.0
38657,1.0
38658,1.0
38659,1.0
38660,1.0
38661,1.0
38662,1.0
38663,1.0
38664,1.0
38665,1.0
38666,1.0
38667,1.0
38668,1.0
38669,1.0
38670,1.0
38671,1.0
38672,1.0
38673,1.0
38674,1.0
38675,1.0
38676,1.0
38677,1.0
38678,1.0
38679,1.0
38680,1.0
38681,1.0
38682,1.0
38683,1.0
38684,1.0
38685,1.0
38686,1.0
38687,1.0
38688,1.0
38689,1.0
38690,1.0
38691,1.0
38692,1.0
38693,1.0
38694,1.0
38695,1.0
38696,1.0
38697,1.0
38698,1.0
38699,1.0
38700,1.0
38701,1.0
38702,1.0
38703,1.0
38704,1.0
38705,1.0
38706,1.0
38707,1.0
38708,1.0
38709,1.0
38710,1.0
38711,1.0
38712,1.0
38713,1.0
38714,1.0
38715,1.0
38716,1.0
38717,1.0
38718,1.0
38719,1.0
38720,1.0
38721,1.0
38722,1.0
38723,1.0
38724,1.0
38725,1.0
38726,1.0
38727,1.0
38728,1.0
38729,1.0
38730,1.0
38731,1.0
38732,1.0
38733,1.0
38734,1.0
38735,1.0
38736,1.0
38737,1.0
38738,1.0
38739,1.0
38740,1.0
38741,1.0
38742,1.0
38743,1.0
38744,0.0
38745,1.0
38746,1.0
38747,1.0
38748,1.0
38749,1.0
38750,1.0
38751,1.0
38752,1.0
38753,1.0
38754,1.0
38755,1.0
38756,1.0
38757,1.0
38758,1.0
38759,1.0
38760,0.0
38761,1.0
38762,1.0
38763,1.0
38764,1.0
38765,1.0
38766,1.0
38767,1.0
38768,1.0
38769,1.0
38770,1.0
38771,1.0
38772,1.0
38773,1.0
38774,1.0
38775,1.0
38776,1.0
38777,1.0
38778,1.0
38779,1.0
38780,1.0
38781,1.0
38782,1.0
38783,1.0
38784,1.0
38785,1.0
38786,1.0
38787,1.0
38788,1.0
38789,1.0
38790,1.0
38791,1.0
38792,0.0
38793,1.0
38794,1.0
38795,1.0
38796,1.0
38797,1.0
38798,1.0
38799,1.0
38800,1.0
38801,1.0
38802,1.0
38803,1.0
38804,1.0
38805,1.0
38806,1.0
38807,1.0
38808,1.0
38809,1.0
38810,1.0
38811,1.0
38812,1.0
38813,1.0
38814,1.0
38815,1.0
38816,1.0
38817,1.0
38818,1.0
38819,1.0
38820,1.0
38821,1.0
38822,1.0
38823,1.0
38824,1.0
38825,1.0
38826,1.0
38827,1.0
38828,1.0
38829,1.0
38830,1.0
38831,1.0
38832,1.0
38833,1.0
38834,1.0
38835,1.0
38836,1.0
38837,1.0
38838,1.0
38839,1.0
38840,1.0
38841,1.0
38842,1.0
38843,1.0
38844,1.0
38845,0.0
38846,1.0
38847,1.0
38848,1.0
38849,1.0
38850,1.0
38851,1.0
38852,1.0
38853,1.0
38854,1.0
38855,1.0
38856,1.0
38857,1.0
38858,1.0
38859,1.0
38860,1.0
38861,1.0
38862,1.0
38863,1.0
38864,1.0
38865,1.0
38866,1.0
38867,1.0
38868,1.0
38869,0.0
38870,0.0
38871,1.0
38872,1.0
38873,1.0
38874,1.0
38875,1.0
38876,1.0
38877,1.0
38878,1.0
38879,1.0
38880,1.0
38881,1.0
38882,1.0
38883,1.0
38884,1.0
38885,1.0
38886,1.0
38887,1.0
38888,1.0
38889,1.0
38890,1.0
38891,1.0
38892,1.0
38893,1.0
38894,1.0
38895,1.0
38896,1.0
38897,1.0
38898,0.0
38899,0.0
38900,1.0
38901,1.0
38902,1.0
38903,1.0
38904,1.0
38905,1.0
38906,1.0
38907,1.0
38908,1.0
38909,1.0
38910,1.0
38911,1.0
38912,1.0
38913,1.0
38914,1.0
38915,1.0
38916,1.0
38917,1.0
38918,1.0
38919,1.0
38920,1.0
38921,1.0
38922,1.0
38923,1.0
38924,1.0
38925,1.0
38926,1.0
38927,1.0
38928,1.0
38929,1.0
38930,1.0
38931,1.0
38932,1.0
38933,1.0
38934,1.0
38935,1.0
38936,1.0
38937,1.0
38938,1.0
38939,1.0
38940,1.0
38941,1.0
38942,1.0
38943,1.0
38944,1.0
38945,1.0
38946,1.0
38947,0.0
38948,0.0
38949,0.0
38950,0.0
38951,0.0
38952,0.0
38953,0.0
38954,0.0
38955,0.0
38956,0.0
38957,0.0
38958,0.0
38959,0.0
38960,0.0
38961,0.0
38962,0.0
38963,0.0
38964,0.0
38965,0.0
38966,0.0
38967,0.0
38968,0.0
38969,0.0
38970,0.0
38971,0.0
38972,0.0
38973,0.0
38974,0.0
38975,0.0
38976,0.0
38977,0.0
38978,0.0
38979,0.0
38980,0.0
38981,0.0
38982,0.0
38983,0.0
38984,0.0
38985,0.0
38986,0.0
38987,0.0
38988,0.0
38989,0.0
38990,0.0
38991,0.0
38992,0.0
38993,0.0
38994,0.0
38995,0.0
38996,0.0
38997,0.0
38998,0.0
38999,0.0
39000,0.0
39001,0.0
39002,0.0
39003,0.0
39004,0.0
39005,1.0
39006,1.0
39007,0.0
39008,0.0
39009,0.0
39010,0.0
39011,0.0
39012,0.0
39013,0.0
39014,0.0
39015,1.0
39016,1.0
39017,1.0
39018,1.0
39019,1.0
39020,1.0
39021,1.0
39022,0.0
39023,0.0
39024,0.0
39025,0.0
39026,0.0
39027,0.0
39028,0.0
39029,0.0
39030,0.0
39031,0.0
39032,0.0
39033,0.0
39034,0.0
39035,0.0
39036,0.0
39037,1.0
39038,1.0
39039,1.0
39040,1.0
39041,1.0
39042,1.0
39043,1.0
39044,1.0
39045,1.0
39046,1.0
39047,1.0
39048,1.0
39049,1.0
39050,0.0
39051,0.0
39052,0.0
39053,0.0
39054,0.0
39055,0.0
39056,0.0
39057,0.0
39058,0.0
39059,0.0
39060,0.0
39061,0.0
39062,0.0
39063,0.0
39064,0.0
39065,0.0
39066,0.0
39067,1.0
39068,0.0
39069,0.0
39070,0.0
39071,0.0
39072,0.0
39073,0.0
39074,0.0
39075,0.0
39076,1.0
39077,1.0
39078,0.0
39079,0.0
39080,0.0
39081,0.0
39082,1.0
39083,1.0
39084,1.0
39085,1.0
39086,1.0
39087,1.0
39088,1.0
39089,1.0
39090,1.0
39091,1.0
39092,1.0
39093,1.0
39094,1.0
39095,1.0
39096,1.0
39097,1.0
39098,0.0
39099,0.0
39100,0.0
39101,0.0
39102,0.0
39103,0.0
39104,0.0
39105,0.0
39106,0.0
39107,0.0
39108,0.0
39109,0.0
39110,0.0
39111,0.0
39112,0.0
39113,1.0
39114,1.0
39115,0.0
39116,0.0
39117,0.0
39118,0.0
39119,1.0
39120,1.0
39121,1.0
39122,1.0
39123,1.0
39124,1.0
39125,1.0
39126,0.0
39127,0.0
39128,0.0
39129,0.0
39130,0.0
39131,0.0
39132,0.0
39133,0.0
39134,0.0
39135,0.0
39136,0.0
39137,1.0
39138,1.0
39139,1.0
39140,1.0
39141,1.0
39142,1.0
39143,1.0
39144,1.0
39145,1.0
39146,1.0
39147,1.0
39148,1.0
39149,0.0
39150,0.0
39151,0.0
39152,0.0
39153,0.0
39154,0.0
39155,0.0
39156,0.0
39157,0.0
39158,0.0
39159,0.0
39160,0.0
39161,0.0
39162,0.0
39163,0.0
39164,0.0
39165,0.0
39166,0.0
39167,0.0
39168,0.0
39169,1.0
39170,1.0
39171,1.0
39172,0.0
39173,0.0
39174,0.0
39175,0.0
39176,0.0
39177,1.0
39178,1.0
39179,1.0
39180,1.0
39181,0.0
39182,0.0
39183,0.0
39184,0.0
39185,0.0
39186,1.0
39187,1.0
39188,1.0
39189,1.0
39190,0.0
39191,0.0
39192,0.0
39193,0.0
39194,1.0
39195,1.0
39196,0.0
39197,0.0
39198,0.0
39199,0.0
39200,0.0
39201,0.0
39202,0.0
39203,0.0
39204,0.0
39205,0.0
39206,0.0
39207,0.0
39208,0.0
39209,0.0
39210,0.0
39211,0.0
39212,0.0
39213,0.0
39214,0.0
39215,0.0
39216,0.0
39217,0.0
39218,0.0
39219,0.0
39220,0.0
39221,1.0
39222,0.0
39223,1.0
39224,1.0
39225,1.0
39226,0.0
39227,0.0
39228,0.0
39229,0.0
39230,1.0
39231,1.0
39232,1.0
39233,1.0
39234,1.0
39235,1.0
39236,0.0
39237,0.0
39238,0.0
39239,0.0
39240,0.0
39241,0.0
39242,0.0
39243,0.0
39244,1.0
39245,1.0
39246,1.0
39247,1.0
39248,1.0
39249,1.0
39250,1.0
39251,1.0
39252,1.0
39253,1.0
39254,0.0
39255,0.0
39256,0.0
39257,0.0
39258,0.0
39259,0.0
39260,0.0
39261,0.0
39262,1.0
39263,1.0
39264,1.0
39265,1.0
39266,1.0
39267,0.0
39268,1.0
39269,1.0
39270,0.0
39271,1.0
39272,0.0
39273,0.0
39274,0.0
39275,0.0
39276,1.0
39277,0.0
39278,1.0
39279,1.0
39280,1.0
39281,1.0
39282,0.0
39283,1.0
39284,0.0
39285,0.0
39286,0.0
39287,0.0
39288,0.0
39289,0.0
39290,0.0
39291,1.0
39292,0.0
39293,1.0
39294,1.0
39295,0.0
39296,1.0
39297,1.0
39298,1.0
39299,1.0
39300,0.0
39301,1.0
39302,1.0
39303,0.0
39304,0.0
39305,0.0
39306,0.0
39307,1.0
39308,0.0
39309,0.0
39310,0.0
39311,0.0
39312,0.0
39313,0.0
39314,1.0
39315,1.0
39316,1.0
39317,1.0
39318,0.0
39319,1.0
39320,1.0
39321,0.0
39322,1.0
39323,1.0
39324,1.0
39325,1.0
39326,0.0
39327,1.0
39328,0.0
39329,0.0
39330,1.0
39331,0.0
39332,1.0
39333,1.0
39334,0.0
39335,0.0
39336,0.0
39337,0.0
39338,0.0
39339,0.0
39340,0.0
39341,1.0
39342,1.0
39343,1.0
39344,1.0
39345,1.0
39346,0.0
39347,0.0
39348,0.0
39349,0.0
39350,1.0
39351,1.0
39352,0.0
39353,0.0
39354,0.0
39355,0.0
39356,0.0
39357,0.0
39358,0.0
39359,0.0
39360,0.0
39361,0.0
39362,0.0
39363,0.0
39364,0.0
39365,1.0
39366,1.0
39367,1.0
39368,1.0
39369,1.0
39370,0.0
39371,1.0
39372,1.0
39373,0.0
39374,1.0
39375,1.0
39376,1.0
39377,0.0
39378,1.0
39379,0.0
39380,0.0
39381,0.0
39382,1.0
39383,1.0
39384,0.0
39385,0.0
39386,0.0
39387,0.0
39388,0.0
39389,0.0
39390,0.0
39391,0.0
39392,0.0
39393,0.0
39394,0.0
39395,0.0
39396,0.0
39397,0.0
39398,0.0
39399,0.0
39400,0.0
39401,0.0
39402,0.0
39403,0.0
39404,0.0
39405,0.0
39406,0.0
39407,0.0
39408,0.0
39409,1.0
39410,1.0
39411,0.0
39412,1.0
39413,1.0
39414,1.0
39415,0.0
39416,1.0
39417,1.0
39418,1.0
39419,0.0
39420,1.0
39421,1.0
39422,1.0
39423,0.0
39424,1.0
39425,1.0
39426,1.0
39427,0.0
39428,1.0
39429,0.0
39430,0.0
39431,0.0
39432,1.0
39433,0.0
39434,0.0
39435,0.0
39436,0.0
39437,0.0
39438,0.0
39439,0.0
39440,0.0
39441,0.0
39442,0.0
39443,0.0
39444,0.0
39445,0.0
39446,0.0
39447,0.0
39448,0.0
39449,0.0
39450,0.0
39451,0.0
39452,0.0
39453,0.0
39454,0.0
39455,0.0
39456,0.0
39457,0.0
39458,0.0
39459,0.0
39460,0.0
39461,0.0
39462,0.0
39463,0.0
39464,0.0
39465,0.0
39466,0.0
39467,0.0
39468,0.0
39469,0.0
39470,0.0
39471,0.0
39472,0.0
39473,0.0
39474,0.0
39475,0.0
39476,0.0
39477,0.0
39478,0.0
39479,0.0
39480,0.0
39481,0.0
39482,0.0
39483,0.0
39484,0.0
39485,0.0
39486,0.0
39487,0.0
39488,0.0
39489,0.0
39490,0.0
39491,0.0
39492,0.0
39493,0.0
39494,0.0
39495,0.0
39496,0.0
39497,0.0
39498,0.0
39499,0.0
39500,0.0
39501,0.0
39502,0.0
39503,0.0
39504,0.0
39505,0.0
39506,0.0
39507,0.0
39508,0.0
39509,0.0
39510,0.0
39511,0.0
39512,0.0
39513,0.0
39514,0.0
39515,0.0
39516,0.0
39517,0.0
39518,0.0
39519,0.0
39520,0.0
39521,0.0
39522,0.0
39523,0.0
39524,0.0
39525,0.0
39526,0.0
39527,0.0
39528,0.0
39529,0.0
39530,0.0
39531,0.0
39532,0.0
39533,0.0
39534,0.0
39535,0.0
39536,0.0
39537,0.0
39538,0.0
39539,0.0
39540,0.0
39541,0.0
39542,0.0
39543,0.0
39544,0.0
39545,0.0
39546,0.0
39547,0.0
39548,0.0
39549,0.0
39550,0.0
39551,0.0
39552,0.0
39553,0.0
39554,0.0
39555,0.0
39556,0.0
39557,0.0
39558,0.0
39559,0.0
39560,0.0
39561,0.0
39562,0.0
39563,0.0
39564,0.0
39565,0.0
39566,0.0
39567,0.0
39568,0.0
39569,0.0
39570,0.0
39571,0.0
39572,0.0
39573,0.0
39574,0.0
39575,0.0
39576,0.0
39577,0.0
39578,0.0
39579,0.0
39580,0.0
39581,0.0
39582,0.0
39583,0.0
39584,0.0
39585,0.0
39586,0.0
39587,0.0
39588,0.0
39589,0.0
39590,0.0
39591,0.0
39592,0.0
39593,0.0
39594,0.0
39595,0.0
39596,0.0
39597,0.0
39598,0.0
39599,0.0
39600,0.0
39601,0.0
39602,0.0
39603,0.0
39604,0.0
39605,0.0
39606,0.0
39607,0.0
39608,0.0
39609,0.0
39610,0.0
39611,0.0
39612,0.0
39613,0.0
39614,0.0
39615,0.0
39616,0.0
39617,0.0
39618,0.0
39619,0.0
39620,0.0
39621,0.0
39622,0.0
39623,0.0
39624,0.0
39625,0.0
39626,0.0
39627,0.0
39628,0.0
39629,0.0
39630,0.0
39631,0.0
39632,0.0
39633,0.0
39634,0.0
39635,0.0
39636,0.0
39637,0.0
39638,0.0
39639,0.0
39640,0.0
39641,0.0
39642,0.0
39643,0.0
39644,0.0
39645,0.0
39646,0.0
39647,0.0
39648,0.0
39649,0.0
39650,0.0
39651,0.0
39652,0.0
39653,0.0
39654,0.0
39655,0.0
39656,0.0
39657,0.0
39658,0.0
39659,0.0
39660,0.0
39661,0.0
39662,0.0
39663,0.0
39664,0.0
39665,0.0
39666,0.0
39667,0.0
39668,0.0
39669,0.0
39670,0.0
39671,0.0
39672,0.0
39673,0.0
39674,0.0
39675,0.0
39676,0.0
39677,0.0
39678,0.0
39679,0.0
39680,0.0
39681,0.0
39682,0.0
39683,0.0
39684,0.0
39685,0.0
39686,0.0
39687,0.0
39688,0.0
39689,0.0
39690,0.0
39691,0.0
39692,0.0
39693,0.0
39694,0.0
39695,0.0
39696,0.0
39697,0.0
39698,0.0
39699,0.0
39700,0.0
39701,0.0
39702,1.0
39703,0.0
39704,1.0
39705,0.0
39706,0.0
39707,0.0
39708,0.0
39709,1.0
39710,1.0
39711,1.0
39712,1.0
39713,0.0
39714,0.0
39715,0.0
39716,1.0
39717,1.0
39718,1.0
39719,0.0
39720,0.0
39721,0.0
39722,0.0
39723,0.0
39724,0.0
39725,0.0
39726,0.0
39727,0.0
39728,0.0
39729,0.0
39730,0.0
39731,0.0
39732,1.0
39733,1.0
39734,0.0
39735,1.0
39736,1.0
39737,1.0
39738,0.0
39739,1.0
39740,1.0
39741,0.0
39742,0.0
39743,0.0
39744,0.0
39745,0.0
39746,1.0
39747,1.0
39748,1.0
39749,0.0
39750,0.0
39751,0.0
39752,0.0
39753,0.0
39754,0.0
39755,0.0
39756,0.0
39757,0.0
39758,0.0
39759,0.0
39760,0.0
39761,0.0
39762,0.0
39763,0.0
39764,0.0
39765,0.0
39766,0.0
39767,0.0
39768,0.0
39769,0.0
39770,0.0
39771,0.0
39772,1.0
39773,1.0
39774,0.0
39775,1.0
39776,1.0
39777,0.0
39778,0.0
39779,1.0
39780,1.0
39781,0.0
39782,1.0
39783,1.0
39784,0.0
39785,0.0
39786,0.0
39787,0.0
39788,0.0
39789,0.0
39790,0.0
39791,0.0
39792,0.0
39793,0.0
39794,0.0
39795,0.0
39796,1.0
39797,1.0
39798,1.0
39799,0.0
39800,0.0
39801,0.0
39802,0.0
39803,0.0
39804,0.0
39805,0.0
39806,0.0
39807,0.0
39808,0.0
39809,0.0
39810,0.0
39811,0.0
39812,0.0
39813,0.0
39814,0.0
39815,0.0
39816,0.0
39817,0.0
39818,0.0
39819,0.0
39820,0.0
39821,0.0
39822,0.0
39823,0.0
39824,0.0
39825,0.0
39826,0.0
39827,0.0
39828,0.0
39829,0.0
39830,0.0
39831,0.0
39832,0.0
39833,0.0
39834,0.0
39835,0.0
39836,0.0
39837,0.0
39838,0.0
39839,0.0
39840,0.0
39841,0.0
39842,0.0
39843,0.0
39844,0.0
39845,0.0
39846,0.0
39847,0.0
39848,0.0
39849,0.0
39850,0.0
39851,0.0
39852,0.0
39853,0.0
39854,0.0
39855,0.0
39856,0.0
39857,0.0
39858,0.0
39859,0.0
39860,0.0
39861,0.0
39862,0.0
39863,0.0
39864,0.0
39865,0.0
39866,0.0
39867,0.0
39868,0.0
39869,0.0
39870,0.0
39871,0.0
39872,0.0
39873,0.0
39874,0.0
39875,0.0
39876,0.0
39877,0.0
39878,0.0
39879,0.0
39880,0.0
39881,0.0
39882,0.0
39883,0.0
39884,0.0
39885,0.0
39886,0.0
39887,0.0
39888,0.0
39889,0.0
39890,0.0
39891,0.0
39892,0.0
39893,0.0
39894,0.0
39895,0.0
39896,0.0
39897,0.0
39898,0.0
39899,0.0
39900,0.0
39901,0.0
39902,0.0
39903,0.0
39904,0.0
39905,0.0
39906,0.0
39907,0.0
39908,0.0
39909,0.0
39910,0.0
39911,0.0
39912,0.0
39913,0.0
39914,0.0
39915,0.0
39916,0.0
39917,0.0
39918,0.0
39919,0.0
39920,0.0
39921,0.0
39922,0.0
39923,0.0
39924,0.0
39925,0.0
39926,0.0
39927,0.0
39928,0.0
39929,0.0
39930,0.0
39931,0.0
39932,0.0
39933,0.0
39934,0.0
39935,0.0
39936,0.0
39937,0.0
39938,0.0
39939,0.0
39940,0.0
39941,0.0
39942,0.0
39943,0.0
39944,0.0
39945,0.0
39946,0.0
39947,0.0
39948,0.0
39949,0.0
39950,0.0
39951,0.0
39952,0.0
39953,0.0
39954,0.0
39955,0.0
39956,0.0
39957,0.0
39958,0.0
39959,0.0
39960,0.0
39961,0.0
39962,0.0
39963,0.0
39964,0.0
39965,0.0
39966,0.0
39967,0.0
39968,0.0
39969,0.0
39970,0.0
39971,0.0
39972,0.0
39973,0.0
39974,0.0
39975,0.0
39976,0.0
39977,0.0
39978,0.0
39979,0.0
39980,0.0
39981,0.0
39982,0.0
39983,0.0
39984,0.0
39985,0.0
39986,0.0
39987,0.0
39988,0.0
39989,0.0
39990,0.0
39991,0.0
39992,0.0
39993,0.0
39994,0.0
39995,0.0
39996,0.0
39997,0.0
39998,0.0
39999,0.0
40000,0.0
40001,0.0
40002,0.0
40003,0.0
40004,0.0
40005,0.0
40006,0.0
40007,0.0
40008,0.0
40009,0.0
40010,0.0
40011,0.0
40012,0.0
40013,0.0
40014,0.0
40015,0.0
40016,0.0
40017,0.0
40018,0.0
40019,0.0
40020,0.0
40021,0.0
40022,0.0
40023,0.0
40024,0.0
40025,0.0
40026,0.0
40027,0.0
40028,0.0
40029,0.0
40030,0.0
40031,0.0
40032,0.0
40033,0.0
40034,0.0
40035,0.0
40036,0.0
40037,0.0
40038,0.0
40039,0.0
40040,0.0
40041,0.0
40042,0.0
40043,0.0
40044,0.0
40045,0.0
40046,0.0
40047,1.0
40048,1.0
40049,1.0
40050,1.0
40051,0.0
40052,1.0
40053,1.0
40054,0.0
40055,0.0
40056,1.0
40057,1.0
40058,1.0
40059,1.0
40060,1.0
40061,1.0
40062,1.0
40063,1.0
40064,1.0
40065,0.0
40066,0.0
40067,0.0
40068,1.0
40069,1.0
40070,1.0
40071,1.0
40072,1.0
40073,1.0
40074,0.0
40075,0.0
40076,0.0
40077,1.0
40078,1.0
40079,1.0
40080,1.0
40081,1.0
40082,1.0
40083,1.0
40084,1.0
40085,1.0
40086,1.0
40087,1.0
40088,1.0
40089,1.0
40090,1.0
40091,1.0
40092,0.0
40093,0.0
40094,0.0
40095,0.0
40096,1.0
40097,1.0
40098,1.0
40099,1.0
40100,1.0
40101,1.0
40102,1.0
40103,1.0
40104,1.0
40105,1.0
40106,0.0
40107,0.0
40108,0.0
40109,1.0
40110,1.0
40111,1.0
40112,1.0
40113,1.0
40114,1.0
40115,1.0
40116,1.0
40117,1.0
40118,1.0
40119,1.0
40120,1.0
40121,1.0
40122,1.0
40123,1.0
40124,1.0
40125,1.0
40126,1.0
40127,1.0
40128,1.0
40129,1.0
40130,1.0
40131,1.0
40132,1.0
40133,1.0
40134,1.0
40135,1.0
40136,1.0
40137,1.0
40138,1.0
40139,1.0
40140,1.0
40141,0.0
40142,0.0
40143,0.0
40144,0.0
40145,1.0
40146,0.0
40147,1.0
40148,1.0
40149,1.0
40150,1.0
40151,1.0
40152,1.0
40153,1.0
40154,1.0
40155,1.0
40156,1.0
40157,0.0
40158,0.0
40159,0.0
40160,0.0
40161,1.0
40162,0.0
40163,1.0
40164,0.0
40165,0.0
40166,1.0
40167,0.0
40168,0.0
40169,1.0
40170,0.0
40171,1.0
40172,1.0
40173,0.0
40174,1.0
40175,0.0
40176,1.0
40177,1.0
40178,0.0
40179,0.0
40180,0.0
40181,0.0
40182,0.0
40183,1.0
40184,1.0
40185,1.0
40186,1.0
40187,1.0
40188,0.0
40189,0.0
40190,1.0
40191,0.0
40192,1.0
40193,0.0
40194,1.0
40195,1.0
40196,1.0
40197,1.0
40198,0.0
40199,1.0
40200,0.0
40201,0.0
40202,0.0
40203,1.0
40204,1.0
40205,1.0
40206,0.0
40207,0.0
40208,0.0
40209,0.0
40210,0.0
40211,0.0
40212,0.0
40213,1.0
40214,1.0
40215,1.0
40216,1.0
40217,1.0
40218,1.0
40219,0.0
40220,0.0
40221,1.0
40222,0.0
40223,0.0
40224,0.0
40225,1.0
40226,0.0
40227,1.0
40228,0.0
40229,0.0
40230,1.0
40231,1.0
40232,1.0
40233,1.0
40234,1.0
40235,1.0
40236,0.0
40237,1.0
40238,0.0
40239,0.0
40240,0.0
40241,0.0
40242,0.0
40243,0.0
40244,1.0
40245,1.0
40246,1.0
40247,1.0
40248,1.0
40249,0.0
40250,0.0
40251,0.0
40252,0.0
40253,0.0
40254,0.0
40255,0.0
40256,0.0
40257,1.0
40258,1.0
40259,1.0
40260,1.0
40261,1.0
40262,1.0
40263,1.0
40264,1.0
40265,0.0
40266,1.0
40267,1.0
40268,0.0
40269,1.0
40270,1.0
40271,1.0
40272,1.0
40273,1.0
40274,0.0
40275,0.0
40276,0.0
40277,1.0
40278,1.0
40279,1.0
40280,0.0
40281,0.0
40282,0.0
40283,0.0
40284,1.0
40285,1.0
40286,1.0
40287,1.0
40288,1.0
40289,1.0
40290,1.0
40291,1.0
40292,1.0
40293,1.0
40294,1.0
40295,0.0
40296,1.0
40297,0.0
40298,0.0
40299,0.0
40300,0.0
40301,0.0
40302,1.0
40303,1.0
40304,1.0
40305,1.0
40306,0.0
40307,0.0
40308,0.0
40309,0.0
40310,0.0
40311,1.0
40312,1.0
40313,1.0
40314,1.0
40315,1.0
40316,1.0
40317,1.0
40318,1.0
40319,1.0
40320,1.0
40321,1.0
40322,1.0
40323,1.0
40324,0.0
40325,1.0
40326,1.0
40327,1.0
40328,1.0
40329,1.0
40330,0.0
40331,1.0
40332,0.0
40333,0.0
40334,1.0
40335,0.0
40336,0.0
40337,0.0
40338,0.0
40339,0.0
40340,0.0
40341,1.0
40342,1.0
40343,1.0
40344,1.0
40345,1.0
40346,1.0
40347,1.0
40348,0.0
40349,1.0
40350,1.0
40351,0.0
40352,0.0
40353,0.0
40354,0.0
40355,1.0
40356,1.0
40357,1.0
40358,1.0
40359,1.0
40360,1.0
40361,1.0
40362,1.0
40363,1.0
40364,1.0
40365,0.0
40366,0.0
40367,1.0
40368,1.0
40369,0.0
40370,1.0
40371,1.0
40372,1.0
40373,1.0
40374,1.0
40375,1.0
40376,1.0
40377,1.0
40378,0.0
40379,0.0
40380,0.0
40381,0.0
40382,0.0
40383,1.0
40384,1.0
40385,1.0
40386,1.0
40387,0.0
40388,0.0
40389,1.0
40390,1.0
40391,1.0
40392,1.0
40393,1.0
40394,1.0
40395,1.0
40396,1.0
40397,1.0
40398,1.0
40399,0.0
40400,1.0
40401,1.0
40402,0.0
40403,1.0
40404,1.0
40405,1.0
40406,0.0
40407,1.0
40408,0.0
40409,0.0
40410,0.0
40411,0.0
40412,0.0
40413,1.0
40414,0.0
40415,1.0
40416,1.0
40417,1.0
40418,0.0
40419,0.0
40420,1.0
40421,1.0
40422,1.0
40423,1.0
40424,1.0
40425,1.0
40426,1.0
40427,1.0
40428,1.0
40429,1.0
40430,1.0
40431,1.0
40432,1.0
40433,1.0
40434,1.0
40435,1.0
40436,1.0
40437,1.0
40438,1.0
40439,0.0
40440,1.0
40441,1.0
40442,0.0
40443,1.0
40444,1.0
40445,0.0
40446,1.0
40447,1.0
40448,0.0
40449,1.0
40450,1.0
40451,0.0
40452,1.0
40453,0.0
40454,0.0
40455,0.0
40456,0.0
40457,0.0
40458,0.0
40459,1.0
40460,0.0
40461,1.0
40462,1.0
40463,1.0
40464,0.0
40465,0.0
40466,1.0
40467,0.0
40468,1.0
40469,1.0
40470,1.0
40471,0.0
40472,1.0
40473,1.0
40474,1.0
40475,0.0
40476,1.0
40477,0.0
40478,0.0
40479,0.0
40480,0.0
40481,0.0
40482,1.0
40483,1.0
40484,1.0
40485,1.0
40486,1.0
40487,1.0
40488,1.0
40489,1.0
40490,1.0
40491,0.0
40492,0.0
40493,1.0
40494,1.0
40495,1.0
40496,1.0
40497,0.0
40498,0.0
40499,1.0
40500,0.0
40501,0.0
40502,0.0
40503,1.0
40504,0.0
40505,0.0
40506,0.0
40507,0.0
40508,0.0
40509,0.0
40510,0.0
40511,1.0
40512,1.0
40513,1.0
40514,1.0
40515,1.0
40516,1.0
40517,1.0
40518,1.0
40519,1.0
40520,1.0
40521,1.0
40522,1.0
40523,1.0
40524,1.0
40525,1.0
40526,1.0
40527,0.0
40528,0.0
40529,1.0
40530,1.0
40531,1.0
40532,1.0
40533,0.0
40534,0.0
40535,0.0
40536,1.0
40537,1.0
40538,1.0
40539,0.0
40540,0.0
40541,0.0
40542,1.0
40543,1.0
40544,1.0
40545,0.0
40546,0.0
40547,0.0
40548,1.0
40549,1.0
40550,0.0
40551,0.0
40552,0.0
40553,0.0
40554,1.0
40555,0.0
40556,1.0
40557,1.0
40558,1.0
40559,1.0
40560,1.0
40561,1.0
40562,1.0
40563,1.0
40564,1.0
40565,1.0
40566,1.0
40567,1.0
40568,1.0
40569,1.0
40570,1.0
40571,1.0
40572,1.0
40573,1.0
40574,1.0
40575,0.0
40576,0.0
40577,1.0
40578,1.0
40579,1.0
40580,1.0
40581,0.0
40582,1.0
40583,0.0
40584,0.0
40585,1.0
40586,1.0
40587,1.0
40588,1.0
40589,1.0
40590,1.0
40591,1.0
40592,1.0
40593,0.0
40594,0.0
40595,0.0
40596,1.0
40597,1.0
40598,1.0
40599,1.0
40600,1.0
40601,0.0
40602,0.0
40603,0.0
40604,1.0
40605,1.0
40606,1.0
40607,1.0
40608,1.0
40609,1.0
40610,1.0
40611,1.0
40612,1.0
40613,1.0
40614,1.0
40615,1.0
40616,1.0
40617,1.0
40618,1.0
40619,1.0
40620,1.0
40621,0.0
40622,0.0
40623,1.0
40624,1.0
40625,0.0
40626,1.0
40627,1.0
40628,0.0
40629,1.0
40630,1.0
40631,1.0
40632,1.0
40633,0.0
40634,0.0
40635,0.0
40636,1.0
40637,1.0
40638,1.0
40639,1.0
40640,1.0
40641,1.0
40642,1.0
40643,1.0
40644,1.0
40645,1.0
40646,1.0
40647,1.0
40648,1.0
40649,1.0
40650,1.0
40651,1.0
40652,1.0
40653,1.0
40654,1.0
40655,1.0
40656,1.0
40657,1.0
40658,1.0
40659,1.0
40660,1.0
40661,1.0
40662,1.0
40663,1.0
40664,1.0
40665,1.0
40666,1.0
40667,1.0
40668,1.0
40669,1.0
40670,1.0
40671,0.0
40672,0.0
40673,1.0
40674,1.0
40675,0.0
40676,0.0
40677,1.0
40678,1.0
40679,0.0
40680,1.0
40681,1.0
40682,1.0
40683,1.0
40684,0.0
40685,0.0
40686,0.0
40687,0.0
40688,0.0
40689,0.0
40690,0.0
40691,0.0
40692,0.0
40693,0.0
40694,0.0
40695,0.0
40696,0.0
40697,0.0
40698,0.0
40699,0.0
40700,0.0
40701,0.0
40702,0.0
40703,0.0
40704,0.0
40705,0.0
40706,0.0
40707,0.0
40708,0.0
40709,0.0
40710,0.0
40711,0.0
40712,0.0
40713,0.0
40714,0.0
40715,0.0
40716,0.0
40717,0.0
40718,0.0
40719,0.0
40720,0.0
40721,0.0
40722,0.0
40723,0.0
40724,0.0
40725,0.0
40726,0.0
40727,0.0
40728,0.0
40729,0.0
40730,0.0
40731,0.0
40732,0.0
40733,0.0
40734,0.0
40735,0.0
40736,0.0
40737,0.0
40738,0.0
40739,0.0
40740,0.0
40741,0.0
40742,0.0
40743,0.0
40744,0.0
40745,0.0
40746,0.0
40747,0.0
40748,0.0
40749,0.0
40750,0.0
40751,0.0
40752,0.0
40753,0.0
40754,0.0
40755,0.0
40756,0.0
40757,0.0
40758,0.0
40759,0.0
40760,0.0
40761,0.0
40762,0.0
40763,0.0
40764,0.0
40765,0.0
40766,0.0
40767,0.0
40768,0.0
40769,0.0
40770,0.0
40771,0.0
40772,0.0
40773,0.0
40774,0.0
40775,0.0
40776,0.0
40777,0.0
40778,0.0
40779,0.0
40780,0.0
40781,0.0
40782,0.0
40783,0.0
40784,0.0
40785,0.0
40786,0.0
40787,0.0
40788,0.0
40789,0.0
40790,0.0
40791,0.0
40792,0.0
40793,0.0
40794,0.0
40795,0.0
40796,0.0
40797,0.0
40798,0.0
40799,0.0
40800,0.0
40801,0.0
40802,0.0
40803,0.0
40804,0.0
40805,0.0
40806,0.0
40807,0.0
40808,0.0
40809,0.0
40810,0.0
40811,0.0
40812,0.0
40813,0.0
40814,0.0
40815,0.0
40816,0.0
40817,0.0
40818,0.0
40819,0.0
40820,0.0
40821,0.0
40822,0.0
40823,0.0
40824,0.0
40825,0.0
40826,0.0
40827,0.0
40828,0.0
40829,0.0
40830,0.0
40831,0.0
40832,0.0
40833,0.0
40834,0.0
40835,0.0
40836,0.0
40837,0.0
40838,0.0
40839,0.0
40840,0.0
40841,0.0
40842,0.0
40843,0.0
40844,0.0
40845,0.0
40846,0.0
40847,0.0
40848,0.0
40849,0.0
40850,0.0
40851,0.0
40852,0.0
40853,0.0
40854,0.0
40855,0.0
40856,0.0
40857,0.0
40858,0.0
40859,0.0
40860,0.0
40861,0.0
40862,0.0
40863,0.0
40864,0.0
40865,0.0
40866,0.0
40867,0.0
40868,0.0
40869,0.0
40870,0.0
40871,0.0
40872,0.0
40873,0.0
40874,0.0
40875,0.0
40876,0.0
40877,0.0
40878,0.0
40879,0.0
40880,0.0
40881,0.0
40882,0.0
40883,0.0
40884,0.0
40885,0.0
40886,0.0
40887,0.0
40888,0.0
40889,0.0
40890,0.0
40891,0.0
40892,0.0
40893,0.0
40894,0.0
40895,0.0
40896,0.0
40897,0.0
40898,0.0
40899,0.0
40900,0.0
40901,0.0
40902,0.0
40903,0.0
40904,0.0
40905,0.0
40906,0.0
40907,0.0
40908,0.0
40909,0.0
40910,0.0
40911,0.0
40912,0.0
40913,0.0
40914,0.0
40915,0.0
40916,0.0
40917,0.0
40918,0.0
40919,0.0
40920,0.0
40921,0.0
40922,0.0
40923,0.0
40924,0.0
40925,0.0
40926,0.0
40927,0.0
40928,0.0
40929,0.0
40930,0.0
40931,0.0
40932,0.0
40933,0.0
40934,0.0
40935,0.0
40936,0.0
40937,0.0
40938,0.0
40939,0.0
40940,0.0
40941,0.0
40942,0.0
40943,0.0
40944,0.0
40945,0.0
40946,0.0
40947,0.0
40948,0.0
40949,0.0
40950,0.0
40951,0.0
40952,0.0
40953,0.0
40954,0.0
40955,0.0
40956,0.0
40957,0.0
40958,0.0
40959,0.0
40960,0.0
40961,0.0
40962,0.0
40963,0.0
40964,0.0
40965,0.0
40966,0.0
40967,0.0
40968,0.0
40969,0.0
40970,0.0
40971,0.0
40972,0.0
40973,0.0
40974,0.0
40975,0.0
40976,0.0
40977,0.0
40978,0.0
40979,0.0
40980,0.0
40981,0.0
40982,0.0
40983,0.0
40984,0.0
40985,0.0
40986,0.0
40987,0.0
40988,0.0
40989,0.0
40990,0.0
40991,0.0
40992,0.0
40993,0.0
40994,0.0
40995,0.0
40996,0.0
40997,0.0
40998,0.0
40999,0.0
41000,0.0
41001,0.0
41002,0.0
41003,0.0
41004,0.0
41005,0.0
41006,0.0
41007,0.0
41008,0.0
41009,0.0
41010,0.0
41011,0.0
41012,0.0
41013,0.0
41014,0.0
41015,0.0
41016,0.0
41017,0.0
41018,0.0
41019,0.0
41020,0.0
41021,0.0
41022,0.0
41023,0.0
41024,0.0
41025,0.0
41026,0.0
41027,0.0
41028,0.0
41029,0.0
41030,0.0
41031,0.0
41032,0.0
41033,0.0
41034,0.0
41035,0.0
41036,0.0
41037,0.0
41038,0.0
41039,0.0
41040,0.0
41041,0.0
41042,0.0
41043,0.0
41044,0.0
41045,0.0
41046,0.0
41047,0.0
41048,0.0
41049,0.0
41050,0.0
41051,0.0
41052,0.0
41053,0.0
41054,0.0
41055,0.0
41056,0.0
41057,0.0
41058,0.0
41059,0.0
41060,0.0
41061,0.0
41062,0.0
41063,0.0
41064,0.0
41065,0.0
41066,0.0
41067,0.0
41068,0.0
41069,0.0
41070,0.0
41071,0.0
41072,0.0
41073,0.0
41074,0.0
41075,0.0
41076,0.0
41077,0.0
41078,0.0
41079,0.0
41080,0.0
41081,0.0
41082,0.0
41083,0.0
41084,0.0
41085,0.0
41086,0.0
41087,0.0
41088,0.0
41089,0.0
41090,0.0
41091,0.0
41092,0.0
41093,0.0
41094,0.0
41095,0.0
41096,0.0
41097,0.0
41098,0.0
41099,0.0
41100,0.0
41101,0.0
41102,0.0
41103,0.0
41104,0.0
41105,0.0
41106,0.0
41107,0.0
41108,0.0
41109,0.0
41110,0.0
41111,0.0
41112,0.0
41113,0.0
41114,0.0
41115,0.0
41116,0.0
41117,0.0
41118,0.0
41119,0.0
41120,0.0
41121,0.0
41122,0.0
41123,0.0
41124,0.0
41125,0.0
41126,0.0
41127,0.0
41128,0.0
41129,0.0
41130,0.0
41131,0.0
41132,0.0
41133,0.0
41134,0.0
41135,0.0
41136,0.0
41137,0.0
41138,0.0
41139,0.0
41140,0.0
41141,0.0
41142,0.0
41143,0.0
41144,0.0
41145,0.0
41146,0.0
41147,0.0
41148,0.0
41149,0.0
41150,0.0
41151,0.0
41152,0.0
41153,0.0
41154,0.0
41155,0.0
41156,0.0
41157,0.0
41158,0.0
41159,0.0
41160,0.0
41161,0.0
41162,0.0
41163,0.0
41164,0.0
41165,0.0
41166,0.0
41167,0.0
41168,0.0
41169,0.0
41170,0.0
41171,0.0
41172,0.0
41173,0.0
41174,0.0
41175,0.0
41176,0.0
41177,0.0
41178,0.0
41179,0.0
41180,0.0
41181,0.0
41182,0.0
41183,0.0
41184,0.0
41185,0.0
41186,0.0
41187,0.0
41188,0.0
41189,0.0
41190,0.0
41191,0.0
41192,0.0
41193,0.0
41194,0.0
41195,0.0
41196,0.0
41197,0.0
41198,0.0
41199,0.0
41200,0.0
41201,0.0
41202,0.0
41203,0.0
41204,0.0
41205,0.0
41206,0.0
41207,0.0
41208,0.0
41209,0.0
41210,0.0
41211,0.0
41212,0.0
41213,0.0
41214,0.0
41215,0.0
41216,0.0
41217,0.0
41218,0.0
41219,0.0
41220,0.0
41221,0.0
41222,0.0
41223,0.0
41224,0.0
41225,0.0
41226,0.0
41227,0.0
41228,0.0
41229,0.0
41230,0.0
41231,0.0
41232,0.0
41233,0.0
41234,0.0
41235,0.0
41236,0.0
41237,0.0
41238,0.0
41239,0.0
41240,0.0
41241,0.0
41242,0.0
41243,0.0
41244,0.0
41245,0.0
41246,1.0
41247,1.0
41248,1.0
41249,0.0
41250,0.0
41251,1.0
41252,1.0
41253,1.0
41254,1.0
41255,1.0
41256,1.0
41257,1.0
41258,1.0
41259,0.0
41260,1.0
41261,0.0
41262,0.0
41263,0.0
41264,0.0
41265,0.0
41266,0.0
41267,0.0
41268,1.0
41269,1.0
41270,1.0
41271,1.0
41272,1.0
41273,1.0
41274,1.0
41275,1.0
41276,1.0
41277,1.0
41278,1.0
41279,1.0
41280,1.0
41281,1.0
41282,1.0
41283,0.0
41284,0.0
41285,0.0
41286,1.0
41287,0.0
41288,0.0
41289,0.0
41290,0.0
41291,0.0
41292,0.0
41293,0.0
41294,0.0
41295,0.0
41296,1.0
41297,1.0
41298,1.0
41299,1.0
41300,1.0
41301,1.0
41302,1.0
41303,1.0
41304,1.0
41305,1.0
41306,1.0
41307,1.0
41308,1.0
41309,1.0
41310,1.0
41311,1.0
41312,1.0
41313,1.0
41314,1.0
41315,1.0
41316,1.0
41317,1.0
41318,1.0
41319,1.0
41320,1.0
41321,1.0
41322,1.0
41323,1.0
41324,1.0
41325,1.0
41326,0.0
41327,0.0
41328,0.0
41329,0.0
41330,0.0
41331,0.0
41332,0.0
41333,1.0
41334,0.0
41335,0.0
41336,0.0
41337,0.0
41338,0.0
41339,0.0
41340,0.0
41341,0.0
41342,0.0
41343,1.0
41344,0.0
41345,1.0
41346,0.0
41347,1.0
41348,1.0
41349,0.0
41350,0.0
41351,1.0
41352,1.0
41353,0.0
41354,1.0
41355,1.0
41356,0.0
41357,0.0
41358,1.0
41359,0.0
41360,0.0
41361,0.0
41362,0.0
41363,0.0
41364,1.0
41365,1.0
41366,1.0
41367,0.0
41368,0.0
41369,0.0
41370,0.0
41371,0.0
41372,1.0
41373,1.0
41374,1.0
41375,1.0
41376,1.0
41377,1.0
41378,0.0
41379,1.0
41380,1.0
41381,0.0
41382,0.0
41383,0.0
41384,0.0
41385,0.0
41386,0.0
41387,1.0
41388,0.0
41389,0.0
41390,0.0
41391,0.0
41392,0.0
41393,0.0
41394,0.0
41395,0.0
41396,1.0
41397,1.0
41398,0.0
41399,1.0
41400,1.0
41401,0.0
41402,1.0
41403,0.0
41404,0.0
41405,0.0
41406,1.0
41407,0.0
41408,1.0
41409,1.0
41410,1.0
41411,1.0
41412,1.0
41413,1.0
41414,1.0
41415,0.0
41416,1.0
41417,1.0
41418,0.0
41419,0.0
41420,0.0
41421,0.0
41422,0.0
41423,1.0
41424,0.0
41425,0.0
41426,0.0
41427,0.0
41428,0.0
41429,0.0
41430,0.0
41431,0.0
41432,1.0
41433,0.0
41434,0.0
41435,0.0
41436,0.0
41437,0.0
41438,1.0
41439,0.0
41440,0.0
41441,0.0
41442,0.0
41443,0.0
41444,0.0
41445,0.0
41446,1.0
41447,1.0
41448,0.0
41449,1.0
41450,1.0
41451,1.0
41452,1.0
41453,0.0
41454,1.0
41455,1.0
41456,0.0
41457,0.0
41458,0.0
41459,1.0
41460,0.0
41461,1.0
41462,1.0
41463,1.0
41464,1.0
41465,1.0
41466,1.0
41467,1.0
41468,0.0
41469,0.0
41470,0.0
41471,1.0
41472,0.0
41473,1.0
41474,1.0
41475,0.0
41476,0.0
41477,0.0
41478,0.0
41479,1.0
41480,0.0
41481,1.0
41482,0.0
41483,1.0
41484,0.0
41485,0.0
41486,0.0
41487,1.0
41488,1.0
41489,1.0
41490,1.0
41491,1.0
41492,1.0
41493,1.0
41494,1.0
41495,0.0
41496,1.0
41497,0.0
41498,0.0
41499,0.0
41500,0.0
41501,0.0
41502,0.0
41503,1.0
41504,0.0
41505,1.0
41506,0.0
41507,1.0
41508,1.0
41509,1.0
41510,0.0
41511,0.0
41512,0.0
41513,0.0
41514,0.0
41515,1.0
41516,1.0
41517,1.0
41518,1.0
41519,1.0
41520,1.0
41521,1.0
41522,1.0
41523,1.0
41524,1.0
41525,1.0
41526,1.0
41527,1.0
41528,0.0
41529,1.0
41530,0.0
41531,1.0
41532,1.0
41533,0.0
41534,0.0
41535,0.0
41536,0.0
41537,0.0
41538,0.0
41539,1.0
41540,0.0
41541,1.0
41542,1.0
41543,1.0
41544,0.0
41545,1.0
41546,1.0
41547,1.0
41548,1.0
41549,1.0
41550,1.0
41551,0.0
41552,0.0
41553,0.0
41554,0.0
41555,0.0
41556,1.0
41557,1.0
41558,1.0
41559,1.0
41560,1.0
41561,1.0
41562,1.0
41563,1.0
41564,1.0
41565,1.0
41566,1.0
41567,1.0
41568,1.0
41569,1.0
41570,0.0
41571,0.0
41572,1.0
41573,0.0
41574,1.0
41575,1.0
41576,1.0
41577,0.0
41578,0.0
41579,0.0
41580,0.0
41581,0.0
41582,1.0
41583,0.0
41584,1.0
41585,0.0
41586,1.0
41587,0.0
41588,0.0
41589,0.0
41590,0.0
41591,1.0
41592,1.0
41593,1.0
41594,1.0
41595,1.0
41596,1.0
41597,1.0
41598,1.0
41599,1.0
41600,0.0
41601,0.0
41602,0.0
41603,0.0
41604,0.0
41605,0.0
41606,0.0
41607,0.0
41608,1.0
41609,0.0
41610,0.0
41611,1.0
41612,0.0
41613,0.0
41614,0.0
41615,1.0
41616,0.0
41617,1.0
41618,0.0
41619,0.0
41620,0.0
41621,0.0
41622,1.0
41623,1.0
41624,1.0
41625,1.0
41626,1.0
41627,1.0
41628,1.0
41629,1.0
41630,1.0
41631,0.0
41632,1.0
41633,1.0
41634,1.0
41635,1.0
41636,0.0
41637,0.0
41638,0.0
41639,0.0
41640,0.0
41641,0.0
41642,0.0
41643,0.0
41644,0.0
41645,0.0
41646,1.0
41647,0.0
41648,0.0
41649,1.0
41650,0.0
41651,0.0
41652,1.0
41653,1.0
41654,0.0
41655,0.0
41656,1.0
41657,0.0
41658,0.0
41659,0.0
41660,1.0
41661,0.0
41662,1.0
41663,0.0
41664,1.0
41665,1.0
41666,1.0
41667,0.0
41668,0.0
41669,0.0
41670,0.0
41671,1.0
41672,0.0
41673,1.0
41674,1.0
41675,1.0
41676,1.0
41677,1.0
41678,1.0
41679,1.0
41680,1.0
41681,1.0
41682,0.0
41683,1.0
41684,1.0
41685,1.0
41686,1.0
41687,0.0
41688,0.0
41689,0.0
41690,0.0
41691,0.0
41692,1.0
41693,1.0
41694,1.0
41695,0.0
41696,0.0
41697,1.0
41698,0.0
41699,0.0
41700,1.0
41701,1.0
41702,1.0
41703,1.0
41704,1.0
41705,1.0
41706,1.0
41707,1.0
41708,0.0
41709,0.0
41710,0.0
41711,0.0
41712,1.0
41713,1.0
41714,1.0
41715,1.0
41716,0.0
41717,0.0
41718,1.0
41719,1.0
41720,1.0
41721,1.0
41722,1.0
41723,1.0
41724,1.0
41725,1.0
41726,1.0
41727,1.0
41728,0.0
41729,1.0
41730,0.0
41731,1.0
41732,1.0
41733,0.0
41734,1.0
41735,1.0
41736,0.0
41737,0.0
41738,0.0
41739,1.0
41740,1.0
41741,1.0
41742,1.0
41743,0.0
41744,0.0
41745,0.0
41746,1.0
41747,1.0
41748,1.0
41749,1.0
41750,1.0
41751,1.0
41752,1.0
41753,1.0
41754,1.0
41755,1.0
41756,1.0
41757,1.0
41758,1.0
41759,1.0
41760,0.0
41761,1.0
41762,1.0
41763,1.0
41764,0.0
41765,1.0
41766,1.0
41767,1.0
41768,0.0
41769,1.0
41770,1.0
41771,1.0
41772,0.0
41773,1.0
41774,1.0
41775,1.0
41776,0.0
41777,1.0
41778,1.0
41779,0.0
41780,0.0
41781,0.0
41782,1.0
41783,1.0
41784,1.0
41785,1.0
41786,1.0
41787,0.0
41788,0.0
41789,1.0
41790,1.0
41791,1.0
41792,1.0
41793,1.0
41794,1.0
41795,1.0
41796,1.0
41797,0.0
41798,0.0
41799,0.0
41800,0.0
41801,0.0
41802,0.0
41803,1.0
41804,1.0
41805,1.0
41806,1.0
41807,1.0
41808,1.0
41809,1.0
41810,1.0
41811,1.0
41812,1.0
41813,1.0
41814,0.0
41815,1.0
41816,1.0
41817,0.0
41818,1.0
41819,1.0
41820,0.0
41821,1.0
41822,0.0
41823,0.0
41824,0.0
41825,0.0
41826,0.0
41827,0.0
41828,0.0
41829,1.0
41830,1.0
41831,1.0
41832,1.0
41833,1.0
41834,1.0
41835,1.0
41836,1.0
41837,1.0
41838,0.0
41839,1.0
41840,1.0
41841,1.0
41842,1.0
41843,0.0
41844,1.0
41845,1.0
41846,1.0
41847,1.0
41848,0.0
41849,1.0
41850,1.0
41851,1.0
41852,1.0
41853,0.0
41854,1.0
41855,1.0
41856,1.0
41857,1.0
41858,0.0
41859,1.0
41860,1.0
41861,1.0
41862,1.0
41863,0.0
41864,1.0
41865,1.0
41866,0.0
41867,0.0
41868,0.0
41869,0.0
41870,0.0
41871,0.0
41872,0.0
41873,1.0
41874,1.0
41875,1.0
41876,1.0
41877,1.0
41878,1.0
41879,1.0
41880,0.0
41881,0.0
41882,1.0
41883,1.0
41884,1.0
41885,0.0
41886,0.0
41887,0.0
41888,0.0
41889,0.0
41890,0.0
41891,0.0
41892,1.0
41893,1.0
41894,1.0
41895,1.0
41896,1.0
41897,1.0
41898,1.0
41899,1.0
41900,0.0
41901,0.0
41902,0.0
41903,0.0
41904,0.0
41905,0.0
41906,0.0
41907,0.0
41908,1.0
41909,0.0
41910,0.0
41911,1.0
41912,1.0
41913,0.0
41914,1.0
41915,1.0
41916,1.0
41917,1.0
41918,1.0
41919,1.0
41920,1.0
41921,1.0
41922,1.0
41923,1.0
41924,1.0
41925,0.0
41926,0.0
41927,0.0
41928,0.0
41929,1.0
41930,1.0
41931,1.0
41932,0.0
41933,1.0
41934,1.0
41935,1.0
41936,1.0
41937,0.0
41938,0.0
41939,1.0
41940,1.0
41941,0.0
41942,0.0
41943,1.0
41944,1.0
41945,0.0
41946,0.0
41947,1.0
41948,1.0
41949,0.0
41950,0.0
41951,1.0
41952,1.0
41953,0.0
41954,1.0
41955,1.0
41956,1.0
41957,1.0
41958,1.0
41959,1.0
41960,1.0
41961,1.0
41962,1.0
41963,1.0
41964,1.0
41965,0.0
41966,0.0
41967,0.0
41968,0.0
41969,0.0
41970,1.0
41971,1.0
41972,0.0
41973,0.0
41974,0.0
41975,0.0
41976,0.0
41977,0.0
41978,0.0
41979,0.0
41980,0.0
41981,0.0
41982,0.0
41983,0.0
41984,0.0
41985,1.0
41986,1.0
41987,1.0
41988,1.0
41989,1.0
41990,0.0
41991,0.0
41992,0.0
41993,0.0
41994,0.0
41995,0.0
41996,0.0
41997,0.0
41998,0.0
41999,0.0
42000,0.0
42001,0.0
42002,0.0
42003,0.0
42004,0.0
42005,0.0
42006,0.0
42007,0.0
42008,0.0
42009,0.0
42010,0.0
42011,0.0
42012,0.0
42013,1.0
42014,1.0
42015,1.0
42016,1.0
42017,1.0
42018,0.0
42019,0.0
42020,0.0
42021,0.0
42022,0.0
42023,0.0
42024,0.0
42025,0.0
42026,0.0
42027,0.0
42028,0.0
42029,0.0
42030,0.0
42031,0.0
42032,0.0
42033,0.0
42034,0.0
42035,0.0
42036,0.0
42037,0.0
42038,0.0
42039,0.0
42040,0.0
42041,0.0
42042,0.0
42043,0.0
42044,0.0
42045,0.0
42046,0.0
42047,0.0
42048,0.0
42049,0.0
42050,0.0
42051,0.0
42052,0.0
42053,0.0
42054,0.0
42055,0.0
42056,0.0
42057,0.0
42058,0.0
42059,0.0
42060,1.0
42061,1.0
42062,1.0
42063,1.0
42064,1.0
42065,0.0
42066,0.0
42067,0.0
42068,0.0
42069,1.0
42070,1.0
42071,0.0
42072,0.0
42073,0.0
42074,0.0
42075,0.0
42076,0.0
42077,0.0
42078,0.0
42079,0.0
42080,0.0
42081,0.0
42082,0.0
42083,0.0
42084,1.0
42085,1.0
42086,1.0
42087,1.0
42088,1.0
42089,0.0
42090,0.0
42091,0.0
42092,0.0
42093,0.0
42094,0.0
42095,0.0
42096,0.0
42097,0.0
42098,0.0
42099,0.0
42100,0.0
42101,0.0
42102,0.0
42103,0.0
42104,0.0
42105,0.0
42106,0.0
42107,0.0
42108,0.0
42109,1.0
42110,0.0
42111,1.0
42112,0.0
42113,1.0
42114,1.0
42115,1.0
42116,1.0
42117,0.0
42118,1.0
42119,0.0
42120,0.0
42121,0.0
42122,0.0
42123,0.0
42124,0.0
42125,0.0
42126,0.0
42127,0.0
42128,0.0
42129,0.0
42130,0.0
42131,0.0
42132,0.0
42133,0.0
42134,0.0
42135,0.0
42136,0.0
42137,0.0
42138,0.0
42139,0.0
42140,0.0
42141,0.0
42142,0.0
42143,0.0
42144,0.0
42145,0.0
42146,0.0
42147,0.0
42148,0.0
42149,0.0
42150,0.0
42151,0.0
42152,1.0
42153,0.0
42154,0.0
42155,1.0
42156,0.0
42157,0.0
42158,1.0
42159,0.0
42160,1.0
42161,1.0
42162,1.0
42163,0.0
42164,1.0
42165,0.0
42166,0.0
42167,0.0
42168,0.0
42169,0.0
42170,0.0
42171,0.0
42172,0.0
42173,0.0
42174,0.0
42175,1.0
42176,0.0
42177,1.0
42178,1.0
42179,0.0
42180,0.0
42181,0.0
42182,0.0
42183,0.0
42184,0.0
42185,0.0
42186,0.0
42187,0.0
42188,0.0
42189,0.0
42190,1.0
42191,1.0
42192,1.0
42193,1.0
42194,0.0
42195,1.0
42196,1.0
42197,1.0
42198,1.0
42199,1.0
42200,1.0
42201,0.0
42202,0.0
42203,0.0
42204,0.0
42205,0.0
42206,0.0
42207,0.0
42208,0.0
42209,0.0
42210,0.0
42211,0.0
42212,0.0
42213,0.0
42214,0.0
42215,0.0
42216,0.0
42217,0.0
42218,1.0
42219,1.0
42220,1.0
42221,1.0
42222,1.0
42223,1.0
42224,1.0
42225,1.0
42226,0.0
42227,1.0
42228,1.0
42229,1.0
42230,1.0
42231,1.0
42232,1.0
42233,1.0
42234,1.0
42235,1.0
42236,0.0
42237,0.0
42238,0.0
42239,0.0
42240,0.0
42241,0.0
42242,0.0
42243,0.0
42244,0.0
42245,0.0
42246,0.0
42247,0.0
42248,0.0
42249,0.0
42250,0.0
42251,0.0
42252,0.0
42253,0.0
42254,0.0
42255,0.0
42256,0.0
42257,0.0
42258,0.0
42259,0.0
42260,0.0
42261,1.0
42262,0.0
42263,1.0
42264,1.0
42265,1.0
42266,0.0
42267,1.0
42268,1.0
42269,1.0
42270,1.0
42271,1.0
42272,1.0
42273,1.0
42274,1.0
42275,1.0
42276,1.0
42277,1.0
42278,0.0
42279,1.0
42280,1.0
42281,1.0
42282,1.0
42283,1.0
42284,1.0
42285,1.0
42286,1.0
42287,1.0
42288,0.0
42289,1.0
42290,0.0
42291,0.0
42292,1.0
42293,1.0
42294,1.0
42295,1.0
42296,0.0
42297,0.0
42298,0.0
42299,0.0
42300,0.0
42301,0.0
42302,0.0
42303,0.0
42304,0.0
42305,0.0
42306,0.0
42307,1.0
42308,1.0
42309,1.0
42310,1.0
42311,1.0
42312,1.0
42313,1.0
42314,1.0
42315,1.0
42316,0.0
42317,0.0
42318,0.0
42319,0.0
42320,0.0
42321,0.0
42322,0.0
42323,0.0
42324,0.0
42325,0.0
42326,0.0
42327,0.0
42328,0.0
42329,0.0
42330,0.0
42331,0.0
42332,0.0
42333,0.0
42334,0.0
42335,0.0
42336,1.0
42337,1.0
42338,1.0
42339,1.0
42340,1.0
42341,1.0
42342,1.0
42343,1.0
42344,1.0
42345,1.0
42346,1.0
42347,0.0
42348,0.0
42349,0.0
42350,0.0
42351,0.0
42352,0.0
42353,0.0
42354,0.0
42355,0.0
42356,0.0
42357,0.0
42358,0.0
42359,0.0
42360,0.0
42361,0.0
42362,0.0
42363,0.0
42364,0.0
42365,0.0
42366,0.0
42367,0.0
42368,0.0
42369,0.0
42370,0.0
42371,0.0
42372,0.0
42373,0.0
42374,0.0
42375,0.0
42376,0.0
42377,0.0
42378,0.0
42379,0.0
42380,0.0
42381,0.0
42382,0.0
42383,0.0
42384,0.0
42385,0.0
42386,0.0
42387,0.0
42388,1.0
42389,1.0
42390,1.0
42391,1.0
42392,1.0
42393,1.0
42394,1.0
42395,0.0
42396,0.0
42397,0.0
42398,1.0
42399,0.0
42400,1.0
42401,0.0
42402,0.0
42403,0.0
42404,0.0
42405,0.0
42406,0.0
42407,0.0
42408,0.0
42409,0.0
42410,0.0
42411,0.0
42412,1.0
42413,1.0
42414,1.0
42415,1.0
42416,1.0
42417,0.0
42418,0.0
42419,0.0
42420,1.0
42421,1.0
42422,1.0
42423,0.0
42424,0.0
42425,0.0
42426,0.0
42427,0.0
42428,0.0
42429,0.0
42430,0.0
42431,0.0
42432,0.0
42433,0.0
42434,0.0
42435,0.0
42436,0.0
42437,0.0
42438,0.0
42439,0.0
42440,0.0
42441,0.0
42442,1.0
42443,1.0
42444,1.0
42445,1.0
42446,1.0
42447,1.0
42448,1.0
42449,0.0
42450,1.0
42451,0.0
42452,0.0
42453,1.0
42454,1.0
42455,1.0
42456,0.0
42457,0.0
42458,0.0
42459,0.0
42460,0.0
42461,0.0
42462,0.0
42463,0.0
42464,0.0
42465,0.0
42466,0.0
42467,0.0
42468,0.0
42469,0.0
42470,0.0
42471,0.0
42472,0.0
42473,0.0
42474,0.0
42475,0.0
42476,0.0
42477,0.0
42478,0.0
42479,0.0
42480,0.0
42481,0.0
42482,0.0
42483,0.0
42484,0.0
42485,0.0
42486,0.0
42487,0.0
42488,0.0
42489,0.0
42490,0.0
42491,0.0
42492,0.0
42493,1.0
42494,1.0
42495,1.0
42496,1.0
42497,1.0
42498,1.0
42499,1.0
42500,1.0
42501,1.0
42502,0.0
42503,1.0
42504,0.0
42505,0.0
42506,1.0
42507,1.0
42508,1.0
42509,1.0
42510,0.0
42511,0.0
42512,0.0
42513,0.0
42514,0.0
42515,0.0
42516,0.0
42517,1.0
42518,0.0
42519,0.0
42520,0.0
42521,0.0
42522,0.0
42523,0.0
42524,0.0
42525,0.0
42526,0.0
42527,0.0
42528,0.0
42529,0.0
42530,0.0
42531,0.0
42532,0.0
42533,0.0
42534,0.0
42535,0.0
42536,0.0
42537,0.0
42538,0.0
42539,1.0
42540,0.0
42541,0.0
42542,0.0
42543,0.0
42544,0.0
42545,0.0
42546,0.0
42547,0.0
42548,0.0
42549,0.0
42550,0.0
42551,0.0
42552,0.0
42553,0.0
42554,0.0
42555,0.0
42556,0.0
42557,0.0
42558,0.0
42559,0.0
42560,0.0
42561,0.0
42562,0.0
42563,0.0
42564,0.0
42565,0.0
42566,0.0
42567,0.0
42568,0.0
42569,0.0
42570,0.0
42571,0.0
42572,0.0
42573,0.0
42574,0.0
42575,0.0
42576,0.0
42577,0.0
42578,0.0
42579,0.0
42580,0.0
42581,0.0
42582,0.0
42583,0.0
42584,1.0
42585,0.0
42586,0.0
42587,0.0
42588,0.0
42589,0.0
42590,0.0
42591,0.0
42592,0.0
42593,0.0
42594,0.0
42595,0.0
42596,0.0
42597,0.0
42598,0.0
42599,0.0
42600,0.0
42601,0.0
42602,0.0
42603,0.0
42604,0.0
42605,0.0
42606,0.0
42607,0.0
42608,0.0
42609,0.0
42610,0.0
42611,0.0
42612,0.0
42613,1.0
42614,0.0
42615,0.0
42616,0.0
42617,1.0
42618,1.0
42619,1.0
42620,1.0
42621,0.0
42622,0.0
42623,0.0
42624,0.0
42625,0.0
42626,0.0
42627,0.0
42628,0.0
42629,0.0
42630,0.0
42631,1.0
42632,1.0
42633,1.0
42634,1.0
42635,1.0
42636,1.0
42637,1.0
42638,0.0
42639,1.0
42640,0.0
42641,0.0
42642,0.0
42643,0.0
42644,0.0
42645,0.0
42646,0.0
42647,0.0
42648,0.0
42649,0.0
42650,0.0
42651,0.0
42652,0.0
42653,0.0
42654,0.0
42655,0.0
42656,0.0
42657,0.0
42658,1.0
42659,1.0
42660,0.0
42661,1.0
42662,1.0
42663,1.0
42664,1.0
42665,1.0
42666,1.0
42667,1.0
42668,1.0
42669,0.0
42670,0.0
42671,0.0
42672,0.0
42673,0.0
42674,0.0
42675,1.0
42676,0.0
42677,0.0
42678,0.0
42679,0.0
42680,0.0
42681,0.0
42682,0.0
42683,0.0
42684,0.0
42685,0.0
42686,0.0
42687,0.0
42688,0.0
42689,0.0
42690,0.0
42691,0.0
42692,0.0
42693,0.0
42694,0.0
42695,0.0
42696,0.0
42697,0.0
42698,0.0
42699,0.0
42700,0.0
42701,0.0
42702,0.0
42703,0.0
42704,0.0
42705,1.0
42706,1.0
42707,1.0
42708,0.0
42709,1.0
42710,1.0
42711,1.0
42712,1.0
42713,1.0
42714,1.0
42715,1.0
42716,0.0
42717,1.0
42718,0.0
42719,1.0
42720,1.0
42721,0.0
42722,0.0
42723,0.0
42724,1.0
42725,0.0
42726,1.0
42727,0.0
42728,0.0
42729,0.0
42730,0.0
42731,1.0
42732,1.0
42733,1.0
42734,1.0
42735,1.0
42736,0.0
42737,1.0
42738,0.0
42739,0.0
42740,0.0
42741,0.0
42742,0.0
42743,0.0
42744,0.0
42745,1.0
42746,0.0
42747,0.0
42748,1.0
42749,0.0
42750,0.0
42751,0.0
42752,0.0
42753,0.0
42754,1.0
42755,1.0
42756,1.0
42757,1.0
42758,1.0
42759,1.0
42760,0.0
42761,1.0
42762,0.0
42763,0.0
42764,0.0
42765,0.0
42766,0.0
42767,0.0
42768,0.0
42769,0.0
42770,0.0
42771,1.0
42772,0.0
42773,0.0
42774,0.0
42775,0.0
42776,0.0
42777,0.0
42778,0.0
42779,1.0
42780,0.0
42781,1.0
42782,0.0
42783,0.0
42784,0.0
42785,0.0
42786,0.0
42787,0.0
42788,0.0
42789,0.0
42790,0.0
42791,1.0
42792,1.0
42793,0.0
42794,1.0
42795,1.0
42796,1.0
42797,1.0
42798,1.0
42799,0.0
42800,0.0
42801,1.0
42802,0.0
42803,0.0
42804,0.0
42805,0.0
42806,0.0
42807,0.0
42808,0.0
42809,0.0
42810,1.0
42811,1.0
42812,0.0
42813,1.0
42814,0.0
42815,1.0
42816,1.0
42817,1.0
42818,1.0
42819,1.0
42820,0.0
42821,1.0
42822,0.0
42823,1.0
42824,0.0
42825,1.0
42826,1.0
42827,1.0
42828,0.0
42829,0.0
42830,0.0
42831,0.0
42832,0.0
42833,1.0
42834,1.0
42835,1.0
42836,1.0
42837,1.0
42838,1.0
42839,1.0
42840,1.0
42841,1.0
42842,0.0
42843,1.0
42844,1.0
42845,0.0
42846,1.0
42847,1.0
42848,1.0
42849,0.0
42850,1.0
42851,1.0
42852,0.0
42853,0.0
42854,0.0
42855,0.0
42856,1.0
42857,1.0
42858,1.0
42859,1.0
42860,1.0
42861,0.0
42862,0.0
42863,0.0
42864,0.0
42865,0.0
42866,0.0
42867,0.0
42868,1.0
42869,1.0
42870,1.0
42871,1.0
42872,1.0
42873,1.0
42874,1.0
42875,1.0
42876,1.0
42877,1.0
42878,1.0
42879,0.0
42880,1.0
42881,1.0
42882,1.0
42883,1.0
42884,1.0
42885,1.0
42886,0.0
42887,1.0
42888,1.0
42889,0.0
42890,0.0
42891,1.0
42892,1.0
42893,0.0
42894,1.0
42895,1.0
42896,0.0
42897,0.0
42898,1.0
42899,1.0
42900,1.0
42901,0.0
42902,0.0
42903,0.0
42904,0.0
42905,0.0
42906,1.0
42907,1.0
42908,1.0
42909,1.0
42910,1.0
42911,1.0
42912,1.0
42913,0.0
42914,0.0
42915,0.0
42916,0.0
42917,0.0
42918,0.0
42919,0.0
42920,1.0
42921,1.0
42922,1.0
42923,1.0
42924,1.0
42925,1.0
42926,1.0
42927,1.0
42928,1.0
42929,1.0
42930,0.0
42931,1.0
42932,0.0
42933,1.0
42934,0.0
42935,0.0
42936,0.0
42937,1.0
42938,0.0
42939,0.0
42940,1.0
42941,1.0
42942,1.0
42943,1.0
42944,0.0
42945,0.0
42946,1.0
42947,0.0
42948,0.0
42949,0.0
42950,0.0
42951,0.0
42952,0.0
42953,0.0
42954,0.0
42955,1.0
42956,1.0
42957,0.0
42958,0.0
42959,0.0
42960,1.0
42961,1.0
42962,1.0
42963,1.0
42964,1.0
42965,1.0
42966,0.0
42967,0.0
42968,0.0
42969,0.0
42970,0.0
42971,1.0
42972,0.0
42973,0.0
42974,0.0
42975,0.0
42976,0.0
42977,0.0
42978,0.0
42979,0.0
42980,0.0
42981,0.0
42982,0.0
42983,1.0
42984,1.0
42985,1.0
42986,0.0
42987,0.0
42988,0.0
42989,0.0
42990,0.0
42991,0.0
42992,0.0
42993,0.0
42994,0.0
42995,0.0
42996,1.0
42997,1.0
42998,1.0
42999,0.0
43000,0.0
43001,0.0
43002,1.0
43003,1.0
43004,1.0
43005,0.0
43006,0.0
43007,0.0
43008,0.0
43009,0.0
43010,0.0
43011,0.0
43012,0.0
43013,0.0
43014,0.0
43015,0.0
43016,1.0
43017,0.0
43018,0.0
43019,0.0
43020,0.0
43021,0.0
43022,0.0
43023,0.0
43024,0.0
43025,0.0
43026,0.0
43027,0.0
43028,0.0
43029,1.0
43030,0.0
43031,1.0
43032,1.0
43033,0.0
43034,1.0
43035,1.0
43036,0.0
43037,1.0
43038,0.0
43039,0.0
43040,1.0
43041,0.0
43042,0.0
43043,0.0
43044,1.0
43045,1.0
43046,1.0
43047,1.0
43048,1.0
43049,0.0
43050,1.0
43051,1.0
43052,1.0
43053,1.0
43054,1.0
43055,1.0
43056,0.0
43057,0.0
43058,1.0
43059,0.0
43060,0.0
43061,0.0
43062,1.0
43063,0.0
43064,1.0
43065,0.0
43066,0.0
43067,0.0
43068,1.0
43069,1.0
43070,1.0
43071,1.0
43072,1.0
43073,1.0
43074,1.0
43075,1.0
43076,1.0
43077,1.0
43078,0.0
43079,1.0
43080,1.0
43081,1.0
43082,1.0
43083,1.0
43084,1.0
43085,1.0
43086,1.0
43087,1.0
43088,1.0
43089,0.0
43090,0.0
43091,1.0
43092,0.0
43093,0.0
43094,0.0
43095,0.0
43096,1.0
43097,1.0
43098,1.0
43099,1.0
43100,1.0
43101,1.0
43102,0.0
43103,1.0
43104,1.0
43105,1.0
43106,1.0
43107,1.0
43108,1.0
43109,0.0
43110,0.0
43111,0.0
43112,1.0
43113,1.0
43114,1.0
43115,1.0
43116,1.0
43117,1.0
43118,1.0
43119,1.0
43120,1.0
43121,1.0
43122,1.0
43123,1.0
43124,1.0
43125,1.0
43126,1.0
43127,1.0
43128,1.0
43129,1.0
43130,1.0
43131,0.0
43132,1.0
43133,1.0
43134,1.0
43135,1.0
43136,1.0
43137,1.0
43138,1.0
43139,1.0
43140,1.0
43141,1.0
43142,1.0
43143,0.0
43144,0.0
43145,1.0
